site,A,C,D,E,F,G,H,I,K,L,M,N,P,Q,R,S,T,V,W,Y
30,0.05100342667227961,0.021018649518564178,0.057346332902893565,0.04975117501392812,0.048027129325605905,0.016545524977558887,0.07849207186353281,0.04367596093707775,0.04155785347958183,0.0591617931518804,0.05077817407316314,0.02537071108935446,0.028495323585537836,0.012783736796001125,0.025782635903607822,0.06796241172245251,0.12836337856221644,0.1362202035739906,0.04044695559038196,0.017216551260391066
31,0.04568381866706301,0.03755460846504524,0.05689434623027773,0.06022196795373139,0.03851316685808298,0.03546631551648483,0.02777849954888766,0.06241926766739552,0.07519886527095959,0.025860765637522043,0.06540830130158158,0.06315321012792094,0.03282439884078341,0.10794955540209122,0.04108395563674362,0.05772293032214934,0.049691794596787305,0.06114329376552798,0.015331816841569965,0.040099121349394626
32,0.032623765192637884,0.033213844569296026,0.04643153977028501,0.10663649106249296,0.03395334378298634,0.04781944295359272,0.0693050155913057,0.0720446969748785,0.056590900649754125,0.03890937076589493,0.029173513276200942,0.05120690793110552,0.026882417456502994,0.04060502481985427,0.04214281907987216,0.03456775180564624,0.07339194197325329,0.05746989185599942,0.07846706752910115,0.028564252959339814
33,0.04191253465676579,0.044986852307898555,0.015528952586155439,0.05076197468654761,0.030761256043911226,0.07805691710129772,0.13266841769294246,0.020456551368805875,0.029992991158571482,0.07560469661229817,0.052667692186526005,0.08200345700627817,0.044231652960319445,0.02621217202715946,0.030688393827573476,0.06677585246607465,0.04889187054423546,0.026825559224024947,0.06498633730767928,0.0359858682349348
34,0.022072645972301026,0.016435130809913767,0.025295708490218546,0.024266925585640156,0.06093749138402381,0.03285394178742181,0.017878758265116583,0.018470552897132293,0.021788442463610246,0.053222271472923285,0.030595359213935112,0.020041285576375308,0.05662420953298054,0.020988079775584555,0.027408557037255313,0.03168463628142923,0.01566303034387484,0.018314948418135687,0.20862683470435314,0.2768311899877748
35,0.23958721476533523,0.01910378737042341,0.029760703397766132,0.01867863482406533,0.010917563570060124,0.012440382287467286,0.015309504612215417,0.036934084383226075,0.04531267719247902,0.007242287985008053,0.04039434712065886,0.039700973823110455,0.014775008581711681,0.01834511358835758,0.008424058697764795,0.03330926043038091,0.10596404107325058,0.20903004399401,0.03002122323071482,0.06474908907199424
36,0.05206186491373277,0.10522076700446575,0.020508544514155496,0.01876779680504473,0.018024582261640228,0.08878459883569957,0.014439610170510476,0.03088867454815032,0.04821070283668412,0.006500909465806233,0.025496126610648907,0.07914033096389168,0.01782072925821466,0.01775657594118557,0.03476587190377254,0.15356186025282476,0.19511089107700846,0.026891475866968922,0.03128506087946114,0.014763025890133697
37,0.14445094084287624,0.030964363146746974,0.07327681498081177,0.02347049911946202,0.02596485416943461,0.02388773112808786,0.02073201177631067,0.03873758355531966,0.02378489846444403,0.05093893416601113,0.03480049039514131,0.02234189703270799,0.035324551692340764,0.02726286583477613,0.02015260421689867,0.021789476021338423,0.012968549845884114,0.3086908751391718,0.03875939984318183,0.021700658629053987
38,0.024791292748115375,0.02859682994719067,0.019614150034007023,0.023513177614294174,0.0924410908062871,0.017249485969166412,0.06279170932531386,0.014188349355962087,0.018512665663200905,0.06967577759449385,0.048393548815525385,0.020740401066007032,0.012106181565612623,0.019626070812065237,0.028649275777104577,0.04643329872914753,0.01731714297239576,0.014532406321804862,0.0734028469543769,0.3474242979279287
39,0.043758834746372655,0.03954987832104979,0.052426232058933715,0.020635738282195466,0.03734894065462079,0.01784080903391035,0.05077338787234985,0.10035932526350741,0.026576762497486566,0.009907356026419057,0.03145217323625776,0.03853089530705768,0.02332961528032717,0.021300570946177322,0.06378386765514432,0.025434125071783716,0.033527578075155315,0.023824355870123055,0.060267324893476346,0.2793722289076517
40,0.029122339009937437,0.02871964551715863,0.02901714208103451,0.038052158968212346,0.02453479726698881,0.4015838052997754,0.028857471858642937,0.02284889519611129,0.02430544421005728,0.030686371521600683,0.03600999550830239,0.027984477136832137,0.020786229486418614,0.02850225668394643,0.12990932138266237,0.015965076284412214,0.017372521876543062,0.020128495815347335,0.022195252718607915,0.023418302177408243
41,0.08638001098100553,0.06921512020979373,0.029448174818910596,0.026656128333649186,0.03574742809191328,0.023881506998846627,0.027458726837383776,0.03881708271751915,0.02451352811455917,0.030619404451199088,0.03530996922733583,0.026422042231062634,0.017003372623898623,0.02637835954939481,0.015194579068448063,0.01693163141052373,0.08685134081447529,0.31850113953401826,0.03205532428506851,0.03261512970099416
42,0.018379976956485848,0.03325375374954752,0.027196692135406778,0.029893045088709987,0.05730373585411214,0.02359603247208397,0.05412287145870093,0.017830525571263748,0.03338272102753773,0.018453339901389317,0.029304320671021337,0.02054295949656572,0.35433779534892373,0.02126618025389032,0.022038697633171875,0.0839827140514724,0.08067621695817298,0.021343859742737455,0.03266346780955243,0.02043109381925382
43,0.024821803491997356,0.01951313503877121,0.016856448298668388,0.032139041880854056,0.03606364112032899,0.013072851365702094,0.02214309482610842,0.07866601674388587,0.1454698111243342,0.018870236218704924,0.03811105398465908,0.05484292895195444,0.015394682840060988,0.04858949707767411,0.009762720380454767,0.08325352259158504,0.03731674295431836,0.21499637278621128,0.02813442375227865,0.06198197457144771
44,0.025375358069922117,0.02254336863261528,0.02846934307169047,0.025068976995381416,0.13521111845540756,0.013191852543940868,0.022518581721150503,0.017667363054845037,0.020011416418825357,0.017953365207449334,0.026821956063916137,0.019707537785789223,0.01683308407209,0.020100393148653056,0.07898957379466189,0.01783076105859319,0.015360097383874994,0.015832665601185805,0.2833727716723291,0.1771404152476787
45,0.027258049827008295,0.07869454077511151,0.02970416891548176,0.07016562771858818,0.028624377698231382,0.048340008544609694,0.05880949365750942,0.09257852541758219,0.06602262339352499,0.060428726122337295,0.029811152704830264,0.04009490582531344,0.008035766088517807,0.032145421831625026,0.10597540950233555,0.07003498458954714,0.07318938433777152,0.027781042609784534,0.030801551277786533,0.02150423916250348
46,0.037225429158234125,0.01424867310011942,0.11125403504464595,0.12260040272191661,0.024089067005777932,0.05933423988995544,0.05244498399651035,0.01405912695098932,0.04467747951890172,0.02321958718614122,0.02789131871061684,0.0572003619800642,0.07919041196148217,0.09750623858652431,0.04509685477070632,0.05203200962600945,0.0705025774176598,0.021581329732820703,0.029613494092475146,0.016232378548448948
47,0.08223314226725052,0.04570454909170423,0.04650035741316132,0.025746590108346828,0.048119921599776905,0.10939413234448257,0.012237496775100382,0.03517603960171155,0.012159493363360405,0.016643469973908438,0.07928975365416707,0.019276177502986342,0.011094575228895592,0.026889112813939242,0.020087717686388736,0.0790718226815583,0.11195862340974798,0.07221089106267808,0.07092966260599344,0.07527647081484207
48,0.047858357074314836,0.008672606514504137,0.04338181504922073,0.038191818503932995,0.13376757510184592,0.039517534935658474,0.02390102176106785,0.08708351191109681,0.04351305405550367,0.04664503744996361,0.10046982309362006,0.02443020684471584,0.03037288284022345,0.03361974818125437,0.03133913433432064,0.07413362187814343,0.0529165796845185,0.07630055793652002,0.03455812516492569,0.029326987684648972
49,0.08360022509763507,0.07425235199300731,0.019705574220277525,0.04269314706660714,0.013902660584913604,0.03669278357050067,0.0723005121709609,0.033348674686375285,0.04561753641828568,0.015513013623638577,0.026661602878399592,0.04456941737657911,0.06267913110476622,0.01790107029926427,0.008439231393537226,0.12344178587231233,0.1296523622392577,0.06520051718878636,0.042364584064481785,0.04146381815041366
50,0.043998627722228546,0.01816417673987673,0.01275035509686448,0.03513413682702521,0.08568526941263131,0.01704504862366708,0.02217729068988463,0.08926698351732612,0.01388958916899278,0.03207750727721387,0.04093876980794121,0.050483732576859924,0.06413506333702963,0.013735641368385974,0.013039059928947662,0.06443727090205863,0.0951761679260536,0.1320998876624297,0.06851831281869428,0.08724710859588865
51,0.02142400662606889,0.0244659796365728,0.01961435180785702,0.023600375553251493,0.07807146852645275,0.016858954269276465,0.02257023561692971,0.10515414938179576,0.026150976050500443,0.26246460491673124,0.05756551702137849,0.02542521220993503,0.01660538446654016,0.02553393726164508,0.01511451843831557,0.03577855433446244,0.034714706060059275,0.11837238662848697,0.028592525278574234,0.041922155915166195
52,0.01712552622232434,0.02983099176358192,0.0211345298004025,0.026583865436791677,0.19483981541697756,0.01768072937759533,0.018524337130855387,0.07969265052796967,0.06417448096146981,0.07830737244374014,0.09309999700484335,0.019342432586961795,0.012599721788660475,0.03750534507214525,0.015473988925530598,0.03298637975998213,0.013088471001493199,0.0464384651275378,0.034815358278159195,0.14675554137297794
53,0.023505029682392098,0.32781543648276473,0.04800268011268472,0.0319287024834118,0.02465546122599859,0.04593957876652278,0.026005091325183905,0.024799082581503505,0.02501195943095022,0.02010987405937739,0.03762657118579688,0.02748966051521118,0.05787209749427753,0.03035213722343123,0.01990566474947152,0.10499641832031346,0.019650019727169926,0.023901328751737734,0.03079121139892982,0.049641994482871
54,0.11686562264668021,0.021643517520772638,0.018799834355702708,0.02251911303628587,0.02089771809697008,0.11035335180995054,0.029270450383600974,0.08564351480750661,0.04768209695957124,0.04548883427087678,0.03349671690302722,0.020447929276207366,0.008639020707612936,0.01697331350834906,0.02834174704485279,0.013785297594366676,0.08988991243480592,0.20806778693641997,0.03807235830025853,0.0231218634061819
55,0.057589011764248355,0.028800950856537236,0.01974921006967746,0.018637810673278795,0.02116970914220493,0.08378928663061876,0.22646819298812498,0.011913741815476334,0.013108178108548137,0.01956222052311878,0.02834418650632671,0.02133791855204057,0.027328184304491014,0.014453427100384653,0.010320594491446896,0.13799798050597886,0.033746813106857454,0.02782496262923858,0.17836642434158456,0.01949119588981698
56,0.053978440105080856,0.015650903800685855,0.06430576696832485,0.03921976061534904,0.028888460857385598,0.06753027954252921,0.04218870064438498,0.026473668686777075,0.10730875587140022,0.06274704455876241,0.08223774546057175,0.07289328054549313,0.03281967428685657,0.056262320466242854,0.023027913596272806,0.06082037031793944,0.02751440959619348,0.07740980296552899,0.031931490221857844,0.026791210892362985
57,0.04169797952385869,0.01629136201712409,0.013015212467943845,0.02764577720422382,0.04056775349137058,0.0793621212298262,0.03363743821712668,0.14268146577423285,0.01487084531460553,0.035375498344905776,0.10174713788610418,0.047788283386913016,0.01243427154316008,0.06238277924569789,0.041220598243300134,0.055025880938077344,0.07586663676644684,0.10634229199997833,0.027504196067732436,0.02454247033737169
58,0.03826685910768349,0.05648739755866063,0.03858110384573016,0.0677458270421295,0.08020121875144584,0.05744112447083216,0.044753724200877545,0.0627630863758614,0.06385778903389158,0.022667732228537983,0.047237044066778894,0.04532478570892559,0.07188276721956618,0.05089382758975302,0.05720995842846267,0.024350496495647342,0.03601438155639909,0.04999790971190261,0.04041282562891675,0.04391014097799753
59,0.044746977642070196,0.009091712595215892,0.012858183847210743,0.004611068738328072,0.10256994688394591,0.07055274827155004,0.07464131678143761,0.05051909316561837,0.007327878649909735,0.050936638558420566,0.06090237056706911,0.04974426661274286,0.03025604744152885,0.15933611134181974,0.004575151192679271,0.06044004441447885,0.06288807191161298,0.09068311627902124,0.020718119473133383,0.03260113563220659
60,0.06125312759192969,0.016071509444205753,0.040141359521613226,0.01997374834169041,0.04196673376579638,0.07321354737185765,0.08485935386106538,0.03492150872658522,0.01251886865017861,0.06045842002465525,0.02035380782991205,0.012515928949087707,0.020936170982427643,0.0530133471349203,0.006798096102543958,0.10955380812861787,0.13133760079356022,0.09057549355658992,0.06218742884319571,0.04735014037956708
61,0.09476544252338924,0.03705349619779491,0.03742041081645976,0.03734816450892774,0.033822250510210795,0.11967361599248363,0.024601192468500968,0.0593762643292092,0.029679490058513468,0.0456519152240857,0.0980392392854825,0.07369832152179391,0.038618619107416555,0.03957854634987029,0.04676415722078911,0.035404557034147834,0.04918077360338803,0.049988437188808785,0.016683445098313023,0.03265166096041452
62,0.0698674812505737,0.038561382595439446,0.017967907016412772,0.02494327676925575,0.041390283755507074,0.0588714695615106,0.023003379070508118,0.06601126711532711,0.10639748808743985,0.06594652485556049,0.016080703264014007,0.042383409921082554,0.04364539506758341,0.06287474818399064,0.06184060972060402,0.06145969349064977,0.04885878082314618,0.02522391868818315,0.042229823116179434,0.08244245764703192
63,0.014408081762136607,0.03091748744549203,0.1156780911667179,0.21093222026829145,0.031102292937774903,0.10117905468734822,0.015927156763954745,0.01752230924774764,0.019787530135084937,0.010362104290967917,0.05503303099063796,0.1418944017594535,0.02375700278352118,0.018950905505037613,0.013917305289541949,0.06360098249398306,0.009849907482770414,0.027648009496936653,0.045604631096012205,0.03192749439658914
64,0.04699672123391798,0.019568117264002313,0.1392111624756026,0.03813498030336182,0.04278116034937127,0.0384327563277494,0.07293683676094508,0.019577181367516766,0.0556672332639945,0.0409457049187887,0.018018026750227817,0.06721948128077504,0.024177741162122714,0.0808824813977721,0.06365034309652055,0.03931727280230399,0.03649363674529423,0.013370385930931518,0.0730191643654621,0.06959961220333949
65,0.08283507317080546,0.025996579591654908,0.027761747468239464,0.018957112621526183,0.037580115610919944,0.0907631903691245,0.05104624284097397,0.0865667630810173,0.03868470510664011,0.013303413676269343,0.03225385843494559,0.07747747154885079,0.013678670828093247,0.06668963996994792,0.0070163700872261335,0.07042343926288952,0.05428143950215937,0.01897795004625791,0.06399083069527386,0.12171538608718446
66,0.051408338896181585,0.02893852318453409,0.10861779038870777,0.03787754405794153,0.07844002843200253,0.04486517460294389,0.04047251817956859,0.04981869838344777,0.023056532558908677,0.06570637494062867,0.020500276340935965,0.0629225637862486,0.01624914702981928,0.015113656984402264,0.041192442094293485,0.04319433513408926,0.083605798223293,0.04981928598076548,0.032445482986447685,0.10575548781483991
67,0.0856853598594125,0.02137667654929472,0.029158011664246038,0.01454828341455653,0.08701385278004027,0.02062028095141878,0.018246636712247518,0.14506630259080283,0.015486090483879703,0.052690040262260054,0.06726681009953514,0.016386882177958962,0.01242571680950949,0.07538167739044868,0.01849822959417778,0.04494772201107545,0.059068597129740254,0.13334207456673547,0.031907448993379994,0.05088330595927986
68,0.0757087303703467,0.032213827154892294,0.026362369913600053,0.04513149115925355,0.03083054717147167,0.03424778224625885,0.021480640384353236,0.16594193248367836,0.021581907299594996,0.024119053690471216,0.05416676511309274,0.024876840248538916,0.011814939225482417,0.11597917046144543,0.015579770138190369,0.01416973835979626,0.01597498816880797,0.12932931852395357,0.11838598380786171,0.022104204078909673
69,0.05614548209635892,0.024624890281578136,0.009785762584817104,0.017555298290322582,0.07615720412820601,0.041732463896788655,0.1216565073241108,0.0482575212210482,0.06129932326780692,0.05620135872618167,0.1078077899226775,0.07620907836977056,0.005231381140495714,0.03943202125342936,0.00975652036232547,0.05937896427520241,0.08657206584632697,0.04862312688605405,0.028561022279386603,0.025012217847112397
70,0.05604357714974821,0.03933342380328157,0.02413699313740644,0.09618962042577656,0.03249702238540182,0.03274238586718435,0.031046432763994436,0.06545972842638483,0.022853013962347946,0.07766181187554835,0.031588100979581944,0.05739288695336903,0.008361251037306646,0.02044823490222404,0.029278609905342895,0.07552177805386193,0.10639535738329353,0.021881863341698355,0.03585938154791821,0.13530852609832889
71,0.05025625971820959,0.04829165118176862,0.05579498746065839,0.02713015717047259,0.03516711278036582,0.0884725932644053,0.06628712365088058,0.03849420926934248,0.03324093203401432,0.01362964334123204,0.022787779570542305,0.0174268233737292,0.010585820431452812,0.024788431702736664,0.08940806059660172,0.0544132123678139,0.04511175310288494,0.10434538713644975,0.06170916358385842,0.11265889826258056
72,0.06050935411931457,0.05079300104680727,0.009490126220173988,0.0494400296231597,0.04975012174827026,0.05120825655908875,0.04883374825003182,0.04402666588003927,0.0494550031519394,0.04393849553451306,0.05092973155820073,0.04455192683786381,0.02406640797380651,0.048137588761775305,0.04490212124444645,0.021344847339312252,0.13194441015487093,0.07962254446186273,0.04868852001201706,0.04836709952250611
73,0.03201968735407415,0.24129237849829205,0.037549683265210465,0.040696335024441664,0.021628027248515064,0.04781037431801956,0.03253815597547749,0.03471907139248842,0.03713661184968476,0.0249456189347759,0.04689681599883887,0.03702436001635029,0.02456438146763246,0.036807975750864086,0.053206834212123424,0.04506199127355025,0.0710274737589136,0.029308885513699444,0.041941229412563466,0.06382410873448459
74,0.06333784105735633,0.02813447227013826,0.06511339111634795,0.04690385901693028,0.044517314536582156,0.06027968980959286,0.020756878010347715,0.0955503648101095,0.017002434858840433,0.03211975962195161,0.03195417138132873,0.01990214788416332,0.13285582730748058,0.02307594155094083,0.024253281929116778,0.01675823137951097,0.052176175084585344,0.11173609623313104,0.045086776302840595,0.06848534583870473
75,0.07595832807503171,0.030357725488244024,0.031350522796851084,0.03132417497949695,0.04912183779223203,0.024174963096024276,0.02446431767057855,0.019616927574514772,0.02362809269495963,0.13935460716806575,0.15787078926823,0.022372995581138325,0.12991573204511328,0.021676977671930338,0.010103154178722517,0.08877272562657222,0.019660800013087613,0.02416550821310195,0.037698076140404484,0.038411743925700514
76,0.061241681649632895,0.043804951211682,0.021652939896330586,0.017292857214227332,0.07383985447291752,0.04886571196666517,0.06370035524832929,0.1422230064851704,0.01572696832951998,0.02401202313584723,0.01530751484197011,0.07453991331521378,0.026301334238479857,0.0610047455131989,0.021729666873707844,0.039584477850218805,0.07191859919370797,0.06408019298942476,0.03410179590077894,0.07907140967297668
77,0.051094577699590915,0.029730663610091256,0.05427172677832562,0.04874278081839871,0.10319825378748569,0.0637965390527432,0.04005453311301252,0.023890553680024323,0.0442736144593963,0.0780192914047764,0.03640934877999209,0.10896562541248381,0.04550275151856994,0.06941558673148633,0.018648232071965684,0.035636476453882335,0.031400530608911695,0.04544621102756434,0.03298327054153511,0.03851943244976373
78,0.016723366956658322,0.048299830999003354,0.028078031746694706,0.043571010282285286,0.03242873582056981,0.023182312560709087,0.06482387614971945,0.026623797838197277,0.07920531841734746,0.06973585419230799,0.04356899530531129,0.07387550208762386,0.042140486990098286,0.040127058982938876,0.01601820824244059,0.06823937864396448,0.1729577611065029,0.03899797865490111,0.04712667103780209,0.024275823984923783
79,0.029949660043974567,0.019034334789554505,0.025898962043991863,0.056099824640842205,0.05492744141047312,0.0591913346219675,0.025078963275100122,0.05917802212537383,0.07729982122014731,0.04607098079854695,0.06788940022489375,0.07280698598974608,0.012413902099838945,0.031894172184302835,0.07189626664813265,0.037486296674770034,0.0555693655080091,0.05844692300551109,0.10570840881715136,0.03315893387767216
80,0.04048242028828203,0.061761769663091076,0.06870956202102506,0.019962343520601406,0.01643062115079342,0.045942042190313136,0.047767703978994824,0.027911626729115263,0.025368959424971995,0.02457348211943109,0.06035397470650995,0.08074327920278937,0.0611562354815159,0.07641856941770975,0.04035896378236595,0.04522495013056771,0.10745406089835527,0.062866584809165,0.04685684849976865,0.03965600198463315
81,0.05894286292645775,0.0786144392175789,0.05370221767931461,0.07137671432624788,0.04772819388893872,0.07620662424779023,0.06223341916248269,0.031493516774969345,0.027872316850406767,0.052365964734080464,0.06276672485581757,0.09937002473500528,0.01946738666784605,0.05060836546742191,0.049412070990691594,0.017387086093819695,0.03317069234090285,0.06544290024005156,0.024993336773161314,0.01684514202701483
82,0.15090601397695536,0.026660885696137414,0.08101745910201956,0.1399549763082692,0.019039987029568203,0.031214393231583447,0.023438196710357254,0.04789400326337234,0.022465878351630497,0.008105800664748992,0.028423682058669485,0.03310916992266734,0.07965527400269148,0.11604295454011132,0.02316157790259993,0.04847809074733691,0.03570954408283492,0.04016516013024905,0.029531469105959045,0.015025483172238263
83,0.0509387256066786,0.06212936338620913,0.0765559354640393,0.05286034006749395,0.032607356049661876,0.04893650011350344,0.04558887754966907,0.046305221906277866,0.011226967586219137,0.032543526530795786,0.062463810548430775,0.028441530624861232,0.014719391958495826,0.08798761906864169,0.03758363765156815,0.06913640841101992,0.05175698976453573,0.06480589281355531,0.03273735534418661,0.09067454955415662
84,0.045748390294026886,0.07363956611677594,0.1435088162731677,0.052443725626325766,0.08817746341656771,0.019758149902319534,0.04495778381339044,0.024067376763270816,0.08729847685867069,0.05208948342103162,0.04071551338389823,0.04085537865439309,0.043140070994158175,0.0688244797326085,0.026155571177119273,0.03312131530370267,0.00807158068545728,0.05989988503316433,0.030588685095843872,0.016938287454107453
85,0.03947070453957004,0.0611289204765688,0.019959344882738435,0.03364535709798742,0.03902786644950355,0.017390033511711207,0.02177038410052538,0.16264859606423213,0.01576574335118551,0.18011315243403248,0.07411156780541371,0.04506326529785665,0.013965566291798829,0.01812222650993034,0.01201632799956534,0.029215878306065035,0.03889146400504526,0.11757695087343417,0.04527419523026445,0.014842454772571243
86,0.05113711932090906,0.047479173525173536,0.0847977394928249,0.07934145663855835,0.04295592196892064,0.021151532835641314,0.03240236490847001,0.014903919151491678,0.051893816130263226,0.015855116584722096,0.02180061957552183,0.03500562283037708,0.15439090933070432,0.05757920053546999,0.03300889617986915,0.12474821041767287,0.04928329748324441,0.015132958895766236,0.023843123803622482,0.04328900039077684
87,0.021794635302627915,0.03979850820227307,0.028921734694689463,0.08903387955468733,0.030129107610004285,0.055057298168548104,0.08618380663538895,0.025679954665903268,0.03868905563488587,0.015601446265793881,0.05500589015442918,0.14598621253586339,0.05438306099014939,0.06633590152896268,0.07508681503409988,0.020831272748651798,0.020004780246885998,0.02111074737961258,0.07651499252325751,0.03385090012328543
88,0.03246036189985626,0.03190411831620895,0.029198878730540136,0.022454552791068366,0.15059448802937545,0.01754307939108174,0.0585688462529472,0.10530377244746256,0.018900966381495122,0.04465353227277857,0.094965653919872,0.05250098009132771,0.017812579896032937,0.020961979702498586,0.03098283751358883,0.02186240617513763,0.020892502312016926,0.15487968625959625,0.029700509047306742,0.04385826856980807
89,0.06715502551343441,0.035946471636377104,0.03260064206367607,0.02679327544726627,0.042661715986546035,0.01923629534886456,0.10126047163073915,0.02944872557040907,0.07534555774983312,0.05870012879643018,0.07606910510319762,0.01064690849402615,0.04570606428366061,0.07230905831019652,0.030638375098343978,0.05954741105748948,0.10533256695841457,0.0391378954166751,0.04277789348465577,0.02868641204976423
90,0.10657260984093611,0.02680495129749371,0.027055404209435033,0.10840531251446006,0.02207739973623548,0.0523315477687598,0.03214672328035082,0.02270974133055015,0.05076971875663056,0.03315836336092369,0.04005497671473647,0.037672476511393126,0.030207364072713426,0.09860893323521364,0.017261935540836312,0.04727994345738572,0.026402100309916687,0.14748418165886898,0.0400755594685743,0.03292075693458595
91,0.066891619388255,0.03405612857134534,0.038452297066845484,0.03543144596866863,0.03997038021886626,0.025373227949065744,0.1066291838389826,0.045018515015521614,0.0296755037383693,0.028341186276535472,0.02342804570063073,0.03816536528313234,0.0670282684243082,0.06180906577561554,0.03994167740440793,0.046922542537774635,0.03891168638772088,0.08685769045747466,0.09670316577447416,0.050393004222005475
92,0.025350232011613995,0.03725943411716993,0.034125781726214464,0.04056015333410193,0.22465143216548988,0.023781285668477887,0.02818705751136083,0.030811940674227687,0.027157655930557044,0.03325266466039022,0.0462560884716819,0.05410593685603454,0.025928431016534248,0.029370825521353713,0.02452251749352506,0.05704001012642146,0.023582440945226928,0.07296234960318577,0.061297561959143605,0.09979620020728892
93,0.060608528568488175,0.08612977545273842,0.059337026743479966,0.04801526805378514,0.02551989974998653,0.020380668335495226,0.04773860103759933,0.01584389405680174,0.030232802997614106,0.018426386563681812,0.033550378109292324,0.09181393366475168,0.012322059575519436,0.05953983379438108,0.03301060494436106,0.13128148136723183,0.011169009071135421,0.054558907727994946,0.051955360743167284,0.10856557944249448
94,0.16759817296210805,0.05568464453273199,0.019844006559035846,0.06511945673354562,0.013073310796082179,0.05615007122925316,0.015599045500337052,0.03972406182597922,0.028577882628950852,0.11549270069496227,0.09342178903684015,0.012606131010114152,0.031733006256593824,0.013974104271434074,0.021472646341891395,0.05374856798562418,0.04441437452628322,0.12117424597161365,0.01676278595857016,0.013828995178048949
95,0.025195527743442733,0.027233750126794375,0.029476864613974113,0.026466192106401595,0.07378212576364308,0.06351217890560701,0.02587477346037841,0.020762614847000167,0.038082940394057574,0.013949850493597201,0.1262329069554676,0.026039081910378237,0.03672280717114701,0.027588469818239737,0.025046622069525862,0.029837596132762562,0.017402629984843154,0.04599195196833447,0.255046836936461,0.06575427859794408
96,0.09241154704889132,0.058947311666892224,0.040115938997100226,0.025708887103887253,0.033641920528709596,0.02868934885460333,0.08764696676342619,0.033800982508108125,0.06278395765451678,0.023445787845891738,0.05429018403026001,0.09673168542526957,0.007695854664447885,0.08037694300133368,0.055909935981066056,0.07151978519866575,0.06542764997144607,0.013779499651280903,0.03516219668137621,0.031913616422827126
97,0.019740865843836365,0.02431203756616397,0.05915121912667293,0.028341710632183596,0.019848397481029838,0.02665933967469685,0.06326331981222237,0.04241000045346303,0.024370419758378104,0.06480929230753645,0.060144597482413784,0.1518827179458852,0.013787610925905538,0.02324703799834804,0.012686318642731122,0.1800838781429394,0.06355856153871528,0.05851141139991199,0.029040584360694524,0.034150678906271645
98,0.0575082097867211,0.061809941248749355,0.029263842286962678,0.047305514970466665,0.07546715575797684,0.03934521366219379,0.08861616735176084,0.030817870465824126,0.031850638085250835,0.026349839646438042,0.03502325146468848,0.04327378585825886,0.053167743707137574,0.08904880608108968,0.05087351429837909,0.04626574641640961,0.10520391905648953,0.025897939580238456,0.05397477505034368,0.008936125224620749
99,0.016638143709374803,0.02163263859482955,0.025907535315228436,0.02641662333272626,0.13837945300972426,0.04604146376247441,0.022382214285759136,0.09062074547180853,0.08401259915389354,0.1269728571363725,0.15077539318057553,0.017568807512182427,0.01629193271801397,0.02874599942484212,0.011234006596976473,0.009143806694331121,0.016142307927523365,0.09605934347211548,0.034908284547956005,0.02012584415329205
100,0.1771024064118141,0.02494792975327103,0.05253073226803273,0.021485708157043627,0.022406067316239273,0.033010123979624946,0.023996453849946205,0.17731918798631127,0.01860548889957166,0.011891326829550328,0.0331824975574556,0.023357279445361076,0.08201251776009046,0.019435347256102447,0.018610633741580413,0.038865780759123406,0.011982667600454347,0.15477337288620407,0.03294799220024961,0.02153648534197337
101,0.03527601378881196,0.028590602617036893,0.02760870797309186,0.0703782181753631,0.08610972558793932,0.015886711467743966,0.09372966299670138,0.03436636501492645,0.025853840529286944,0.04193490290183874,0.04768483486675078,0.06909137658722167,0.01694947872414683,0.07539652856101231,0.04469819413502504,0.0369810777209824,0.07595581458697546,0.08420833619117796,0.07801364733581917,0.01128596023814774
102,0.056442138536554394,0.023001790701014255,0.019266783274053394,0.050220171267206966,0.04479249592497556,0.049337445144273795,0.014110732703434208,0.027298651028752757,0.04132215413585033,0.08184708891003123,0.03313489085639995,0.07868358120126029,0.013789385868912438,0.10643179741070219,0.05041932439739244,0.08896269410009228,0.07607319044289959,0.014097481148745879,0.07203258954825797,0.05873561339919009
103,0.11156794239321471,0.0485250453488616,0.019880327708273957,0.020750166365557335,0.06248585368905078,0.01244829901578271,0.046195371624581615,0.0923291475718517,0.027512248999167942,0.10553045683481573,0.10885250290287957,0.02108084962127679,0.012995889693221165,0.01794702241877413,0.010526111898948233,0.009700963774876264,0.06645430377442635,0.11809011215238702,0.023302521829865405,0.06382486238218697
104,0.049451681992860874,0.014458284405416594,0.02129048919969835,0.06679882912323827,0.03459158319781143,0.014870038777810181,0.09177075767956452,0.09476655363581792,0.016218389857019587,0.09120278610341959,0.12389331520913499,0.08937806958456324,0.0065330146406224355,0.0735363038608931,0.04047933580671309,0.017697215640788244,0.025568964834015166,0.0127948118063454,0.03246142772095608,0.08223814692331091
105,0.04785389262210213,0.018615460290988838,0.08696988136000827,0.04422705698115979,0.06542922633391846,0.06880231935552494,0.028108187011195135,0.07940706421566376,0.016714341097920866,0.055147442435300634,0.07236048991098831,0.03596989900820429,0.0050440376171468765,0.04798387376737384,0.027565392677129187,0.028300993127201135,0.03929581592007825,0.06839327231339748,0.026933877839966487,0.13687747611473136
106,0.037327056152671165,0.033486524566577,0.383470651145609,0.039768332254455356,0.02649744545634472,0.06046162246649697,0.021274368055799825,0.040797973463127676,0.02647183613901504,0.019479767071156378,0.03856872403482742,0.04167373463732954,0.016806980456671207,0.04900437619246757,0.015726492365348295,0.04636078566063732,0.01988478594675844,0.0288778303018856,0.031398536388650394,0.022662177244171078
107,0.07409754237172579,0.05758286977953573,0.015197030645354229,0.013293527752053568,0.034081350781228155,0.008811396758091807,0.012397891261606972,0.12594539869837576,0.02547318748090372,0.06295533780732614,0.0529447322819849,0.02099421226411773,0.006560311013977262,0.05238240574814661,0.03271580930831626,0.062413066964948,0.09506806424529063,0.20678688324438976,0.02895762477262611,0.011341356820000854
108,0.030610678900453762,0.11005696998931686,0.042819247465485724,0.11121012408625222,0.023380771904982656,0.009962973600925061,0.038514310336774285,0.060515726346482376,0.007390752267856078,0.048364623394396226,0.09925512355272509,0.037857335409001436,0.012476018608462711,0.06348619148190318,0.016972458000162727,0.037063323831071165,0.056618598167578235,0.08649689701268709,0.07709446338094933,0.029853412262533793
109,0.025339375448377492,0.030286977859721856,0.052327528434482164,0.07016383942555085,0.053157892269617694,0.051164703940616646,0.08773287152342069,0.04493542544656032,0.007273790575332722,0.018927852529087616,0.046457229861218474,0.09611537515867645,0.005275813422295793,0.12911503084576673,0.019768916660760735,0.08691663420701928,0.041842865098761325,0.04323441625017608,0.024683651259166828,0.06527980978339026
110,0.0157493206029816,0.025703527224591925,0.026567946828117486,0.027866713518658572,0.021756133016416636,0.021967862783460707,0.04640217202208485,0.033963771083321874,0.03440877461666679,0.21362482183549544,0.048633211505893004,0.07772145998307961,0.018974771752162133,0.17744928351879674,0.023057210427409963,0.025017430565125672,0.013574933247732351,0.02245280682306389,0.03292155290606237,0.09218629573887842
111,0.08451830229831322,0.014268264893787495,0.010515430640001253,0.010144511768355166,0.1412607162850537,0.020961045493483287,0.031847172649993045,0.013424509816134413,0.007714305268097773,0.02254230802150918,0.16648952187621072,0.011006452750444009,0.004652211116237706,0.018742478276786483,0.013730441648806728,0.042170434215872535,0.0820998489705632,0.10110497430849749,0.07353326607639353,0.1292738036254591
112,0.08108511701553565,0.021041806421116683,0.16505805728201856,0.06930093888478213,0.0274338819076124,0.10419409343403518,0.03955350803445484,0.02136055719148368,0.021513479072109182,0.04494408915279072,0.042653165896733125,0.030821658867033214,0.011033104401289408,0.0889250770430333,0.01248260168415185,0.043305425493980226,0.10865958395557784,0.017805057491396287,0.03620838945415678,0.012620407316708975
113,0.09596459094253176,0.02801682551251346,0.07381501640688216,0.13654620314174726,0.0503356184410666,0.04148470527606862,0.03427763144779031,0.023054744838019295,0.013440828871544576,0.018272933122433277,0.06822220146000342,0.07312660371962178,0.005705923759792591,0.08405868286718743,0.05070988067248501,0.051282362047368996,0.022243947790917776,0.029002809113630935,0.061826714091787735,0.038611776476607004
114,0.09245486163825023,0.04892357639349633,0.06581701653393063,0.057307318401922124,0.07675079323174243,0.06515759673658558,0.025298932055845526,0.03781693010705915,0.011677016211442199,0.023989167517507317,0.0773580418406003,0.056921963240025214,0.02272020207121691,0.031414822720165984,0.029765376689290426,0.1013380165904417,0.07387953058253194,0.056168145534619254,0.03122253288069826,0.014018159022628492
115,0.040932938171491226,0.030988135400853045,0.028223515430103745,0.04287982019244946,0.023662727816435646,0.01836826856574402,0.02261662644397349,0.08659844926144615,0.022116694438751555,0.29372164674042556,0.029179871811270946,0.021347807144106768,0.04022011794673251,0.07741980558132501,0.030235350422696622,0.052008533901943384,0.031892480152788394,0.01892751953081538,0.03125887080409394,0.0574008202425531
116,0.05754939525418627,0.04338856687644406,0.10924738224819938,0.16274386040376537,0.06320336459900255,0.03998804609818843,0.029811002706132586,0.029424958891926832,0.04188248591861687,0.05561413137059693,0.05552409678937177,0.0281863103712263,0.0035122359882296464,0.07161527334013021,0.049048055725967765,0.030627452764703588,0.026231528366973764,0.017314803687127865,0.022836963031883883,0.06225008556732594
117,0.11628277821564711,0.01627112800990143,0.024557763937476256,0.03732603392449372,0.05618392799323955,0.03876798583263899,0.009087019091508095,0.07023359361266683,0.010331586762310883,0.02599491999248909,0.02647758772578429,0.013120932313012985,0.11051267656274284,0.04572818277185347,0.008915563007347412,0.14338068679371807,0.0608515814920747,0.05746030725936895,0.0214262347957431,0.1070895099059822
118,0.10662803770320398,0.15821389512486164,0.02386308883420398,0.042415349176290223,0.01721592236533966,0.009410908619890357,0.05318420715226595,0.03717423131445981,0.016732325612943535,0.06307280479448982,0.029217854094003688,0.04465197975565971,0.004858997319951849,0.07700649248079926,0.038953626713168224,0.05566341870879679,0.025499023492868544,0.03663865159231204,0.05971875659448653,0.0998804285500044
119,0.03860807927098854,0.06275744235845851,0.06247169445631823,0.034851066730604056,0.07752466301531565,0.01847888702324646,0.035224422686209574,0.07214805616054032,0.050142322501115236,0.04955340022220685,0.028235342444325892,0.03269859679884397,0.007031736116264658,0.04548644324690643,0.05579112201573491,0.045680338606762856,0.057296085573081273,0.14752829163751216,0.028725338114997175,0.0497666710205673
120,0.03935408656611261,0.13832125419679797,0.01333213419621036,0.07241532919068541,0.008603477838731619,0.09315115279329184,0.04001364088204253,0.03802999899926548,0.07236699465840066,0.04260592141814144,0.05004315258155581,0.06897552378776993,0.015023510100050654,0.02969394906523012,0.03450074587843485,0.08719479591042965,0.04634882178428479,0.06611733427098425,0.026892021974206863,0.017016153907373162
121,0.018712418090665,0.024140172012316483,0.026556221178382793,0.026940006350052653,0.05294724482486319,0.01681507620160115,0.019224312602990748,0.08468138575636702,0.02037712157912626,0.2808655858939446,0.03563732426935982,0.019827995165501794,0.031168759095244223,0.03995921513398833,0.015510365565253117,0.031016003362974307,0.012585650611901056,0.18239369166582484,0.03980262649556898,0.020838824144073592
122,0.10945503278893298,0.007714354798443249,0.007126967666379363,0.05920406183986012,0.013959135356290911,0.039298720419906175,0.10617654925982953,0.027114704647627136,0.008319158930139535,0.009691952335257372,0.0505966598088585,0.04260571402570983,0.010841314918858109,0.07326629417493688,0.04932783878291097,0.07502869336465007,0.08597933855629092,0.04821054236055582,0.09664387439393426,0.07943909157062824
123,0.07266304166914411,0.020415116237930443,0.13160095230228575,0.016359240868517005,0.02257797178561153,0.05728112816147768,0.07083349565738933,0.012005141338738624,0.03159004842165315,0.013521236208199793,0.058482404763110916,0.07951274485977591,0.06517071488776838,0.05669929362750942,0.005406691859042854,0.11228256326755255,0.07748016402542099,0.023720892494462277,0.03389636776870887,0.03850078979570047
124,0.01667529182505772,0.0582105525449519,0.020302495123238673,0.02491920600749479,0.049436249795077665,0.016416782290386137,0.0856056595207852,0.13064717689656863,0.025311353623558172,0.24051732272312193,0.029977193367324913,0.036642623344633425,0.02782617804009352,0.023965774999911718,0.032534481492840064,0.009909426338998877,0.041210838216708685,0.06254504350397869,0.03873060571282793,0.028615744632441355
125,0.02279137848822988,0.36885657465731014,0.023158093658130895,0.025599276020480018,0.026902666318731165,0.04525853381758002,0.020824185414113516,0.020730850695503344,0.027152053614607263,0.01650598605256358,0.1191346522247838,0.022788940247102686,0.014761213698425639,0.023216404807956757,0.057940936950797176,0.03787632343842879,0.017583617952400467,0.030705276438191237,0.04717097345734937,0.03104206204731432
126,0.056692069303742626,0.04457333699457174,0.07460405373011139,0.020186757111346987,0.014077394565029664,0.07067701350307487,0.017732929847970712,0.04471483375884562,0.018309714002409078,0.01376262489186167,0.029951762445338863,0.028294607017676384,0.010120308269859128,0.02169891318437316,0.08941557990508311,0.08740025315738997,0.04834979469404606,0.2665875069271953,0.024738004514177618,0.018112542175896064
