site,A,C,D,E,F,G,H,I,K,L,M,N,P,Q,R,S,T,V,W,Y
30,0.04064157720179562,0.028477490334570955,0.06080759160366667,0.054464553134129075,0.06108766360249724,0.08073495808803391,0.030721944266231167,0.025731993554583856,0.08227022621781263,0.059308110427358646,0.03723562757087521,0.023328511341809202,0.01859339523329369,0.07001540983593407,0.03379967623194822,0.04552425958535846,0.12652024817862018,0.0575957621469011,0.02415649548822059,0.03898450595635948
31,0.11100168622037508,0.10923196996677982,0.027933942565036687,0.05544699851945541,0.025801487601123982,0.03954352555352848,0.04013449472920879,0.0350846023262793,0.10102473299917065,0.0400569874268709,0.008408696621263671,0.06594047681118902,0.07513521514504709,0.02532593374247053,0.048798605477784716,0.04503864547543696,0.058429221577039184,0.0022561322175822765,0.010687667096444567,0.07471897792791282
32,0.01623987902072472,0.0043760037410414685,0.007550615078985303,0.038100000013798915,0.0758006357520901,0.09828934636600402,0.0745610932748175,0.013798023301815808,0.07667132147572638,0.07219984235236233,0.008952743885744999,0.06757887527714657,0.04080761689406623,0.09907901882629486,0.06121965743748725,0.10226547099985428,0.07146642787167437,0.016520575717737917,0.01064882662555965,0.04387402608706738
33,0.003898642802953814,0.012060514970744856,0.007420608072620071,0.024629490805473726,0.07087001027579903,0.027615844756898208,0.1024067984002226,0.06249169086038202,0.06592252908840723,0.06769314152039439,0.10605031711530459,0.022550816987339906,0.014795053680023616,0.07422968249684797,0.03447510359783074,0.05231082944488744,0.046890254564209505,0.05978615145906665,0.056049351994436745,0.08785316710615693
34,0.011680791399118906,0.008899507053790518,0.01706015005829803,0.015692042126737298,0.24923965950230437,0.015296575904876096,0.07073391694283516,0.009727547023092012,0.013130857047352368,0.022205326074496316,0.019104975829089377,0.01305027581774881,0.009533649140847485,0.012963469807162363,0.010971546093248262,0.029544902694517414,0.008009978726651212,0.011171194419613993,0.2171898325237597,0.2347938018144603
35,0.06673507512995422,0.15178583398668302,0.062207625018894624,0.009660967703449996,0.011208095830146746,0.007665720490951929,0.00815214252221278,0.05276619713978116,0.009441555152936853,0.007798180025611093,0.01838792754339344,0.00851798958515728,0.005270272196919744,0.01290766018143517,0.012754736550153904,0.009515091672323235,0.24442955413187692,0.2545963430970707,0.02757651415542839,0.018622517885618767
36,0.08836683250122578,0.026036533239777372,0.018817159051831494,0.019939733917775378,0.019720988012655864,0.01349272604570028,0.09349495032206788,0.05437745038541942,0.01584525017191471,0.03689840895144676,0.030453228315548007,0.022225797008910406,0.028366050322988133,0.01718989245596163,0.00920726269267559,0.045058135136409536,0.3973769150133891,0.015732618540633247,0.03136499806186483,0.016035069851804497
37,0.10869782572508793,0.019742662657684297,0.01246470481799933,0.09276792088199712,0.009348494631747263,0.013137288837401201,0.01087115031817547,0.20602808906280862,0.01217354180171271,0.027555897084995114,0.020880117854726838,0.01111143965386995,0.005685953070988049,0.08481505206038008,0.0075493448039633815,0.004930514624067416,0.06622208506109899,0.24022372774874512,0.031237032007585937,0.014557157294965194
38,0.015329252309810224,0.0690129457902308,0.006255721778420458,0.010908340092081142,0.29925214330211136,0.004694573338602138,0.00955930965399105,0.026704157815613663,0.007144696274388556,0.07890471191492966,0.01613624610640514,0.004881708028163695,0.004751606820924794,0.0066979025237332195,0.03169936830968415,0.0089873785934595,0.026975318901883975,0.004998205953918814,0.1875715999992793,0.17953481249236833
39,0.012072972815758268,0.05118455107815215,0.013359261648112632,0.015779252262024028,0.08131478734436166,0.010990730751670433,0.17904936812529965,0.012043907433826375,0.02038891547174632,0.005725831848051289,0.02343939331554302,0.051495829666407485,0.008298015223384875,0.09042379179344111,0.014076525595620075,0.007828666156006418,0.03359971150621558,0.008005839322285383,0.03605193049539813,0.32487071814669505
40,0.14077057235784166,0.018816735715440756,0.019134545664970217,0.040821409750044356,0.015893590174873014,0.372261068390228,0.018433471325910902,0.013676267253640696,0.016712666431919543,0.04042827745373977,0.02621737787241591,0.022624354842644533,0.01120670585451451,0.01786121562322805,0.03095540735828314,0.12336485139893007,0.012081998922922976,0.019249791667176004,0.018831819081018823,0.020657872860257085
41,0.19531533647933336,0.018345073925989407,0.023990221876353444,0.015598981324659244,0.026192387082356623,0.005582494017249637,0.015231354874194792,0.24161291775373533,0.011822667358138384,0.014942134094135594,0.07961343122593167,0.012124202558524293,0.006492644010188566,0.011987745626257935,0.006294860767979276,0.00652669547677265,0.009668741382491852,0.2515153924998931,0.025690790698470904,0.02145192696734398
42,0.02850752057238172,0.15463956897015124,0.016235073615785536,0.021514766002332163,0.013015204994753008,0.013296524436010667,0.08351943276571938,0.007434907094932746,0.012867722370698005,0.04611639600255756,0.02143742114580575,0.01209359129496526,0.34144292670916576,0.08435951826834258,0.05365222085462296,0.029208610949559233,0.011652969236393994,0.012912193203152055,0.022621153201411084,0.01347227831125929
43,0.024150047246747953,0.035594210162727166,0.0072681284339819055,0.010830256658634551,0.009504638298867156,0.004104665011940714,0.022114852013818364,0.35295977643857507,0.005698773920382936,0.12936801493003508,0.019823817601690524,0.07596543770811731,0.004332833511096486,0.022951574844942167,0.03274490620846172,0.06803158237026188,0.01433623164028791,0.13841882386757307,0.013751184348822817,0.008050244783035215
44,0.014704585212563546,0.005606668909474005,0.01575608759374001,0.012800279425956318,0.06773540749887957,0.004971581838741909,0.01161251524546569,0.007530795015987154,0.010112015077110598,0.003943630115407343,0.012982174634097569,0.08079913312095698,0.07109765811216172,0.02818440587139109,0.1620066131201968,0.013563818644655976,0.006671323944279895,0.009508283025153393,0.2328601082673127,0.22755291532646774
45,0.02259335522068679,0.016138891158554648,0.04499803415136995,0.04469122784872308,0.05594299909297669,0.03313491150948248,0.07022126937366753,0.003782008787335843,0.06376220166824234,0.02981353442405229,0.128389511402195,0.05038140167974262,0.004436559825318994,0.003782341287315762,0.07572810051147899,0.013857154212995368,0.0610895327371572,0.004412265839621406,0.015114856446654466,0.2577298428224285
46,0.038773297956130506,0.004068564957966613,0.0590157555516466,0.07612324582835751,0.028855548188841635,0.08216245573844605,0.012473616432616737,0.02646198196876403,0.10497602474329201,0.008410265343445343,0.010971535495691225,0.1384563575965321,0.07242428630090603,0.11209672074330615,0.032793355429549476,0.031140162276303757,0.06657886808310888,0.012347498323227344,0.027305485039903904,0.054564974001964105
47,0.07705749982849974,0.024595010089225117,0.007624385216188887,0.0030568554803193488,0.007407480454456098,0.12072724594831738,0.04591581291029811,0.06349747185467745,0.08197834348111707,0.022213257085683637,0.10055947152825484,0.006236342790253293,0.002134548261186638,0.04190062212371799,0.02828477633428788,0.015891790243470826,0.10984546083521005,0.07917219686342374,0.11839366194633517,0.04350776672507674
48,0.04077018093173375,0.06545691765008267,0.05878963816275365,0.0336369400744931,0.12792258855587849,0.036562616496283555,0.028211483469516577,0.03808715461572175,0.013622942140835039,0.050071038661249824,0.0266663198992511,0.09006143293386877,0.039272131965348504,0.033156931391087344,0.06494822311836224,0.05163203376757225,0.056187942334070234,0.08956139725995259,0.013358452157363391,0.042023634414575156
49,0.1419948525165628,0.014472063546274458,0.016198444023573812,0.01706396126475052,0.012137876676028695,0.008739172628072061,0.06097233061391077,0.04838522211492458,0.011229871236962237,0.03183039156212005,0.028773745326243067,0.006602864028169741,0.09289504513876018,0.018803964079515123,0.007394550809183045,0.219236137752278,0.2184354442811197,0.007814916219824147,0.02432561320658496,0.012693532975142129
50,0.04925653025925815,0.15818877555826294,0.0982886370548262,0.058880994406308534,0.012687469314637356,0.0638024716525347,0.01949442000310176,0.011122502702131004,0.00846792088763466,0.013763717150409607,0.01858190975138291,0.008196009114126985,0.09594817105259613,0.010019322437975977,0.05617508580082256,0.08171134958912554,0.11843733198356358,0.06478764899511538,0.019258749055135364,0.032930983231050655
51,0.009631464117226202,0.013246065931788857,0.01594432674975641,0.014752721277334452,0.08156688318052954,0.012976309797412693,0.015871051249918593,0.09386981005293012,0.08023682002142084,0.28483872762680496,0.027864948416300415,0.016277394949327874,0.07560689795336677,0.08456361104959707,0.00719727349243139,0.009829819662440155,0.007907940696172552,0.10408733386936164,0.026996031476354532,0.016734568429524962
52,0.11225409143045115,0.021434323048222705,0.014938435520053172,0.015550394167202074,0.22865056325260252,0.012754085601170303,0.1255975681853658,0.018854048797649205,0.013911106307289174,0.012773723180933028,0.02787629165165261,0.011477851421723742,0.1067478637629782,0.015515573427725792,0.01007285180316419,0.04755781677383347,0.00845962070850727,0.009375921882838655,0.022995287339915772,0.16320258173672114
53,0.02205870437253256,0.5282867761948798,0.02450144366476992,0.028856755501766692,0.018312250804281543,0.016809980879194008,0.021023658996199807,0.027352929069137593,0.022637073549129683,0.016800450887554597,0.035989432043197996,0.021142206922227236,0.017904085630648242,0.03010390171536792,0.031195229762821162,0.020124519355754444,0.018043265206621063,0.019429339948387414,0.04139896606295168,0.0380290294325766
54,0.13133624649795933,0.08491809443198302,0.08603517906181243,0.005519537752588372,0.010366195139218293,0.0074386228224435046,0.038483638851183534,0.011733434193150864,0.008571701867464905,0.007190036451465485,0.036058202324834296,0.018307067977478556,0.01888805350892045,0.00901118630177092,0.007197837706182575,0.12330472699846334,0.1562270590861988,0.19074316860323193,0.03209868505412032,0.016571325369529016
55,0.2730070218393974,0.018551061623382166,0.016354881677015036,0.016871938887019867,0.015171162485339994,0.037304411983971775,0.012108899331130477,0.009102194762894271,0.010062628868396529,0.010709726158030756,0.09257339961277879,0.009530005754189884,0.012972546225877034,0.007253416238553034,0.004733362524527701,0.19154559735803772,0.1964306864787196,0.007177718064083754,0.03850083411464299,0.020038506012011233
56,0.009988793947303372,0.021137489104140594,0.20130678615446304,0.019064115687760962,0.014293250625813613,0.013026205172819712,0.05578797278522597,0.0093206930972676,0.019505106725869723,0.04316644848749496,0.1162169168631593,0.03457156420417646,0.007082338731830649,0.019105652137699557,0.044463126263950985,0.03970114672427821,0.22760948352059812,0.0640693339285071,0.03208205187505942,0.008501523962580583
57,0.11216103822038595,0.01468319325432808,0.0181890565438536,0.009436390863547365,0.012299391892905027,0.01042012032201798,0.025928144618806142,0.16400041541629504,0.017988061396814213,0.043540651023100486,0.03284557576894658,0.014467224663406528,0.033491398772367245,0.01485232139690687,0.006759955773049174,0.00836419789414539,0.2319043981687398,0.18566689540257056,0.03199654774954928,0.01100502085826464
58,0.022936403333703198,0.05209791725905121,0.03756997254861522,0.048192530323410095,0.0280251360444663,0.044348009843078504,0.047758289281315966,0.04716400903811769,0.007672205229766555,0.014326587316232257,0.05279187792621842,0.09116572901658472,0.07459240611519237,0.12400015259274173,0.04804935949977347,0.04120737139305189,0.01228148244518906,0.09058637276706978,0.012254774319697745,0.1029794137067238
59,0.055516814839145355,0.00701656285691911,0.007730161472387699,0.019164498590181177,0.09178667732166698,0.05977497283817579,0.028509545359746903,0.04587474175457327,0.006372488926877236,0.09437748677451344,0.08200944848514757,0.0616806001950945,0.07676992617213074,0.004656450651387751,0.007216612268210072,0.02480697958778901,0.08144003901084755,0.09676866320895786,0.028555781670189902,0.11997154801605811
60,0.015972371214236773,0.0908951230073713,0.014319162732908208,0.010676414098398578,0.013435319197196125,0.04647098101965712,0.12763277356234115,0.10945827275220317,0.008908806113182701,0.08565338493728436,0.014569928758768586,0.009615999723841792,0.01281325464313199,0.08797852564564282,0.006457708941025932,0.025236250197808938,0.07778127890492972,0.01179837664318559,0.13602274431529832,0.09430332359158677
61,0.038555393072606275,0.014100305330162134,0.05886693233119506,0.052264346754910755,0.008505588068872598,0.02200007433597426,0.18304149873783204,0.02709092926961364,0.007668467205666945,0.04287716544215411,0.21876370590799707,0.045551662228096375,0.003407395735990012,0.04374610109604159,0.004236969874222585,0.04573022857066102,0.0944866242284151,0.011389468904017359,0.017351414793579302,0.06036572811199177
62,0.06177897535752225,0.10759265317945992,0.010116447817579342,0.006719444803464633,0.007807389445451652,0.0065797144441289025,0.0754857727993719,0.107487571409409,0.0877613870074943,0.054737272989083166,0.04148035357052506,0.12146193610090265,0.051968100490966514,0.06649387049392931,0.03842881128528187,0.04793161209468657,0.05488306875544125,0.02078858385733028,0.021661086656893046,0.008835947441078422
63,0.015924087533372135,0.0296408114066729,0.01697229173903222,0.4254006051248003,0.03173284688085809,0.024665641361143242,0.01771002907193076,0.014364951898789164,0.027765434578514693,0.01147437314189593,0.03060677875976308,0.022672827411250887,0.009658378526338763,0.038391773859481615,0.016487641361260418,0.09405800699633082,0.08086468752750406,0.027562780267843492,0.04291245396743748,0.021133598585779914
64,0.03552142203411429,0.013765778695993219,0.1474219321523933,0.02794098605889551,0.010621849352502065,0.07504236082279159,0.055801331129571405,0.08567436648847233,0.10683154768759381,0.032181984405450635,0.011979572412230743,0.003118493753829287,0.022851072683458373,0.10316603438914829,0.04368095796408252,0.07825506506837207,0.04469302634367573,0.049683909354535406,0.016841760154354228,0.03492654904853523
65,0.1615849317830639,0.024945866533058882,0.04394839059047735,0.021830744951080713,0.1201307561599434,0.017487609738079182,0.16333107180950546,0.09009341729156624,0.019416221965947243,0.00836309708891987,0.025367596133310265,0.012368782322693476,0.011097115696435959,0.035780856708327376,0.01787321835688342,0.009983571799214521,0.00886859693437357,0.019785507066791847,0.02559567426111302,0.16214697280921433
66,0.08275117933481195,0.030961452445724114,0.044889232319848246,0.02201300222309124,0.022672281360236458,0.017957868623457746,0.022835789502644158,0.1925456837400127,0.015404380550404122,0.016917751956355045,0.0318456175452867,0.22488079243228548,0.019055008024695595,0.08540653026062599,0.048052960152234196,0.039088046670747376,0.011155980145064328,0.01687906971529957,0.035399967378957425,0.019287405618217554
67,0.025866703500883118,0.01552552733937734,0.031926308857088845,0.01102981140357256,0.005926369741706996,0.01138411574364732,0.01550708596494181,0.03142336668484933,0.23349259954634044,0.0631938224771263,0.01637475078732615,0.0078042771647831915,0.009295366979728024,0.01543345399976671,0.04444473416401441,0.006843480198080154,0.12602524646899502,0.20787775528784924,0.044097559386337734,0.07652766430358533
68,0.011377741984344183,0.028585083962662333,0.02346953851794191,0.021333474054840835,0.027122771225795605,0.018333761447019543,0.025861754018531087,0.023506990627602305,0.022656337148933944,0.03610923687821208,0.038802232547007036,0.023763091410436074,0.012423829213416261,0.11155366673736344,0.015097497944889005,0.012899364920526573,0.014471979356139055,0.022750419034279518,0.32447690719414746,0.18540432177591173
69,0.23670639773710772,0.03850043533028304,0.020416274375095377,0.08461717275105375,0.025268581415642297,0.018844989802100167,0.0240130595405802,0.09326435431176856,0.017491922559986314,0.11840967989029173,0.03694613630967958,0.024893754830861745,0.006508067024488281,0.01694650671678144,0.011899013684618726,0.09729673496507041,0.052418585571195775,0.022654293957122155,0.02638058614585751,0.026523453080415187
70,0.08712885417011787,0.03654548799929114,0.013830381445970255,0.013378659730695483,0.036360747549972726,0.010178998321830997,0.02017718831501465,0.0632339293066352,0.02291794908615821,0.06542810408430942,0.03646682506823678,0.10202712336446959,0.006915357287653112,0.01067626316591007,0.13771619061153328,0.053046121929463314,0.13375173158704357,0.012707150494291965,0.02023326043568673,0.11727967604571565
71,0.07824167979197691,0.14090856473987792,0.02770027862144953,0.013994594535454527,0.02842494889207966,0.060780856205370916,0.047704425411629926,0.02660964040973581,0.04634963512495135,0.0021066186058050335,0.01654829488142849,0.09020750245029949,0.0075277672950200495,0.030247084339910326,0.09833881535563108,0.04258888414431047,0.02113484415661273,0.010904171945219625,0.12460424265743063,0.0850771504358056
72,0.0654823622683971,0.04817395100913202,0.0023931240314166427,0.05131194553851484,0.04570171592549248,0.09542327389208546,0.05669756899243782,0.04520674323982293,0.050864506331566556,0.038809794295626816,0.04574397306290058,0.04634615299042074,0.006187028872300611,0.04731747908373704,0.045762938115277214,0.04472464388528681,0.08888468996069146,0.07280112147926415,0.047071643845043004,0.055095343180585704
73,0.027715056794984833,0.25081300303093584,0.030071405759338064,0.03350771864165193,0.008762392834674412,0.11510239094113699,0.025165387692629115,0.03234310701131693,0.03373901072143293,0.013510686867118246,0.04347550074846836,0.033218584460550676,0.011740047900634827,0.03236643492997493,0.057888306731033845,0.032195962795068644,0.019579859940055126,0.022670416961108688,0.052464104056065664,0.12367062118181986
74,0.12114257183076156,0.012044700643714651,0.06360297204898187,0.04656483570930054,0.005682265521693988,0.156708677223958,0.0048228106196693404,0.12024469542498148,0.05613613491566389,0.05311714705598215,0.022372771596988035,0.005773690145589252,0.030205862895353795,0.01032443943547575,0.05528154547267177,0.0030162262324604228,0.05780496727451063,0.07320607506717423,0.042785459704479896,0.059162151180588714
75,0.06568100231840066,0.02168072042170909,0.01957005352903007,0.02921174576514147,0.023206453065336096,0.017659798137372045,0.020341805984775172,0.05530325577912942,0.017873523049353218,0.104546209905092,0.17259197767702797,0.014710967825256873,0.20157845627428522,0.008956890249103426,0.051257335661294715,0.0741691110247486,0.006767442963517641,0.0170493798571749,0.04037371613826507,0.037470154373986306
76,0.023222226854643004,0.08783000829878349,0.005268881699028399,0.02870374130848496,0.008496462310435713,0.005319157858416537,0.09317568497943532,0.013766538661090818,0.016560466321024033,0.03281511856836195,0.07497054894760961,0.062201920632656935,0.03169726372568408,0.018825703982636374,0.04229129157284658,0.054913220942730274,0.08683104387010732,0.13926821071309667,0.13270765113247837,0.041134857620449564
77,0.08327647453817208,0.01629037251272756,0.06984018462797205,0.02871234735411985,0.030127259408185836,0.07947023946471173,0.04916582248891732,0.11501393679773846,0.010029310838383132,0.16748577957480512,0.03836229536310629,0.023676924709231578,0.005442223455298807,0.020091972372675536,0.0192301725005086,0.06500648180597586,0.02568850569468615,0.008164334952330397,0.1089039519696878,0.03602140957076584
78,0.04846623862754663,0.02590099654886975,0.015826061786173923,0.04707806899008247,0.027840949771724643,0.06364734959356423,0.02481655530425752,0.020848975241466727,0.02454111985572119,0.01179537841031809,0.049332606235062644,0.06962836624938436,0.0993897878287424,0.048757547152856635,0.014603642888346789,0.1984246054650114,0.04781596883437399,0.09622528456709992,0.04073473340710818,0.024325763242288547
79,0.11250261855931076,0.004937346501865649,0.05990835322608606,0.09397612572116561,0.014074110964910505,0.02571819007421333,0.008444067418550574,0.06485787663748416,0.03948960340095861,0.040804139208912696,0.03338317636803323,0.033658677390531605,0.008703388832129927,0.0017132302190393037,0.03780360199129371,0.05945258046944513,0.027655298421002124,0.09352103816441902,0.16037158464544027,0.07902499178520775
80,0.17694574636287572,0.021430399341598752,0.013813020926025831,0.01633074738506913,0.08676420942979489,0.011740957618962163,0.07179110200510254,0.15565734955032204,0.011257536670155471,0.021328605025510018,0.016406324217436076,0.009682395984612655,0.1169778149823349,0.08861047693668515,0.029488570171475017,0.030223069012162467,0.018573539635548843,0.023976551407993287,0.06807714917488224,0.010924434161452825
81,0.06874188944522772,0.10871475556763291,0.0044503121557889075,0.025492965784459348,0.10893699876877654,0.03693140699321647,0.056103562600750896,0.010627824113045825,0.029043702894469378,0.06880447702140444,0.08935072901692397,0.05513257652765646,0.004115353899684104,0.037076797298895126,0.09680573269729312,0.05992700200365932,0.03426919739704334,0.0802092243856852,0.005869185404046004,0.01939630602434088
82,0.14171612065518602,0.010257340921593147,0.19080434153832734,0.09500633479258383,0.007268312463310125,0.012821194753163144,0.08210071636749455,0.004974832067678128,0.004341408002382228,0.0028725545542033332,0.017888042237341664,0.07319121247080142,0.05114917773114439,0.03788143519758528,0.0029436422911268767,0.14305832994435522,0.04703217834044927,0.05614978398481296,0.01267635130480171,0.005866690381659375
83,0.005991762534511946,0.0930295500029649,0.0032797735208649607,0.07587362790924164,0.0017181939010504081,0.03353432317048954,0.16454627438542652,0.024930272368275382,0.028988541648422562,0.05235643545042615,0.07792683872128411,0.011561069579199798,0.0019610109057828415,0.08305091068187202,0.12066775544429346,0.13249580913485987,0.03975223667895135,0.004958413108999212,0.006267703839902796,0.03710949701318053
84,0.042756762582615196,0.08517189546198634,0.06321810676110375,0.08448955575915704,0.038068642555504344,0.04654711182424526,0.018605630054458137,0.02712997426322173,0.027634370259523228,0.029841598572830322,0.026214889034784875,0.04281934051235862,0.083447187405906,0.1398304177856519,0.03800307624939613,0.04276205236609425,0.007333031375649779,0.06104046440907392,0.04373540523587948,0.05135048753055977
85,0.02874383796451275,0.05672422171272144,0.006670523124233276,0.03438459799498731,0.0406417639302237,0.00611646498003773,0.035550777921226566,0.08136328295555689,0.0037969846665149363,0.08396261274680347,0.18147142210833977,0.14562648255853575,0.0037696742260406525,0.10334849315770661,0.0030783721414496673,0.020891434153617865,0.04583624932229786,0.07847146750680757,0.035891313644379835,0.003660023184006333
86,0.05096011345856949,0.04390494727226672,0.058434470925526054,0.04237018699066635,0.07682652131142102,0.020976723320556265,0.1416720876387661,0.025704222483420518,0.04715929855677475,0.04825053434636172,0.009029309270077716,0.013275209237899904,0.07145121773396249,0.0044953916376792,0.06361977596617498,0.07478458618748164,0.010905156720674996,0.015016116464210489,0.1270617803502116,0.054102350127298
87,0.061710477555441526,0.04742882343488946,0.05532257653200495,0.03213859069126026,0.08282105000096794,0.06548930912958043,0.08623229465984583,0.002937938071884578,0.01561947942677821,0.03341125505390679,0.10227231488417708,0.00868135419425235,0.0032352092987110517,0.04994240935611843,0.07829019902856417,0.05507791672379933,0.053072283630490054,0.002712326066855832,0.09759948836906236,0.0660047038914094
88,0.12485608416890787,0.02947437945664319,0.011339220324386426,0.046490950219110844,0.02772469182919234,0.008146303056223292,0.010971404904580763,0.0109824176306983,0.01006406903971139,0.05722115201177013,0.12636464415722204,0.013850214587052963,0.008513054344355156,0.2009971849554048,0.006957407233051393,0.0048741917291157105,0.10519898451605393,0.11821158349493603,0.014936610615852707,0.0628254517257307
89,0.07859902877312666,0.007700782799970088,0.01008819838628305,0.056300740481801344,0.09685491288470237,0.0407689280281735,0.14717119548017507,0.14316641252083684,0.03422456834244153,0.01862837854693514,0.02182476182800921,0.053711616359335995,0.0008520337012997705,0.04621083771212449,0.12002911613492934,0.005105630882446757,0.01063218756543767,0.04530215654038252,0.005587264620250189,0.05724124841133846
90,0.07909266649117598,0.03589399481199587,0.08016561883450257,0.04099951448784065,0.007517792983255666,0.04829543173697165,0.010050922984597354,0.008373750110597555,0.007811105646109891,0.041805230289810986,0.15592661969731889,0.12423129523943581,0.013572275563655858,0.006670568282725945,0.003598769288656309,0.0590793968796634,0.1836941499346217,0.04937587576764134,0.028620600080587286,0.01522442088883529
91,0.2646327308553964,0.04235685816270513,0.07674504460276262,0.0694916371131613,0.026726195879792976,0.053578559856141496,0.025718897391650678,0.0848088828929589,0.014372461769458656,0.012666791601518167,0.025046073936323777,0.02686258393262177,0.015605927566177073,0.04532145725491575,0.005747128764172466,0.06709396564723237,0.0160557017238097,0.07449342667711838,0.021513022594642394,0.031162651777439994
92,0.02193487394213191,0.026714861811242975,0.02435736028868621,0.04444666043285614,0.3959658787261939,0.024531750942256774,0.03377017610162726,0.027863738037617974,0.029200291245447544,0.04248379906271703,0.04237937712486693,0.0328048264547854,0.0274255872137603,0.02882716748421394,0.01692277713276378,0.08040621333311383,0.019379757021986653,0.024090745879158014,0.028839228841490087,0.027654928923083365
93,0.04166409747066497,0.20559025331476377,0.10840302433343675,0.06196072439600769,0.05591352255611089,0.0338157704115711,0.007792670314480944,0.006186394493492967,0.004956334427540875,0.0026061884250981235,0.026043572735426675,0.08376658859138855,0.0038659700638169875,0.006332972972248184,0.046604418625652434,0.10964723860323938,0.08310690138736093,0.005955608798964597,0.019256691190858394,0.0865310568878758
94,0.1459616481550637,0.0664858128120024,0.012998330887010584,0.06706372844142411,0.0058275981456362164,0.16417356076850834,0.007751668030695745,0.11312939384225222,0.006619551841639246,0.03186927745677739,0.0864276626830941,0.0051834719614272185,0.02375594424763363,0.009378524694037384,0.0023486618157020182,0.04483849255292239,0.05765171479365497,0.13715327091575083,0.006078379277673067,0.005303306677094461
95,0.11023492533509734,0.01636720294139698,0.019018210676524667,0.013110999245126383,0.16904252732339464,0.09426676590997195,0.09662987782711725,0.0072692924406927446,0.07627369491168508,0.008089496057518887,0.023935377567377878,0.013823441624823397,0.008484840590770721,0.016807861225135202,0.015740843760297194,0.00426584256432158,0.008486809647763686,0.007603645272788323,0.18292938323062066,0.10761896184757541
96,0.05113300122508763,0.055277727685429656,0.10260915946436541,0.10925008979750236,0.045696402525486124,0.003070582350197128,0.04887953678672956,0.007668046605280348,0.0438603214425924,0.04694935210175834,0.009423206854980801,0.0036528771986353904,0.0020899685170943164,0.21867284941385715,0.08579444132709672,0.07724645816986982,0.0319695775766306,0.003048988093200891,0.023708949642618715,0.029998463221586634
97,0.012856305300223261,0.039412672785104755,0.056858352983210736,0.01620710058600586,0.020352210447602118,0.03221392527282377,0.09023224142847687,0.21098967909700758,0.009123215977308058,0.07156629553809417,0.06205811560820367,0.10594057550913112,0.006921840495149684,0.013683720764268494,0.005153069251008873,0.1245188733306373,0.08442976785533994,0.007844156218496377,0.019390599266494904,0.010247282285412437
98,0.06944997195587516,0.008757027595599914,0.05415862942572608,0.02486901365965615,0.07069704195521646,0.04954930090675417,0.08557180153463115,0.01685333347778449,0.05724182580474163,0.03799075305966935,0.017221410208025652,0.0532412843846408,0.0334127276406248,0.06556541725759743,0.06659498965628813,0.0892055395055186,0.09428054142799876,0.02428182502196552,0.03486928554705936,0.04618827997462638
99,0.06536079063044596,0.017830831200797162,0.016171589867233604,0.02127659447893464,0.16443590587293325,0.009014630946865295,0.014126043477544805,0.12507497710370002,0.009912815702394207,0.1946130522543247,0.18113619120734012,0.012553489809143795,0.009843806879231884,0.0191679661854746,0.043550307884881574,0.006237841601239859,0.016641996710242277,0.025348215947630065,0.029323844213135237,0.01837910802650689
100,0.10556402313464004,0.12856443393503472,0.007729522918243741,0.012731625408953264,0.009096756291468337,0.10378783097740443,0.011547661207764225,0.17922923487740822,0.009062781832928865,0.05871362185595205,0.08421431676218319,0.0438972161468167,0.04552946407512699,0.009821792016858935,0.0039331361717468245,0.007365147253674391,0.038956380443691256,0.11076670694298998,0.019812053405648428,0.00967629434146537
101,0.024509159472494206,0.008503826438740088,0.0516202420039956,0.05752099959119178,0.011210115401215909,0.06318542045533897,0.004419292448168482,0.08021118434952373,0.00679852292395492,0.049953740662238545,0.010910576701022209,0.05474952283260757,0.018997662462910077,0.09660159281648198,0.05239750031730213,0.05336205918947675,0.04786356703120368,0.08028209281016825,0.12441035580450116,0.10249256628746398
102,0.09774740915970744,0.015696131672848623,0.22983226898742304,0.03981099670322926,0.01723131293500166,0.028425126608600318,0.025717587401893928,0.011336419259780264,0.02206192181069391,0.00774791475349099,0.027118136931488162,0.07568510812528195,0.018634962482341446,0.14602118318489907,0.03547802479998333,0.07228547152034157,0.0671280066573662,0.03844610452014614,0.014473397915192343,0.009122514570290294
103,0.012133285598285687,0.023033736502916617,0.019974145042842492,0.020557316047640394,0.021356658502696316,0.012947351515821862,0.02022423213517306,0.053196886416192135,0.06208781715596249,0.18153972447053562,0.24685242617833372,0.03049579124800647,0.013305566219454518,0.020500905528909322,0.007934320018317644,0.0734880765654175,0.0163450750228662,0.11707419030431074,0.022005835141416127,0.02494666038490105
104,0.11955571069303389,0.012372275180639348,0.0106138058820798,0.022479443114497615,0.012280819217223387,0.010501773542918175,0.18595335203047345,0.017948960629971925,0.014429487958650683,0.11642034446214385,0.044706196031493055,0.11275599490330192,0.005816619880337937,0.142766059356795,0.010584502015181609,0.058306585319612636,0.005503097765307534,0.009278091638446676,0.029440448607892706,0.05828643176999877
105,0.04940878835460107,0.006299488118175742,0.11533333228299196,0.011247025109631305,0.12946433796298576,0.03133232576093259,0.019634711260283013,0.08631069167053536,0.06437768842884564,0.010006794070019141,0.12649482283245803,0.00349845055967304,0.0020287863857735722,0.043830868582033784,0.012960148643927904,0.050351966002087634,0.06519206294248847,0.09913607515552403,0.015947914093380776,0.05714372178365115
106,0.0322414838995671,0.015963986282392966,0.2010794615675666,0.08558542896746028,0.010025909130734742,0.1636208453561986,0.014843730715397047,0.007025826367111773,0.010964983180324997,0.026636220390737965,0.02570471497034524,0.06443932995117167,0.005668443097593079,0.014462579146240608,0.032095015790296694,0.11665218758350275,0.14243814103376135,0.005804977042949603,0.020071263477171388,0.0046754720494755105
107,0.05889127626476736,0.01528687919988743,0.015417987873923868,0.014981822685752601,0.03875903676657282,0.01066364985827787,0.008787071231886635,0.3183586036978163,0.009490535294699518,0.035242888724939476,0.01829078970936195,0.016109235205642544,0.07058666277221406,0.013888522216883342,0.05666613698747179,0.021582223560750548,0.04093572149712868,0.19454074478040384,0.03180840375069731,0.009711807920922053
108,0.0041051047582873045,0.07807654841771086,0.006381580474185057,0.06445866668522995,0.01979796424618564,0.022597598208390884,0.05775668007879916,0.10709831683841513,0.06050892375060437,0.019313047565000834,0.01698905066586086,0.013840909842690664,0.003177646390107109,0.24476684192240722,0.025890381502581324,0.017267807355735555,0.11104402347201726,0.10829705427478412,0.013419214252282496,0.005212639298724152
109,0.03290504248052425,0.06615043799252143,0.1152480388734599,0.09269150980416355,0.006736435970248365,0.04127842078884772,0.03273157343693326,0.007925590839784748,0.053755662381862655,0.016330343396763477,0.005853797705663038,0.08592791829950346,0.0024341736184533324,0.06224900005543077,0.01637552408568121,0.06563212149288658,0.0277757908787634,0.016534929782901622,0.17920641202338058,0.07225727609222667
110,0.006885985867003826,0.01599514483643652,0.016527406765582283,0.010745025535625882,0.05298871660838439,0.00847156509063021,0.01021378417834488,0.15339867395754336,0.014115481100546511,0.20070548745288766,0.05781953765909699,0.1795738061764094,0.030018877148960985,0.01574089073700013,0.005732012277828586,0.005687223310874917,0.059045922216657436,0.015283844338494097,0.12690507978807736,0.014145534953614574
111,0.013245488099450909,0.09472465036240077,0.022939784762757248,0.022917608143649324,0.019298578758626433,0.05757454184152673,0.01993824394356434,0.015089460083200359,0.01899003744438038,0.01456164352265412,0.023594099202386174,0.02149537372973709,0.0088853134940914,0.020593226995227275,0.020064966532574034,0.0274200565516331,0.011270474979456154,0.01790970052685171,0.491196768600939,0.05828998242489341
112,0.05882812014671136,0.014368140023634022,0.2160075200023248,0.12080037890413209,0.2920943667839756,0.020942507396393598,0.012472392089941043,0.011537277090406303,0.020439576153886037,0.015823881352030243,0.02796817449953287,0.01758825906122168,0.007930418942456592,0.020646782398770186,0.007571906738312437,0.051548932061765626,0.00685171184328817,0.02829897908400103,0.03856892945043359,0.00971174597678279
113,0.036103104078201276,0.09611615425106608,0.010751242261518024,0.0520593463038107,0.05007019288684951,0.007218964364016839,0.029776200225620518,0.012617929763564888,0.06958116653549375,0.030503899131299205,0.03878165273166801,0.00854227481995673,0.006839568775153992,0.13479551539220289,0.08567421302114243,0.10184091401224714,0.04393890375972485,0.008420715246807922,0.02919940298880423,0.147168639450851
114,0.17998934266598682,0.02026445199752329,0.08850672211841736,0.01079429493783008,0.012094143296783943,0.0512243442568167,0.006987760183302643,0.00574680883266958,0.0055836346609666595,0.005299376730289834,0.21286877028654477,0.024143224565209346,0.003863346878354915,0.008620826776097844,0.021909814328591796,0.1305381566519812,0.06046281835722141,0.006509078619993516,0.13314479029079773,0.011448293564620573
115,0.012348235873796855,0.023549702857414378,0.024852253545757912,0.1787278044825053,0.01915854684575495,0.09056019131392223,0.011562647009422385,0.08737206283683265,0.013265116310298114,0.33785413823061833,0.021948402847669087,0.013689693005358867,0.030519934449499943,0.01099447259777122,0.039545417110218126,0.023822977422255316,0.007795935317883794,0.010128543713693296,0.025918156295089534,0.016385767934237645
116,0.0903703277349006,0.10594809627616826,0.007380830078108768,0.01130283119575267,0.007072822921239299,0.00681017546429965,0.1066873780070147,0.11287329521636884,0.08127056641560083,0.0464749363518781,0.024546991064928476,0.0035569730690270234,0.006898533854019447,0.07452594742301517,0.11188419503598311,0.060001366582505024,0.07884741114281528,0.019777481368207235,0.012341557517192934,0.03142828328097464
117,0.2104156330190389,0.020280909310569792,0.017554010436824537,0.014010315729698766,0.012991484236784248,0.009080571456446114,0.010382461999895308,0.010135669988351014,0.01222106839890645,0.01250284909608526,0.017919272689111043,0.013910939479482846,0.26821135654682315,0.007300271098131154,0.005027093541945166,0.09404260715827545,0.005604802401710794,0.02882257829693991,0.019263485146885466,0.21032261996809465
118,0.00996544483444514,0.428664306109032,0.013425158672581951,0.015198946968108296,0.03595153783101302,0.01262969695031652,0.009677490430428875,0.010211998527229784,0.013021653786712517,0.04919992257452236,0.022511356309959957,0.09787586808877724,0.017640206237317418,0.041616561480854616,0.0830651772196017,0.04065325302080825,0.007939904756746129,0.040745299304288156,0.023372019512094992,0.026634197385161103
119,0.04154772526954234,0.009980286061597307,0.007243996238804007,0.09523856053156426,0.009782408679349897,0.0049994160649695085,0.0683716283690854,0.02120939445533688,0.007789557013741214,0.05559023629163553,0.0691743995495967,0.007078383352809502,0.040864851732682846,0.03048516101866392,0.05326080812681764,0.04860490219409326,0.12235333316858016,0.22629441703378947,0.023644353760083642,0.05648618108725651
120,0.0031871137058215957,0.008447351988005712,0.005175082261377122,0.05257733465599348,0.016716329144324207,0.017488432798638723,0.053843497262938966,0.14015494153455374,0.0840211843545655,0.03767252711821084,0.09866878395607191,0.05241112930960403,0.001345273331783778,0.04639586694655081,0.040843123156959996,0.09080194316716456,0.051450744715857505,0.1890729179586953,0.005838620997770591,0.0038878016351115937
121,0.06824341617102625,0.014146759627636427,0.07542720536533794,0.01691533001260119,0.013035185980750574,0.009230295623275226,0.01306903279357779,0.010516990921909195,0.013237418427113718,0.2795400578467754,0.028972283626305374,0.014214475109711643,0.008111013259221098,0.02604467516215049,0.07782562058354724,0.058130481816136045,0.06016116277164956,0.08016005809329116,0.03717198132032525,0.09584655548765846
122,0.059371408287362565,0.010106711129991876,0.009497038236516422,0.016726100047432316,0.013859835464028294,0.008428786608370004,0.02794030708690349,0.10359233376562889,0.01352238962469496,0.10516351013257354,0.02750812686686981,0.018805721845177863,0.007060712483989596,0.012161427040377653,0.02922689420933192,0.16814541615563666,0.24617647538648627,0.07855989350911953,0.03271642340261999,0.01143048871688841
123,0.01604797076230735,0.021416559268745198,0.01503659795965393,0.022306942477252078,0.08434982734339412,0.0087560179332735,0.008531768605092319,0.018069298816931346,0.020156260768150837,0.011612436882701575,0.02811050866024574,0.1082529451709408,0.19985259566974534,0.013328838684874165,0.1702173070535875,0.025905974638108533,0.06638758065390099,0.10978629346034295,0.03950491315545795,0.01236936203529379
124,0.011139346514121564,0.08757286521778153,0.018525962577559684,0.016861614672706037,0.0776005734612244,0.01234273713742319,0.02152931490048361,0.1840246373508975,0.020753202561694162,0.3199957346611725,0.0715651869979325,0.015323754244685895,0.017879843192310705,0.021129831108074912,0.0074252260630325775,0.006392985552563732,0.01213798193828839,0.03412275078359964,0.02657982377529687,0.017096627289150627
125,0.009312236781196836,0.2864332439542733,0.011679772231911526,0.026653519099176175,0.02427349794934315,0.10430888373439606,0.010979101968502372,0.07929165361701725,0.013159332485625442,0.05965281166548327,0.022725373193021023,0.010369045154086508,0.0065851719720189505,0.011967029001263918,0.03696246103176789,0.030232287261648384,0.062277981337904,0.08176057735959037,0.05427610513621544,0.05709991506555813
126,0.07754667959492213,0.05219760945522265,0.012791932446184805,0.06049376923380237,0.008909968598824,0.01293407919006416,0.011728805832092114,0.03409634563894503,0.10628853345268062,0.028638526804175984,0.021660386868013626,0.06444660334683276,0.009065198915505118,0.011306577354098993,0.16126814387607263,0.030616959496955087,0.02871648213089223,0.23551436104188056,0.018451837419471782,0.013327199303363364
