site,A,C,D,E,F,G,H,I,K,L,M,N,P,Q,R,S,T,V,W,Y
30,0.06263241536744492,0.08740278316383417,0.08518865277811286,0.022323769572155927,0.054630188751301004,0.03275034060623808,0.05323650319575797,0.07018678990743489,0.01082310122426829,0.02096667832044386,0.01472833472227624,0.03707364821694275,0.033995277331106646,0.03315234114525906,0.042019800905781585,0.04232406563960991,0.1413554445033896,0.08361158716744573,0.025439222071826147,0.04615905540937041
31,0.02855304853025697,0.015217148280365543,0.12273625533360578,0.07813676685918786,0.031414461393586286,0.04089577103789769,0.040215238801389525,0.016048038702709315,0.06384957765706839,0.07638058309497171,0.08064171890162335,0.07571285265561871,0.05875254807667294,0.051682008754576805,0.0513749358387327,0.052402897052417345,0.015465031452091993,0.05005724246933526,0.01889139911480383,0.03157247599308795
32,0.01372604374943702,0.043515111727436134,0.01772258395335926,0.05287739592189221,0.033727891657031314,0.05072938397553835,0.04731375179300685,0.09023378047295036,0.05015197808758111,0.0523014819766513,0.04403636270210335,0.053525208325923154,0.021561360677674706,0.12580321794653804,0.08747602287137884,0.046225680509175096,0.05832521587913506,0.056103743926829014,0.026734496283473068,0.02790928756288577
33,0.10580476637095824,0.02392305740415371,0.021379581255788954,0.02896307334115098,0.05086406879185903,0.033077432583018734,0.04126334355774878,0.07404070773253518,0.014065907857913295,0.13266220014526842,0.02905149155667143,0.040344459170646066,0.052875233528077395,0.17749737049578507,0.019179013316607152,0.050952869463434886,0.00893701459989316,0.029141979921185814,0.05008153621821808,0.015894892689085643
34,0.022538400413053484,0.023632395259222165,0.026113804317875036,0.059321533877387825,0.13171452921842675,0.020651932352814796,0.018440348533905006,0.020787681481088737,0.02476225575239622,0.014202550477940223,0.08177551246021278,0.01991588584606474,0.056731990959875765,0.02343264914248726,0.06242461153731552,0.03496491334456106,0.017044935017770692,0.019227010454343087,0.22881830299162062,0.09349875656163825
35,0.12304689626681338,0.023302905721096327,0.040350258931933836,0.023746015506251,0.030828836382961945,0.016913284699332606,0.0187270311868885,0.04080096236252394,0.02076353608310933,0.0112498393989592,0.0300304195725604,0.018382897481779226,0.019531872947333013,0.020904444620738594,0.01120039191230481,0.02927286806876362,0.1670914377192544,0.28946781874707206,0.03616825797163181,0.028220024418692057
36,0.042459960433882483,0.11381609041323461,0.026604068891842827,0.02261484796566712,0.022664556075777217,0.10026565740035573,0.01571096819538892,0.03431304289878696,0.01900692826230259,0.009730068628319703,0.026886474136749203,0.10439381781758897,0.038654983906181564,0.019346110102584167,0.011895197563152701,0.053534992553327505,0.24746315895858978,0.03285488326563763,0.039657647367208185,0.018126545163422148
37,0.031645134451080206,0.09466766332945646,0.020431352453050555,0.023847334524374604,0.018179169120081204,0.022703548254463704,0.021164025107218952,0.12333196340459292,0.02141147693962788,0.052768681424447995,0.037357605504808156,0.02200803483052654,0.05321319684275494,0.025550292828904364,0.01706204424903973,0.013715679843891285,0.013202249888536152,0.31827400840494646,0.04633959504403112,0.02312694355416675
38,0.011212619622201197,0.03211777117368885,0.0155182805047687,0.04567330157884929,0.09603866858191194,0.03737878145646621,0.06463327241719495,0.07852454192263689,0.016236039580891936,0.014600910377281853,0.030760424976931825,0.09262502493254098,0.017691848757663813,0.01811905198265916,0.010887406828657091,0.015344575207859135,0.007930568371315035,0.03735883310790235,0.0470623912696156,0.3102856873489631
39,0.01986614755386843,0.030491135178890953,0.027359928839207202,0.05190725182107661,0.021765077485638544,0.016459695025227317,0.05514366553130877,0.01991506825421798,0.02524299814858952,0.009906368437340732,0.07603753212499742,0.08323270544605424,0.01744539815695636,0.02188663740910622,0.01589118820898784,0.08342655489030791,0.03523172480511056,0.0586758962091066,0.03371266803372409,0.29640235844028273
40,0.09309106624278925,0.026488463579976286,0.024512200865363508,0.039126119399249475,0.024378500126796477,0.31349909167963674,0.025001102158190767,0.020275491410513165,0.021842319540159704,0.013739721544342763,0.031722934805416284,0.02778588732379858,0.019169553841054385,0.02748249972115497,0.039285642211171506,0.030256287890453513,0.0918620402926157,0.07254392907537062,0.035073875172578116,0.02286327311936814
41,0.048118461296131086,0.031063993372133364,0.03072420446577579,0.07280560623186201,0.06944767584049283,0.01633432414300117,0.04401087176007467,0.06899626658920835,0.023501412204715535,0.030210530912145248,0.034528926540054905,0.024668718254121424,0.015078441505859234,0.026177186974012095,0.015644225434671755,0.017465109835886925,0.038226760168391744,0.32459082778964177,0.036116598652202805,0.032289858029617285
42,0.03109092624288717,0.03550036856885556,0.02482730678581567,0.02784321627773943,0.025522945291895867,0.023530491899216896,0.04629719713398046,0.018329202537291596,0.06788417637245758,0.03573210272046183,0.03162797529735672,0.02010284647913515,0.3854161046465628,0.021393780404405996,0.016907611811280386,0.07779020538632865,0.03228587665181512,0.02358907403189192,0.034434232070515144,0.019894359390106094
43,0.029220419193643155,0.02086767822511066,0.017933148222555262,0.02466256988033292,0.021800567564133407,0.013666798672606817,0.022188572634628007,0.053696882734706075,0.18344525826869174,0.010850074764752027,0.046823698418886714,0.016825014200288285,0.015481080553170028,0.043378488238363065,0.010358551779935042,0.01039451546424517,0.1027947181863034,0.2320200965401495,0.10291364214128247,0.02067822431621627
44,0.02449143201789869,0.05729120325857468,0.026695129888485082,0.07094460425133998,0.10800971852604971,0.01502586945055949,0.06593657803485346,0.018000936369274946,0.020813769798154233,0.013894212780566925,0.026384726391271436,0.021108605184296064,0.016489825623925376,0.01976916384570478,0.03549026412628807,0.015804670470601065,0.016296256973471868,0.016484288111916094,0.2856678173998367,0.12540092749693127
45,0.07569758708289033,0.08705671968641324,0.06433009721815218,0.07022034004400846,0.019156543014756285,0.04193416941219513,0.04044011781504973,0.03661476356100987,0.06768307584408984,0.06315924896498093,0.01881255997647189,0.0888552799578242,0.008568455543159862,0.06161343608061308,0.06902024576403024,0.02643981489377141,0.031475034993637824,0.02064993698982863,0.023339809352385416,0.08493276380473146
46,0.09248171014603912,0.014256566608000773,0.10004912267449584,0.11956198355827322,0.01391221387632714,0.03831297446754597,0.026516174648242834,0.021531535953959024,0.01216522614688875,0.021246983963614484,0.024485767965315215,0.06414150791163001,0.0706716567313748,0.11624768217072273,0.013666041460804164,0.06481468927151832,0.10349296532653161,0.011313530332031134,0.029177252231377244,0.04195441455530759
47,0.126051918266887,0.03197601176082584,0.013445135968089945,0.020674861997498992,0.040053469278001366,0.05102536051611481,0.0242045440790893,0.06539618005918779,0.015767225033063704,0.06287128998491856,0.02157061803197286,0.011952159596087697,0.0203192751176959,0.01524844415626245,0.007827891523844678,0.07188379283036846,0.23182843679212037,0.08739559464421909,0.04466602900607874,0.03584176135767246
48,0.03357422316040251,0.032297164123753414,0.059713782615313474,0.036664890941106504,0.045893457376138785,0.008822355067049018,0.03441886005515915,0.08982126987879327,0.04312921477262517,0.05518410279500416,0.185253927450592,0.04564780852129953,0.01320335385912557,0.03774656566478726,0.019948465170974452,0.07940402396523971,0.0638596151434433,0.04483896451136826,0.03118557973872866,0.03939237518909579
49,0.13113407893667514,0.024189601117985505,0.017857874321103515,0.0736738448902202,0.01582500505674779,0.014739533992817683,0.022212093120446568,0.03060059821792331,0.015367375376510662,0.03421914892691381,0.06366468778615884,0.021674770578323756,0.1411404897619592,0.06733005141155148,0.007956274690825856,0.06510750992568624,0.12721178515719503,0.08346094037228774,0.026955478413857956,0.015678857944809797
50,0.09583138196783705,0.02029525180138582,0.03163914883052559,0.015808635801435152,0.05534559698062061,0.011594319490089641,0.043695398880080456,0.04737797289895315,0.0166201110389328,0.008608377039034852,0.10078142314386494,0.02345447489717329,0.09376543279298427,0.04440558072720186,0.01255163585736778,0.043866512270028794,0.1384035734597863,0.15195618250969406,0.029346862250465802,0.014652127362537761
51,0.02095573243187848,0.03901929835213936,0.02175358973239347,0.02416235745649491,0.04236528478721453,0.017976237255257925,0.024262733559858984,0.1265108374946816,0.024315728298401586,0.2506634831851803,0.10940232153707555,0.02331753260115359,0.015415026216559475,0.02465903102310018,0.014966711798600717,0.030756463073572132,0.037003334724288885,0.038967135545797255,0.0926966839518727,0.020830476974478426
52,0.052585564090000106,0.027561791007017597,0.02552277923246079,0.03176827925384073,0.24664291131819072,0.02483865560582351,0.09299835782628606,0.08307282942737511,0.022968840863916387,0.033022770411141586,0.10498321435412813,0.02172485957136941,0.01629358078580026,0.026021750646465107,0.019188018326400005,0.014562940863698377,0.016208062814387077,0.06920695541707439,0.03604724894294217,0.03478058924168248
53,0.17323554061856986,0.303828931363904,0.027175735243710482,0.03141755807586456,0.022352661366741727,0.09100077754156123,0.024670055710352592,0.027172474475254123,0.02663377884557497,0.01966103070179538,0.03920431313167881,0.023079509101380083,0.01821048969013967,0.03217360688573271,0.02086886429705414,0.019610266268863925,0.01759779640295923,0.023315042801214114,0.03378326327311461,0.025008304204533746
54,0.16177617993381946,0.02511522796644282,0.02036849143664423,0.026771818294334344,0.024226637561558115,0.023480686593443354,0.01832415324812767,0.07058748974268352,0.016375900457796324,0.014461665179561302,0.03594946519903819,0.022696959608861523,0.032937939237917366,0.01842233227509037,0.014493971487343434,0.012766072964987645,0.15802072678445653,0.2273703229733584,0.04452800650234712,0.03132595255218833
55,0.10691565764721825,0.1048713295239835,0.01855116348970828,0.020795498224229336,0.06160219764129239,0.059084017108016064,0.0862477491478124,0.028728576407997673,0.013674760983097632,0.011172604887568757,0.028998608941251877,0.012502172333941759,0.015380649226175307,0.014192387541676899,0.035712921616762164,0.16488406062276284,0.11241526813757217,0.054589857369469585,0.027709661656377588,0.021970857493085572
56,0.04724495526559995,0.017110875472875833,0.0666499756914826,0.06706037536542189,0.03248721749131144,0.03820142310541039,0.05505602001789359,0.054677698553018045,0.06488350499074345,0.05340314762222187,0.11768012967179604,0.03706684485622868,0.015282544555547745,0.028349570228775295,0.06947999406334168,0.05539477698506982,0.07491712964107487,0.03800166385131709,0.0273329364868988,0.03971921608397094
57,0.03928807095528243,0.016075217610640305,0.0067902658144070125,0.015392640880190005,0.0752379288680051,0.05270441593153177,0.060553499538268406,0.2269715198719106,0.014625096348070084,0.06115302697912195,0.03762910884077979,0.05891482623777778,0.01606700512599526,0.08356328425521287,0.006704175034312159,0.015592010114274048,0.0508682177344503,0.06710402445937264,0.042071025779152546,0.052694639621244946
58,0.03770730025128811,0.04385712654173266,0.038890095334569566,0.08922966161521952,0.06028386181206368,0.07316606049491196,0.06306681011789743,0.04480415008243714,0.025534707539643965,0.0235193294179337,0.04980386070524107,0.056948316004896055,0.04000307018629695,0.04987847180967064,0.049891829831945095,0.02488862768611138,0.053707612623581966,0.052550715804594986,0.0372608872604691,0.085007504879495
59,0.036112688554821845,0.02523153451361422,0.010369625875320546,0.00339405974980187,0.10192909006355197,0.030449622729446048,0.05480555298939877,0.100180195045313,0.010036112124265703,0.01701448327231094,0.09290806223311926,0.027409434574808288,0.03160923512578465,0.08309104622658994,0.016627072622783897,0.05392999754695929,0.04970658592082039,0.1312502852741154,0.018440803644880363,0.10550451191229362
60,0.11278335049731793,0.02083707157649477,0.04923595702845641,0.017788084743795292,0.031108022974243324,0.030111410439008002,0.057607462373757995,0.1311896823566246,0.01274361050320173,0.07910792001856726,0.01981302985987172,0.01769080713469086,0.050886014083847436,0.03139574751340212,0.02011317352035351,0.0675949378138733,0.058636139543393855,0.10536745267776959,0.03879507066358927,0.047195054677741065
61,0.08283262729522649,0.0712666388182957,0.016202990449268036,0.029809908166487833,0.0914837064916873,0.06679720171516196,0.09461024846163658,0.05060809730698199,0.04697399633132222,0.057966933831378825,0.01748303170390976,0.037176314418033485,0.017556342733086962,0.017974120265501513,0.05995828871335361,0.05282144191670846,0.05541954457995666,0.01745780370246651,0.030527762031476904,0.0850730010680592
62,0.032817803544571984,0.061631081577930846,0.05765324275521718,0.015021063661515476,0.02372478954942253,0.05930641910800255,0.06254670988736322,0.07648217929245532,0.061428759915714955,0.03207950167912404,0.08558830768971265,0.058662868461805254,0.07823002171445095,0.034501229536742006,0.10003163439723067,0.03455484350706756,0.04379333718827248,0.023551170245313235,0.02340931094505701,0.03498572534303009
63,0.014542210291917494,0.028095623224571965,0.040055927068917446,0.16945361934838743,0.028903450011057485,0.14920340683715574,0.014532454501715385,0.03179234835478203,0.07101944396763787,0.03401703791430805,0.0319882764624153,0.17791817030054452,0.023510308421777173,0.0165468909027412,0.012405115742025331,0.040932703743812054,0.03216736042645251,0.013918071003372933,0.046530476535131864,0.022467104941276298
64,0.04434058987928672,0.016946099132765045,0.14124115646424792,0.08277236087281331,0.016013305888914003,0.040830319869096326,0.049208527393956474,0.06450043246540403,0.052995474735835546,0.03049761777392429,0.030893542110332774,0.03806701905631063,0.042266811461061274,0.05078527168684359,0.05323762863540917,0.036419486576015965,0.07584546936973291,0.041385544025241444,0.07489607946296445,0.01685726313984413
65,0.03696814274919818,0.021562834285500695,0.037349709814478535,0.023382896447485535,0.06633899707167598,0.04989731288793157,0.06639696033174503,0.05338542873625299,0.014929373364003488,0.020382142837906247,0.022222341312257077,0.060657503351906915,0.006288069405693603,0.07985210474508639,0.019661218120010846,0.07567684697863701,0.07049711901604883,0.07872332320056338,0.10876707125488189,0.08706060408873581
66,0.10602888721104284,0.034624103765657215,0.11452706061117449,0.01848716441256638,0.035584157674554716,0.048601929438417124,0.04922187006042739,0.026109178388945296,0.011448880532541375,0.014568710941623902,0.028043340144649653,0.11490901746543716,0.01932127842241463,0.07376634639907018,0.013017449645740413,0.08636849161997692,0.07756950359518208,0.044119888397065724,0.04005251043089392,0.04363023084261859
67,0.08608536147244153,0.06608389039822249,0.02467298392418695,0.042083546295235724,0.04372001429393676,0.05743587083304791,0.01771401106264312,0.15839246734977905,0.014445286007313204,0.057415795079515115,0.05296979737502567,0.014876754333719686,0.01936239633741214,0.018987293702182204,0.009842362806283079,0.018809312550377814,0.05761153571218318,0.10397469683745456,0.06789748190511202,0.0676191417239278
68,0.03866262318870321,0.029063167433988124,0.024877189094924184,0.019556180476984368,0.0627690580387302,0.04351048995935272,0.0695300084406674,0.10007927033394048,0.020728563778778276,0.02865299913667949,0.09746795114586865,0.05056356477773133,0.04149883488057907,0.04824901237638718,0.0687138185177725,0.026507738762520414,0.015168307449495969,0.09748675688219159,0.09535626345852141,0.021558201866183402
69,0.09500851076168768,0.029360864928249176,0.017625249484007687,0.019823318251595636,0.05181640012518836,0.07062107174805991,0.07713217503018299,0.0681470920204384,0.12412209600136453,0.03533464823971626,0.03485035674647273,0.023638732479883455,0.007488210573346173,0.020823565615730955,0.015872461857509616,0.06906272438663,0.1288489308926233,0.03403666302356026,0.030238399667312316,0.046148528166440606
70,0.03478136301007095,0.03850317909484144,0.025600364745055934,0.15033607692562645,0.03533821902441911,0.021208043999991544,0.040516672734610557,0.0391765630013593,0.03630420490554773,0.09569867054106995,0.033846803631355046,0.026491622392776526,0.010310660969797242,0.019575895891093167,0.05067783251607144,0.04241690866911851,0.14262675354324078,0.02795006058481745,0.03293397544610244,0.09570612837303447
71,0.029600225532415987,0.0614180718756383,0.06244531399377816,0.02770259694320238,0.026940134710000757,0.020772055392558598,0.06335220396409136,0.037861628985835505,0.041882694917316554,0.04404476148797436,0.021778303039835856,0.016824476043506335,0.007679594424870085,0.032737181263433245,0.05131394555959051,0.09257551911980616,0.028874034519879913,0.0723627795876768,0.157770489285408,0.10206398935318112
72,0.06951844578587096,0.05140327619973817,0.00851870446408648,0.04766550473505925,0.048798259616462614,0.04903383274882259,0.05345321622254627,0.0463464367448031,0.05075659313714681,0.04656321044603888,0.045651815312881275,0.046809336144692404,0.05921801658682849,0.051398907787278014,0.0489007554943208,0.064383319061274,0.04506897722640368,0.06281123060088661,0.052819082054262584,0.050881079630597036
73,0.07718172533722979,0.20378644441922944,0.05331464290050929,0.03632312452047258,0.025137675300048193,0.028263942512178855,0.02944021169383826,0.034980178789211315,0.0375505013544647,0.023427400415552725,0.04814335955568298,0.037263713458751124,0.020850597732833293,0.03558277566362094,0.07182171139144913,0.0368830819584916,0.025584766352066517,0.028926478034191225,0.04014498518876967,0.10539268342140835
74,0.05434923015637197,0.06111397133686043,0.026944357945189984,0.037282258347032,0.06316183499217928,0.03477375075883783,0.017959735712827996,0.11240182126778117,0.01780080006246324,0.09482044692225287,0.036406988109809954,0.020457353857475897,0.06671265541436643,0.02403872881154781,0.029461725124991345,0.0523666746340026,0.06343527717536987,0.11815997894944075,0.048743079854356275,0.019609330566842283
75,0.10786152643571256,0.03239021715431563,0.02900355207133777,0.02976999670468293,0.07012128370447056,0.11629119053668385,0.02872619162800766,0.022053563148844206,0.026450850677770754,0.02409323232892043,0.03612830637846311,0.10163806965833207,0.1830541724556442,0.019508195032595557,0.01319452065738041,0.016597706375501113,0.011836735849468517,0.02823309060094585,0.044767915451558324,0.05827968314936448
76,0.050176844686210274,0.09575425527650573,0.012979426039381606,0.03459222057658827,0.09067290181731806,0.02382579848828336,0.12670018263840427,0.10743093474750845,0.010379884470886266,0.01967412495503693,0.01826401377517795,0.02817110507124934,0.027405363292739585,0.05398748135061743,0.034791563025121694,0.05985183456966148,0.07737159556999698,0.03648685034743862,0.03067592736439525,0.060807691937478425
77,0.05341814207904829,0.03318708823004635,0.05214691383614208,0.0211716218958243,0.09820947347843093,0.04347072241290613,0.036791194609337705,0.019555124842646578,0.02204250731492822,0.01995471254431376,0.03484703108667913,0.1624308963048408,0.05556729491541756,0.084720859904367,0.028720137785390912,0.05291575642375128,0.03415766182423732,0.031018739835500225,0.03448675661663621,0.08118736405955529
78,0.04203376820471584,0.08447283538048642,0.029193221299285622,0.04123855125449431,0.03236554749981341,0.06106772816655255,0.07672094195208565,0.019796729333033936,0.031237904475943525,0.02438253407155234,0.03820453292442287,0.06910131067759567,0.04007887978288514,0.06494927945904239,0.015394860941051152,0.06419014756800519,0.1449099796029835,0.06068361236906189,0.03621806104232189,0.02375957399466672
79,0.06172111901192068,0.018850764070170365,0.035924368011953256,0.033289502621703465,0.038752729070232694,0.05717540150355959,0.024482895443219126,0.040361044832632594,0.10366902489784141,0.05314966624264578,0.11431141903940972,0.06638222370690941,0.021620941479778166,0.05725593889202796,0.05231050474335604,0.06353610530280016,0.037737159393272365,0.041311639806057204,0.03060835829208467,0.04754919363842537
80,0.06678054044292189,0.026296330905148265,0.030507854537696034,0.05154787817881682,0.04393926950578246,0.019835291962543952,0.01928585296635467,0.11266123301138284,0.03476871147820983,0.027638318799992435,0.051653185467529256,0.054993541075009686,0.07391938077546234,0.022951180372116055,0.03901394554299576,0.051593060630798375,0.10629623587032548,0.055595062913725485,0.04460571757794089,0.06611740798524747
81,0.03667513903283753,0.08152471864728135,0.023050013577473986,0.014128304215883722,0.031133841478707003,0.09294904666635638,0.03921814718353145,0.006250144058966679,0.031165186381106373,0.07920437996372874,0.03985920552353829,0.08747563896938466,0.004189655827762438,0.05618542649069366,0.0946058218035297,0.04474808439614685,0.0944395198073485,0.07954392333385098,0.021478526883502762,0.04217527575836898
82,0.05437144133909014,0.026812760066699522,0.13476377033816964,0.1958058990491006,0.021214263339692157,0.02476988418868546,0.019913591809834014,0.016552970247635246,0.017604511787775005,0.011645788996106464,0.03534425351230526,0.07185207236919448,0.06093004214352763,0.034059995462565495,0.02068867497303117,0.07022811239803799,0.05111188541492294,0.027292771479348946,0.03325318217357547,0.0717841289107024
83,0.08540854162187542,0.058473324628821786,0.09296522952597501,0.020060405978519238,0.029143833582758297,0.029020412113031573,0.029144167920331907,0.05595119178386817,0.028843035373691872,0.025819673245647608,0.07213882372984529,0.019466633988488267,0.009939088208315315,0.04220798052739999,0.04741781987741368,0.14009185287465564,0.029003436639882585,0.056644256721995995,0.050279619462193996,0.0779806721952884
84,0.035464775483848646,0.03186328625125102,0.0754262451315818,0.07130134165951223,0.06133460032380683,0.01804855968121833,0.03920981833007604,0.022560540723441592,0.09462503761049437,0.059827116119279586,0.047194569397265164,0.06525401901889086,0.08549515920564135,0.025809213912817208,0.07437653181926096,0.04240968770473288,0.00831056767980896,0.04354230223302739,0.038670136009051365,0.059276491704993425
85,0.05638359173916801,0.03550963567925247,0.017054512143789127,0.018459059651274944,0.030010429703242338,0.014139835455871141,0.01717034400801766,0.15328283801423684,0.01381554447202064,0.14243274857825172,0.10082005119640057,0.18047191866598425,0.011301633058594447,0.015914371986808815,0.009579422157855313,0.022787120527757023,0.03141106146947127,0.0833924792500384,0.02440400445481029,0.021659397787154755
86,0.05540134122198555,0.050601799987339366,0.04428214523320089,0.0374629788521669,0.013962174414217488,0.009736083864606927,0.0641828888378929,0.021331288989268136,0.055660600231559776,0.03987188144386918,0.04495010995911615,0.07462304035398547,0.215487281682719,0.051226632402592336,0.04073047787880445,0.05174041157987735,0.02299014293594218,0.058246812665313646,0.015984671251550737,0.03152723621399165
87,0.03200880120690777,0.1374207326465295,0.025588511612027666,0.04245028548865912,0.10641421212304333,0.03628980166804496,0.02477237798170792,0.034362201630765025,0.013514932462277036,0.029923007140605584,0.03902866935538067,0.10172761000708987,0.01950064135687289,0.031396661054822333,0.041887969238072274,0.015457557287385557,0.07661411725817349,0.016893570747189723,0.12760373138014283,0.04714460835430245
88,0.11786512683645085,0.04568911083756093,0.017236235073957246,0.0202780782980115,0.0815052083683833,0.014294161443434632,0.11636999131812377,0.06817603468581761,0.028597079295838653,0.06621883606702993,0.055329569139296354,0.02019559047837861,0.017392710006604035,0.019625731165899184,0.05095590478112354,0.021917081322070243,0.07645469506664834,0.11708027095293552,0.0249196873424848,0.019898897519950956
89,0.0649220909497542,0.038358288050842494,0.01955135634904088,0.03163876423928831,0.04408258252248046,0.026970764829772516,0.15131999584728847,0.032967042316649,0.028266312586050706,0.05266901182656898,0.04252925557687395,0.01869526673053657,0.01999383415266196,0.03145422955208872,0.025943847500909854,0.05299291936539265,0.2180241982245183,0.02546447986430262,0.04039272093641187,0.033763038578567495
90,0.058812584317833316,0.03556089282673774,0.05217145295139925,0.06909850905242028,0.01760684640855625,0.02060274119823926,0.03073553642262109,0.09747516221535837,0.04671761860202709,0.09103041746657511,0.03718056685165705,0.038290887954026916,0.027675274496007953,0.04938070790260582,0.01367602461984141,0.117395432753437,0.04628168054913645,0.050603896064271764,0.04129998691322312,0.058403780434024756
91,0.01995929708085179,0.06899062161751522,0.09287653014898016,0.05358949458557201,0.049547687377509045,0.02666309127757034,0.028644367876827295,0.09181241436710463,0.029668997695063058,0.08343986491726188,0.028774883416995328,0.02288906153663342,0.07445596842670438,0.06576789264348243,0.06897693539216482,0.017030215165534792,0.014240765996216626,0.05760581482802792,0.046545096699665806,0.05852099895031901
92,0.02615873691649212,0.030505617951086507,0.037105924644495455,0.04203861562354606,0.26260515363333564,0.04019245852864633,0.034181726659370956,0.027426343867901902,0.028560618825113886,0.017763246846674133,0.03822494762095438,0.03233690211816324,0.02678677706910513,0.03329129987532381,0.04793549610992132,0.052233524823824484,0.023777059508106154,0.025276293089136634,0.12691569215247403,0.04668356413632779
93,0.0708274326322916,0.02195261616281854,0.08829171018447918,0.019917989641788002,0.016494749311823584,0.03823319466987249,0.047674597621341026,0.013190296854703729,0.01650498356305416,0.01482996639653374,0.030992951923361788,0.08145616738735195,0.006866113887856394,0.08131319635885756,0.0898888107037711,0.09809348456587749,0.04575541184369643,0.035054347022395696,0.11095154678474173,0.07171043248338374
94,0.11285645800908348,0.06140481927925474,0.024745298685360982,0.015386116869480031,0.011383382728056803,0.08583414496261206,0.016834889066682006,0.0860927970740201,0.026633199391563764,0.09110883403473627,0.08699155970988494,0.01248494856960869,0.030435710341435183,0.014581843811313265,0.011152153860349446,0.04838685429065484,0.06945395613746048,0.13782670524497354,0.014888084781126201,0.041518243152343225
95,0.01438231792717019,0.021698005914466918,0.029897325401622606,0.02573412758510922,0.06338278763404018,0.03234714579435512,0.14325077625039973,0.015492087760616217,0.02060620073965564,0.021348468725837306,0.056619978723834535,0.02243696636565387,0.012554467905396384,0.023056769790084912,0.03300871143855919,0.04662779006152549,0.011892347575628502,0.01669887871643229,0.19752373400325657,0.19144111168635516
96,0.04221966953528922,0.019197674700469118,0.07846148630838112,0.02854124870722352,0.017409180072604183,0.06506286663144277,0.06366689652994349,0.055431391921107555,0.06307060398068659,0.041171695023495505,0.031157530836929476,0.05630242766612655,0.024923779414498182,0.0749215036128506,0.007075551504654909,0.06766501507227153,0.11206741031242508,0.06575922546900241,0.028944440118665475,0.05695040258193267
97,0.018700036778014652,0.025153267366492135,0.03071132236257865,0.11283348162624596,0.0204354275618261,0.0741488340809419,0.05190769506059764,0.0643614584593907,0.056691645468941676,0.07999919805452231,0.03152898491327485,0.15023237791121435,0.016646991114238924,0.02165016000857552,0.013517488894202827,0.09153414957070945,0.046000780866146646,0.030727748376524682,0.029248280358850874,0.03397067116671011
98,0.029378457153073974,0.04340519776465271,0.028587896853905857,0.08217312345302724,0.048808931517703324,0.10840284881101434,0.02686984683489335,0.028968900526400734,0.05198566515444003,0.009623387793448063,0.0281879113657154,0.06737421670599299,0.10482727319507969,0.013868000745400214,0.024834995786445047,0.10926369595620744,0.07550069912533483,0.018118383777259002,0.05400262162922914,0.04581794585077668
99,0.021588415840880643,0.02392138961022571,0.028921627466486043,0.03149454898572666,0.029703682340594367,0.018528187240610155,0.028275224624212246,0.09795133256723595,0.0464506892511977,0.17478348079898448,0.21468690442608684,0.022123705983899435,0.017369942826536873,0.029677493188183038,0.03339347832678674,0.013133049344029289,0.043156596325535194,0.06302924695497998,0.03692328397876156,0.024887719919047074
100,0.18342592817905123,0.028458637568762685,0.01903077620515425,0.052311348123227214,0.02354875912868591,0.017435608556735434,0.02669220768328276,0.1514710347860971,0.023022287985173213,0.01717827595369181,0.032748745685607865,0.05663739946829088,0.010090436426011453,0.020599070199766905,0.01373811083494546,0.04080103869208803,0.03361296532784647,0.19138108811450588,0.0346661298240729,0.02315015125700249
101,0.13381592686900196,0.03115249683705561,0.027016066207757605,0.07025737646176332,0.06011062694678901,0.013564785347115006,0.08030918904504718,0.03748039494611631,0.06213947880085169,0.015377017589610057,0.08040054198067229,0.031023365149263127,0.024951169546865604,0.03390214469452385,0.04606444831549261,0.027819364235959647,0.04464272843586342,0.09406099974022074,0.025614914764570923,0.06029696408546002
102,0.0384911199525261,0.0236006160208794,0.0638825539123321,0.09957837927653206,0.12434484348614566,0.014881334640628656,0.012492110193535931,0.047593314647967136,0.03796010363116235,0.03783241911523562,0.03083776864912473,0.053364188110084754,0.02141919806971155,0.12478448722617014,0.028617733351071793,0.09283328716126046,0.02116680207091846,0.013541439164607122,0.03345518998724892,0.0793231113328571
103,0.09993357017925963,0.07940762545095041,0.024159863708018446,0.02462291307219395,0.022373217349302397,0.013589303525510056,0.04506972212204527,0.11149100446642778,0.04991250500757506,0.07078114888196686,0.12937622662762677,0.023950437231523746,0.013257571260876535,0.018881156778869465,0.017072908875101205,0.009931132304333914,0.08291589024208011,0.09168694473982471,0.04563422321868821,0.02595263495782544
104,0.09950995966251289,0.016962231114811856,0.01950236282304565,0.031129241247603887,0.013390484599062875,0.04068192061101408,0.1011010163078423,0.0178902528927509,0.015940315718488855,0.04280277032237593,0.045201304675721046,0.1780430422516145,0.007459756615899884,0.020173743107345637,0.03998799090469708,0.07051920059437186,0.017675292799559345,0.010811837234050195,0.07847216924382336,0.13274510727340794
105,0.07319530434302732,0.04364068655742215,0.08029959664982114,0.05037974222683754,0.1404419096034467,0.07711965376308749,0.040962807246813115,0.04884899639298096,0.008772077171688979,0.04703088646128311,0.0442358496945427,0.041204740410709435,0.0029104578420364523,0.03860182492937827,0.05247908993368444,0.023244716979239452,0.040434599443780556,0.04763917097375646,0.017508389470353693,0.08104949990611002
106,0.04985201239395953,0.02821493473834245,0.24666907521638481,0.04098227348566697,0.04830487775301046,0.04250010765219051,0.015820700173781295,0.015699842254214533,0.021215852260979624,0.04424221314284756,0.03957219145164819,0.0771462929426301,0.013940165523419552,0.023724469487026265,0.011799212803604938,0.03963880297418458,0.11746970121784442,0.07690075009317814,0.03492047813905879,0.011386046296027278
107,0.04961026262049527,0.06345702061724735,0.017394623601955213,0.014743126944882435,0.0348165683047597,0.009552694006555087,0.013098253668075934,0.1440937659530993,0.03990391430298315,0.05078088858273527,0.09860920167341003,0.014647597537779278,0.01656531936124641,0.03511387706657798,0.0082315201321739,0.08264449020990267,0.10269473825042852,0.16356890507671135,0.02714660271887468,0.01332662937010646
108,0.01102494859085791,0.08640963379906494,0.0645169314151402,0.0736628254001747,0.027542317329807928,0.04422416962795386,0.07244598917973222,0.06459509918040326,0.041361982202946984,0.0912521037067772,0.0866811368345769,0.026605114956012185,0.01402629714256714,0.06916805263688214,0.061081664551350806,0.02059852686872009,0.03641783637866472,0.061969138451725386,0.017943051737172037,0.02847318000946942
109,0.09152438577999411,0.0126345911007248,0.055591126111294825,0.02310606264140412,0.036584098054879166,0.07318448421833647,0.04770254956266463,0.01943364249476026,0.06313267672803831,0.03130925088073695,0.0428025970340287,0.03469811326376448,0.00766388027757013,0.14574417383637778,0.010993452654949559,0.10645390847422145,0.029862367596320494,0.035342495794489066,0.10981929886861266,0.022416844626832036
110,0.02959225211084435,0.028836653276357135,0.027462088735518655,0.02845085322860388,0.0696204531931628,0.020881449532505973,0.01908496710960346,0.15415914831398472,0.02592127610427526,0.22996130558065037,0.04689246418914296,0.026556469009552067,0.02209431294972005,0.08877057368599234,0.034693372718166554,0.01326543952039511,0.038495929284766646,0.03673056074571552,0.03342602248764089,0.02510440822340127
111,0.015908383772481455,0.030352608209535503,0.015441265110692184,0.0732073011628201,0.11253686566536875,0.015414118493674024,0.03823944240387172,0.008627334121230124,0.011241171789715567,0.012548997354853281,0.09470193964394519,0.01336145736470125,0.006078663119326285,0.05480928401084053,0.04199946751256321,0.11981343582378727,0.04881665324993873,0.08212441059688491,0.10406537226009344,0.1007118283336765
112,0.03075342924623458,0.024955477121504647,0.20088169941025155,0.08280530096877163,0.030634792505441946,0.04922001266099717,0.030284881785164808,0.022936592942034685,0.03785963819983995,0.01896255043476057,0.036616095996325954,0.043050180533009484,0.01191231192239635,0.026975825256723887,0.03391053757291297,0.09069761288464095,0.10086017677879452,0.08043883094621329,0.03448660458169134,0.011757448252289734
113,0.0802442442832261,0.07683726229133668,0.055637438398924724,0.1588619116346922,0.0160437031297207,0.03244617870243885,0.05386545112903639,0.02299690860234451,0.009138632225259662,0.026740424478482665,0.03868040514854383,0.0824817668084899,0.00630165499905377,0.07126176981264065,0.046766434999452516,0.02476675570733134,0.055270083003686174,0.007706781662867281,0.06918749415405838,0.06476469882841374
114,0.12992905269693245,0.019922112830322837,0.01885974863637964,0.020452218764613825,0.0431611686649652,0.09232571928062731,0.07169862681569529,0.007302771714088497,0.02906414374852079,0.035912681824378304,0.11258159830867587,0.04523251131474257,0.020212753880521492,0.034524569249975046,0.05263254917046361,0.10984468248343608,0.05903317808578344,0.047441967753298245,0.028151409587640498,0.021716535188939012
115,0.025569640131771543,0.06337866257212212,0.026181853026181506,0.021885284083605974,0.04610372935468354,0.04514733911179152,0.017940507648509078,0.07614037503003226,0.03290470631760831,0.2317476186548308,0.0490566483054214,0.016338971737900616,0.021894650591889143,0.04906223607431735,0.024359031024839342,0.011018003276316378,0.08008406464619347,0.10835756285590914,0.02988118474491435,0.022947930811162233
116,0.10333742712938102,0.019912303907740604,0.0688465905322614,0.08253395636326652,0.058484672277243216,0.06392698024068134,0.09743161108085278,0.03551315924740958,0.047697483771786064,0.0546916688938357,0.04825457869487114,0.010663389582355163,0.009053465295315248,0.047943356964496926,0.02334850586249558,0.04368407080556308,0.03833217214845262,0.05003507918196809,0.0713776684519953,0.02493185956802864
117,0.14435820069820227,0.016697130156941114,0.014261031078058694,0.06841314805121813,0.12198814548066003,0.01013542812935029,0.03980773469619363,0.07283758337785205,0.010160107794582873,0.017698469032124988,0.021205509678114364,0.06931967957694396,0.10710784749657615,0.05063815464722313,0.00480442260041298,0.10584055394203067,0.02530181028874688,0.03601295529717489,0.02153674249821415,0.04187534547937871
118,0.0951231959601594,0.15988034703265738,0.010831861842971491,0.07571872717370282,0.020204148374335273,0.07714978286086055,0.06892373106353071,0.033222452638601296,0.04656216374618019,0.08728503801405421,0.06715883662429564,0.031384940858370985,0.00647408354550353,0.03443344834990329,0.05664174944321626,0.019917081041011617,0.036079377943820726,0.016465389573146104,0.034449167412494264,0.022094476501184245
119,0.05946562643229855,0.009589644615445496,0.046977466303498944,0.04429819482971127,0.02749824740979405,0.021720380463785466,0.04462893402386732,0.07486239846568887,0.08318387093734736,0.06268951173910192,0.10634552949247159,0.031115193125286225,0.005603907998218981,0.05479726012763939,0.016927531253230647,0.05313496393135936,0.10114165416096996,0.10692334860916737,0.03938808258816077,0.009708253492956466
120,0.028027677350343436,0.09192634522943338,0.009983416528260229,0.07542192724065834,0.011371792751705474,0.039922432962077994,0.04282498177008471,0.051505328778486154,0.07882269327253576,0.022190327506770732,0.04105248938372007,0.14402319980846856,0.005342972360264759,0.07090271630093581,0.0415260955296336,0.0823467823376241,0.05077038172785496,0.08491731252152565,0.014905265495753878,0.012215861143862436
121,0.07742579863900877,0.026932185804818713,0.022932594628798857,0.0276083783005674,0.020554799868150956,0.052944523373863156,0.018787244045597437,0.022891231490968056,0.02045765178374597,0.2789871219990375,0.03840732535655708,0.03815307724345056,0.012090135713212182,0.03051533945892395,0.016342519558014704,0.01911344087979687,0.016504523479079717,0.19921785178614346,0.03928381828875714,0.020850438301507453
122,0.08601225026750076,0.04925494097832038,0.009624665498939167,0.07835620780107377,0.017316523961137427,0.02207649321890191,0.043270082270719254,0.07147100812488742,0.05324760863703497,0.024394799191469897,0.03467545186069669,0.0258229565302419,0.019755649877079458,0.049404853182574565,0.025773819660979275,0.07456439622965574,0.10655660056366464,0.06979347584229119,0.12707662534542327,0.011551590957408271
123,0.050649387173423766,0.061357554038584276,0.06406171178874168,0.01758286920617155,0.06032323978794265,0.11809552342916269,0.0541391362050006,0.015702126876707412,0.017422269804908835,0.04947936122709032,0.027900100299407177,0.012691799616773814,0.0820682777343107,0.03384194079923593,0.009620445958901965,0.11365831326603773,0.07561891564846689,0.01178817583937887,0.09949138320500445,0.024507468094748727
124,0.05490883841502129,0.027673613657301754,0.023872061204873694,0.02941126576660602,0.0398335580361253,0.019912345631830704,0.025820365254729735,0.10509961043241262,0.027096041322459734,0.31872141818420835,0.029439953895669346,0.02645366272937726,0.03564095507397237,0.03980906762556733,0.017460790431092665,0.014144319442057789,0.06633706048204659,0.024415973316815973,0.04244738825566624,0.03150171084216528
125,0.02060795869494899,0.3481838351478689,0.02954365735400892,0.026048566932469493,0.020623687470143284,0.028570514424196277,0.021511615004250077,0.05068995547692111,0.023143812741837168,0.055986658908828854,0.033031134669126445,0.06522635788668253,0.03623780677781686,0.03838118436454241,0.0300588986977425,0.028387138640416813,0.043247299650105334,0.029799456411437393,0.043564948179861625,0.027155512566795093
126,0.04497896963623949,0.043978893071180206,0.014582232655612058,0.01533747020062675,0.010351091563281994,0.02801029337352171,0.012021544354333471,0.021807639237683526,0.07319068372518153,0.051428399100615134,0.0806767840781372,0.010923033198867399,0.012328508893887872,0.14344803650947038,0.04233243131535969,0.08144690882131311,0.07335038182032665,0.2050691349938702,0.019516563000557593,0.015221000449934022
