site,A,C,D,E,F,G,H,I,K,L,M,N,P,Q,R,S,T,V,W,Y
30,0.0457017213312674,0.041363006848337644,0.06907438877739419,0.04068545633449407,0.09473635851924028,0.04736468566988859,0.036122999803559014,0.029607506136651918,0.07359678947816717,0.049994716187403435,0.037304935906429915,0.02885225097945661,0.018484761372241698,0.03924031693523051,0.04326379048526194,0.06259172093121304,0.11015956904635119,0.06055916178149206,0.025592541509791563,0.04570332196612778
31,0.08607683309544198,0.07019567917815955,0.03639563847729971,0.06109709917192789,0.039072096061052185,0.060413916005153556,0.044918428083517786,0.026766922506692166,0.07766546885318006,0.03686711736375651,0.01807371750428694,0.043360861534653565,0.08195359017208322,0.0712095425985712,0.05241635065963779,0.05825177960378193,0.05308791298083937,0.014886266227798158,0.013781732404094957,0.05350904751807155
32,0.013574098242919795,0.007575906706838366,0.025475845660565124,0.05964741240266259,0.06830140799673082,0.08243135075588152,0.05867954664097082,0.022676765724805724,0.046000365924121635,0.06336374559931107,0.04029929242166107,0.05532309872078367,0.037727387810779354,0.07344628975630635,0.044307192079605075,0.06470976542787046,0.07207540643505989,0.06206063236055062,0.05997344644250972,0.04235104289006636
33,0.02641103832081017,0.017296511380756288,0.014578411895195636,0.021285189733476886,0.06352665240733145,0.06548897202048004,0.07130694571281013,0.050852907905281554,0.04897895793017598,0.0849388589111181,0.0732748505951237,0.024595414080627036,0.029608931736553032,0.04843037796105923,0.050530208727131105,0.06256154247624193,0.04012785011260084,0.07413084240809877,0.06487516850384513,0.06720036718128303
34,0.017964474315377156,0.01931976375132745,0.02387492876069324,0.023203641366472454,0.16107611576176853,0.022092962499132854,0.04664330445553411,0.017143672433681575,0.019750004497219142,0.033832104522196635,0.027454692654496383,0.01793193782328021,0.013963037335903322,0.020022155265309795,0.06782987977826391,0.022887435069596,0.014872741870898206,0.016597275649168623,0.1925388476491806,0.2210010245404998
35,0.07269299418565782,0.103830146542818,0.04158278834012768,0.029498227807246466,0.020185669934194527,0.011711183674658183,0.013292632766313442,0.13965465428522483,0.014036919618812177,0.01826483096732553,0.02462297605029518,0.012316789238488734,0.023727610515769583,0.018149732396669758,0.011289927689443249,0.009001467614551315,0.1842233213352155,0.19712368584177203,0.03294639032193439,0.021848050873481583
36,0.07399563447832182,0.02951906136156124,0.024091980290914347,0.048818691759074745,0.02189548872076677,0.0316591372843234,0.08113224976831171,0.03772185116905707,0.018837113841556435,0.023993263961522727,0.045519986365057864,0.0417263658346504,0.01992685295235913,0.020471247748207674,0.011931806401357102,0.07269713298858801,0.2955776908885783,0.028424015966199867,0.03486998569081781,0.037190442528773494
37,0.13226174945363323,0.03957573527294019,0.02626111154481661,0.07285633560956939,0.013593086063572245,0.01929259192555357,0.02734744208066025,0.11817152594496282,0.04191604218828442,0.03579614839869503,0.030268625973262176,0.02082707504480417,0.011583939984967744,0.054658265042870725,0.016117853334890124,0.009274477624300833,0.04113843166904983,0.23021142547563667,0.03936107584239068,0.019487061525139304
38,0.012957632700561434,0.049282003155866685,0.03117297528400591,0.01528350845656105,0.2115263985528224,0.010313083053799705,0.07709458308493569,0.03349964373571088,0.010830161425484658,0.047072341698777484,0.038427154758900677,0.027279723033320442,0.007226650647062961,0.013520286015142467,0.029347795823131212,0.020903681074849082,0.018223494731578888,0.016638593113079154,0.15615261869020375,0.17324767096420546
39,0.01936426968474654,0.039129115665366865,0.021310654021566768,0.02167991050582562,0.059275494845503,0.019270839281592286,0.14661018861661967,0.017677225902722152,0.024994704325575372,0.00977009689510183,0.030823017668817534,0.04011426850662772,0.016785272651882514,0.0859117658439397,0.025701855596467205,0.014050341191865216,0.036381812471335095,0.020500431595714075,0.05353748745248903,0.29711124727624183
40,0.0873782383050349,0.023570075650704618,0.03275776822764349,0.07494806078628022,0.01978340742601254,0.28423075286432975,0.021601090875220524,0.017801595263380356,0.021233560288360324,0.027086260372694335,0.031973780065765095,0.024582870682327247,0.04038832987750241,0.05101000689949708,0.027544278730783394,0.09150343888024633,0.03191305337423337,0.03754747190409227,0.030957998233308463,0.022187961292583297
41,0.1241862609775993,0.028866184492767233,0.024766993404335975,0.018391454481141798,0.028832351962509658,0.025349016171687107,0.02216266097078284,0.27013237989935074,0.017118299290566366,0.02625891355700359,0.05868144241873252,0.022402057982222202,0.011312177440556466,0.022457026541658733,0.01198679889750949,0.011520546700352501,0.013697560679916617,0.2070994024179395,0.029512792084195407,0.025265679629171964
42,0.04316821187161301,0.09535413483995163,0.02620684415236905,0.028819291733780894,0.022312990320250713,0.021245196177493167,0.07852498641601484,0.01544207088792008,0.019605366726684954,0.03657873522203888,0.027395915705747835,0.0183501696481419,0.340244412937327,0.05487435275647963,0.036964940603331185,0.043564774056854515,0.01400048311198397,0.021461915588222184,0.035377724916491694,0.02050748232730292
43,0.028045946326481608,0.04497516554507893,0.010463072118375043,0.015240308786123792,0.014746323860414098,0.007642923240515587,0.03006093473667551,0.3225011416012932,0.05098723992868675,0.0764943610718759,0.029146830460461813,0.069103095727696,0.008300500682161083,0.028328293851850615,0.021240986880983984,0.053571861749659874,0.035760417005513134,0.11865173747006456,0.020657828676819166,0.014081030279269307
44,0.021621880356964374,0.02154820473065935,0.022979692009825463,0.02096439041612053,0.16684439584835284,0.00980765318017605,0.01924117734853966,0.013623721638467456,0.01668335911871214,0.0158072735323109,0.020835356455584632,0.05155434105578524,0.04499856676587505,0.024415300459407686,0.09669181726282838,0.01565143931442202,0.01267251212944347,0.013123156669020333,0.21497279321064694,0.17596296849685744
45,0.022391002103518708,0.035300076067843446,0.03617417088310378,0.060081947231750275,0.0400111669663947,0.04343629331709553,0.04445928618362052,0.052562370894336456,0.06813475518133587,0.020136989936570645,0.07563505629961602,0.04057208656797222,0.007325359413280858,0.0659735063877087,0.10251136476188118,0.030995254512176686,0.056274983870508305,0.009624309229414024,0.021556577487550133,0.16684344270432194
46,0.032691051262154436,0.008199074966375794,0.05525588975082548,0.07534827239564675,0.03190456956024132,0.06391145514707995,0.09436364553057584,0.030321605522286865,0.05719299548032807,0.01828915414708302,0.018839069707671432,0.10904485263084318,0.07416201957634228,0.0729274513140394,0.043714171844061483,0.05923774069783051,0.055247038375367624,0.03421740175085571,0.023541323079905432,0.04159121726048543
47,0.08112037425654241,0.0347280090838091,0.010585566938995154,0.0072592463879095,0.01617642927199637,0.07051685862869025,0.03093348370276086,0.10062814742560156,0.08100650742151294,0.019202545091486663,0.06206994214999,0.010207903700926411,0.00559426047716285,0.062003716478488374,0.038550284191653864,0.052985133648242096,0.11952716943906175,0.04890161514345513,0.10935682827751866,0.03864597828419605
48,0.04987592760872736,0.06234202932202719,0.0530010514865592,0.034943771083250544,0.1273691465108599,0.03756223563179992,0.02791117380242,0.05789958920559516,0.022526399254194626,0.03964619850883555,0.049148876656318084,0.06309662424340791,0.03806326307548881,0.03435204881888344,0.06443191137596746,0.05346902854761552,0.05918736509476148,0.06575707422000016,0.02382044868963361,0.035595836863654085
49,0.08258389472096828,0.024061295177293558,0.02066987199942809,0.02036609009919582,0.017044058427143908,0.01635028448309513,0.07241925833385185,0.0772493516485372,0.01884154064697055,0.05054312423399353,0.03273983742383011,0.015813488945866663,0.10018443328664262,0.04805862823523068,0.010014759068710924,0.14627012596095296,0.18628325323267222,0.012871864181899745,0.029711189453546685,0.017923650440169477
50,0.04634889775258305,0.10396237462625016,0.05813959827541375,0.04038344241930674,0.019212241512189518,0.03968100984312185,0.018933034180541514,0.013985291961749568,0.07195988053773678,0.021583233422957347,0.06283527941708486,0.013825141174278778,0.06537074968165447,0.03802784645103847,0.04276705251208711,0.08036851957432903,0.11487724085088657,0.04714314307791207,0.02666858084588608,0.0739274418829923
51,0.04702159777288295,0.024262577542953002,0.020675189019566106,0.02381571544516041,0.06665624927911805,0.016210528593943598,0.02349840034377725,0.10300238623751844,0.0573307000856379,0.2630182465289784,0.0348814453536093,0.024454609606530495,0.046542397118057285,0.07409093255225777,0.014371334370833756,0.015644854779313884,0.013062266601871842,0.07885674802254458,0.031786563366895455,0.02081725737854953
52,0.08047369216558804,0.024931679307375124,0.023635002969964704,0.09018473115168231,0.2093863983876968,0.022579385575257106,0.07766567243252293,0.054557696413783704,0.020532432877404486,0.016063192088623873,0.03274517748733521,0.01929309668101225,0.06202157527375095,0.022858405756391913,0.01862479694369604,0.034305975398641005,0.023907815529541944,0.0343404650436833,0.03514717565396172,0.09674563286208657
53,0.025993776098128144,0.39874833832404843,0.03048436955251934,0.03262719657453836,0.02187385095664244,0.019334548983083233,0.024345220417895466,0.026779415114508265,0.02858488316582425,0.02139149556388621,0.03977880037672593,0.02772380639349227,0.021600482831895872,0.08132613671676449,0.03715915896959483,0.024993161040711226,0.03340345904521594,0.023733391361544523,0.039178221223857904,0.04094028728912284
54,0.1396160604198352,0.05744205136879271,0.0568929378868741,0.01273361780877859,0.022351844492539106,0.013091353891921592,0.03139766850559979,0.025076484767488763,0.01514502833592539,0.030364255111501585,0.03643269961040116,0.022655944432644716,0.015482403429183483,0.05959967195710001,0.01279821723144865,0.08030743289835594,0.168731572240431,0.13542993227272482,0.038460555491850845,0.025990267846602532
55,0.25969325853544717,0.027202098419197282,0.018644356491184802,0.02100808219796938,0.02093318859573058,0.06121416490784608,0.03332995332966736,0.01846600365958015,0.013974266470226572,0.023835665152141937,0.06390655372072089,0.021396960342417462,0.020808499276779052,0.05038932182189819,0.010496703431413786,0.1553420946408703,0.1114921297788673,0.011080707175061986,0.03556047168646332,0.02122552036651639
56,0.013114463287328921,0.022683150424279114,0.14176798531190338,0.02019445906419133,0.019944660617528972,0.019500952239386315,0.07096723254561597,0.02911913186858781,0.10036759443319941,0.04641838793793257,0.0744819137192348,0.030665151471687004,0.007543705351126133,0.05997919003784894,0.02807459072214579,0.0637279331039419,0.1409322527637626,0.037591157682549274,0.05562515180492647,0.01730093561282328
57,0.08656783262840376,0.023607827929476227,0.04645863929597688,0.022832975884517458,0.10980538595108096,0.08654332112603141,0.024589108113120997,0.08999460678076335,0.020441280685041995,0.026318751549079873,0.03481820579969923,0.03014078225885771,0.026853951525043045,0.018844870936035353,0.010427766673629223,0.02108097182732436,0.17057454352031634,0.10429542413694701,0.03135768090930183,0.014446072469353016
58,0.03575850521394169,0.05045015055114268,0.041126881975295196,0.046957305119797316,0.039376397962308594,0.050013106728450996,0.0470899158430041,0.04566045637686729,0.05893625304032268,0.024677618747076746,0.05408999559206467,0.0633870174087805,0.061236630465600426,0.09007737765837912,0.04251013032477577,0.03833890183063527,0.03716673998206698,0.0684397232713157,0.028400032898275987,0.07630685900989831
59,0.06631579494023353,0.012830916752960784,0.015359816843944734,0.01597245706523468,0.1403635301063742,0.03645071884307504,0.06298795993182871,0.06477542184222365,0.009687530160542307,0.062148222244764934,0.06020599543584805,0.03967107416792955,0.06089850486232505,0.030285868943502894,0.013099769045397941,0.03411838253793966,0.057695532042578886,0.08958314545971689,0.030449208740169494,0.09710015003340902
60,0.053955773543522725,0.06069945253581713,0.02077265200802187,0.014206204018975752,0.022301224028019435,0.041529806384497485,0.12617369123192257,0.09131266013073694,0.01265599363044455,0.07537413978719422,0.021859443783176176,0.04946978921982799,0.01442922309833523,0.05278287900207701,0.007535465121246784,0.047759062107281654,0.09009626969159687,0.04479292004801194,0.082686069995806,0.06960728063348764
61,0.0536274991991095,0.02462696735407475,0.04187434811210359,0.08143981097378397,0.01615458902739834,0.054185213769791664,0.10372053477605994,0.024344363999904563,0.029810147834792394,0.030953591289951166,0.14201963411908672,0.03523854548313458,0.011800480399773971,0.035857247946529225,0.012432758917446891,0.10375068336320112,0.07815248417716228,0.047458967126516344,0.025520630661158318,0.04703150146902069
62,0.05703401975220342,0.06660966601079715,0.049282800457399446,0.015150477236293182,0.013836315606643798,0.012623146782919602,0.07433110290031482,0.10708416551389298,0.07516690395442732,0.04930181586067999,0.0746583826704967,0.06814016124237458,0.06395727420844165,0.07596504166819718,0.03483817111567327,0.02933735076450856,0.05700163847286831,0.03316523897553548,0.02989310596152514,0.012623220844807426
63,0.021680815318367845,0.036131630679583596,0.05066070041401363,0.3488109411309962,0.03574778794422665,0.06405107550994868,0.02185648995695805,0.0180170682523822,0.030252508377718465,0.016344993248410235,0.03594672188732533,0.03697575800920855,0.013880926059962592,0.046049570677841004,0.01828322094220284,0.05697057015455865,0.05050494785399758,0.02735809882031131,0.044023977177249735,0.026452197584736895
64,0.0331173419081134,0.026403136782130292,0.09135682357074,0.03278745847625663,0.023182664305349092,0.05603611989321845,0.07303471561911838,0.0658116407604464,0.1516277223993035,0.026849742690143036,0.02608991695438086,0.011264070621271539,0.02166058865121189,0.07619149966012495,0.05042184110081916,0.05126408420178971,0.0542623879509887,0.066336329020095,0.02995275751176253,0.03234915792273651
65,0.0966210581086079,0.029226129768504944,0.03858730151356335,0.032108030596083977,0.07899317008668998,0.02179515855610899,0.14847604067706485,0.10221994252756195,0.024844067322016238,0.011762974534425059,0.034077097471533375,0.014195119141553445,0.012420522168982668,0.030826257946252884,0.04351545155676558,0.014974604019707873,0.064379028881103,0.02676465343344988,0.059185316769497974,0.11502807492052611
66,0.057410311921585425,0.0359812944536369,0.04738892595419035,0.06755585785296435,0.03607941044439133,0.021481170673199042,0.06357356643760895,0.13267540012629872,0.024600158012980267,0.019025411173942013,0.04973125721415553,0.1774759467862898,0.023660384098582822,0.05865205805430443,0.032669718517697954,0.04265382726780063,0.015316712171474924,0.03255329109403891,0.04028836174692789,0.02122693599792979
67,0.030189482976459764,0.02569088810906749,0.038895269705670435,0.0190872305282823,0.02492615075849275,0.018034604908765055,0.023657741869823893,0.0405772092851173,0.12824588130169215,0.0634471512620347,0.026240949878389166,0.09886717785728939,0.01648191453158378,0.024508057416145243,0.05000586054083356,0.011666667064382522,0.08000546187929647,0.181661509833804,0.04163107627184959,0.05617971402102044
68,0.022215961728230406,0.050623355898016684,0.03223195531166934,0.02770779598727023,0.03633583590397314,0.02291913621410792,0.04110777706288331,0.02781762502534717,0.04388704421423473,0.027067754221425065,0.03781366562204966,0.0316670887888542,0.01544886245271878,0.13769463949629607,0.019148998317092825,0.035623686821061325,0.019777622624506514,0.026648384063964872,0.2294740191374484,0.11478879110884936
69,0.19206720417825057,0.040499327445463765,0.026313589805705296,0.06199594010177613,0.031583736575427734,0.053254979837805284,0.025483057431741486,0.06295956294594474,0.024682411931109843,0.07189027907830375,0.038620795215629264,0.03103594239705669,0.010913854410595149,0.042864751281540235,0.044479306369379176,0.06613453106362772,0.06687082737934068,0.038419118426544246,0.03470248965713736,0.03522829446762082
70,0.07213475504037907,0.0355844022998753,0.018587451936440826,0.01996254967947743,0.03397719753467789,0.016492799273956773,0.04690037555613773,0.04715266002252202,0.01693908192727943,0.05058177606826681,0.031055969761375493,0.06591881927309942,0.00784709766775087,0.03851753782831253,0.11702212087440092,0.038234261280888276,0.10344934360028793,0.05047474225448487,0.0340317589380839,0.1551352991823025
71,0.12418488312237223,0.08582798626034899,0.029703556292050976,0.02606385164791888,0.02515759710844553,0.049195968314284716,0.060301908678103006,0.02390188617076557,0.06333084159893275,0.024641067286177303,0.02260656668824783,0.06758206384441542,0.022181750765229966,0.04570598886995424,0.09224721898040993,0.03309585840997967,0.04988061576384403,0.01929767039385326,0.08009564329912482,0.05499707650554096
72,0.057367215955263395,0.04945342132303185,0.006579356643692371,0.05110817282577867,0.04817536038517825,0.06991629148755815,0.05496689125812561,0.04721978552541544,0.04931431236570441,0.04453589189391868,0.04725266883798823,0.04700663431158336,0.029076254132985875,0.04589314124962604,0.047182858445978304,0.031978222660033494,0.10745364433258384,0.06646834049674114,0.04725062385586431,0.05180091201294856
73,0.032671993021624324,0.21637091525172397,0.03615642800712854,0.03647040084908873,0.020371680090300937,0.0829123934867897,0.03139715180569474,0.032289006496317205,0.037798770147494984,0.021298050593270425,0.04529996928051714,0.04061305283025787,0.02206125083477584,0.035554003026581724,0.05074130907258412,0.03441128010882309,0.029330704437806873,0.030911534033502913,0.053100018504787516,0.11024008812092934
74,0.07517283625402027,0.022870650300158717,0.048772026637511096,0.043675047990477826,0.017811139420892286,0.10213683234322793,0.017093213089996763,0.07107757471766221,0.04272875866303265,0.06552504221320354,0.03368386311843436,0.018235922493900217,0.04333632949850342,0.021215841690129883,0.059608039133144844,0.02296799379265117,0.06494508248110134,0.10487048559216838,0.04526042244676848,0.07901289812301458
75,0.047287757722204934,0.03284139616611264,0.03320821460726015,0.03600981983236859,0.03252754012070726,0.02731346365037076,0.044953094461942095,0.04403414700925053,0.028379116910365074,0.07119485754947796,0.10824868343352777,0.02481465738119734,0.20605887235960646,0.019052254536401542,0.03702739376690311,0.0474787066732192,0.037213217589796184,0.02801020464407998,0.04220835280151249,0.052138248783695856
76,0.017870501929425787,0.0602758395732219,0.015770125596861615,0.02490512903092194,0.015323187198549755,0.015757912154979254,0.08011537638584018,0.03436582047996974,0.017969007005842697,0.06326997776490946,0.051506027177074205,0.08446273078446634,0.03948100748447728,0.06760416746189311,0.027168683688775785,0.039675578999645744,0.10673507892706952,0.09732669662783384,0.09051409265988791,0.04990305906835393
77,0.05132397056847393,0.029502690307123824,0.04923742948177344,0.05910132083183563,0.03146253749250519,0.04607810355019438,0.04825770723958886,0.07418589282858826,0.020500687121645596,0.09888456275062824,0.03821636967456549,0.11008605726279602,0.07753284875988846,0.031310787808160226,0.02082670797332839,0.043742961234762345,0.05145716643268339,0.018188781027641043,0.07551596685266546,0.02458745080115183
78,0.039522580622726816,0.03402059192013879,0.032408804035042704,0.04454356471777701,0.03362013616389764,0.050622740672071787,0.03924453140593827,0.026317691974611836,0.029683834653716726,0.08405343526453511,0.04541238620907945,0.06707955137339862,0.08149176128489921,0.04800685243652992,0.031759365716435034,0.11009499753831553,0.05498979183068974,0.07378617690864928,0.042947406454519936,0.030393798817026613
79,0.08063078120182846,0.029156600835130754,0.03606554054527759,0.06073508353723461,0.044678860670310946,0.025582586657503945,0.020409411143467733,0.04874445641885531,0.05942288232528182,0.033048576211854426,0.03227697266522286,0.05575224411124514,0.014326112910986049,0.0876824865199059,0.027597481619165073,0.03658197165527098,0.06536185818981342,0.0647603081399107,0.10201568993211928,0.07517009470961503
80,0.10265559216951978,0.031729638363085344,0.02135816769225675,0.025532246001121424,0.06074110683696754,0.04066605058157203,0.07118212775796091,0.12024788590228372,0.044992525810782384,0.018624208699599267,0.02868754888073105,0.038468258546973624,0.11905813744775082,0.05504131074358383,0.028645452625772023,0.048792907240910004,0.026694237315756972,0.027942695324437022,0.054792878789389564,0.03414702326954595
81,0.06541003944793264,0.0871212941144398,0.03794677757131597,0.01995491040578369,0.09441231896439112,0.0307092076886836,0.07732263579465351,0.022997253250121044,0.04539757020156117,0.059135902366782137,0.06241659619852741,0.03606959346377449,0.010518915514989947,0.04913454910933443,0.07261565008894572,0.051946308510700825,0.05213865460860391,0.07948348661551727,0.01906145187609262,0.026206884207848752
82,0.11499630544961206,0.024337505592779654,0.14471361573866529,0.10080644485814921,0.013454303545073756,0.014761198305030707,0.07336863151739106,0.042885286993608315,0.019307948951092557,0.006721860467989423,0.02704605591671387,0.05276249446272378,0.05056173597518915,0.05419073021774287,0.010892105594634447,0.09334209487447051,0.05028989715960364,0.06690685822758406,0.02704939239477571,0.011605533757169906
83,0.012595195734712258,0.07395771308671634,0.04036614879074432,0.07886441846740869,0.019194719678283217,0.05227870428745289,0.1257967871310356,0.02704298501737472,0.03555671405068512,0.057823737023289676,0.07842023497547115,0.011060318589209164,0.004416505973731358,0.07316169248766582,0.08000015642547618,0.0895096441208604,0.06272925774783367,0.03152781642644626,0.014454531554658223,0.03124271843094492
84,0.03388471514117138,0.061712580077881704,0.06161304334899054,0.059953248180701565,0.08548863102740609,0.03740829506600999,0.016179438819102582,0.020630440906698105,0.061387800413723576,0.053092942948204436,0.018390019863227327,0.05405597863126883,0.09218433714209046,0.10515061019491576,0.042907260804002374,0.04351345299783245,0.005568917810140332,0.047771362635438006,0.04236502200056856,0.056741901990625995
85,0.07321355509780278,0.041874832682471365,0.009863706573393452,0.037099261163313094,0.021877883896598494,0.008293956398969708,0.023726011130585048,0.060397862574517645,0.008462830240407651,0.07369606199015137,0.10842269017628607,0.11725546437780263,0.007297351529194841,0.15556824781223638,0.005903875708931198,0.02028008173786452,0.042506653877898475,0.14525809239571083,0.03253530084992927,0.006466279785935167
86,0.04107676936496363,0.027822793994371837,0.04163290541692026,0.04380949424020861,0.16078989094735396,0.012570995878083111,0.08081145644645792,0.021169436040573704,0.04622970184884655,0.07102751724749916,0.01639161029082148,0.04465144556830164,0.05889124346288305,0.023496792226326193,0.07803459749014759,0.06833377737830412,0.023009669085770887,0.026488007673691825,0.0746636047288157,0.03909829066965881
87,0.07238497346780137,0.04474112126991081,0.06199517140223331,0.026007115586250504,0.08500857611841461,0.05656222791978445,0.10718940507469611,0.0072081606314932205,0.013419975575473054,0.028285431415365277,0.07024266057856522,0.008963566107942637,0.006001894851218379,0.056486029415600894,0.09315987801787842,0.07511153106890886,0.06503220108017807,0.00805930918636049,0.07874695021226216,0.03539382101966217
88,0.08255717842407484,0.030342707702461648,0.016315383338826154,0.040036022396277446,0.05087936613722633,0.012679852597500554,0.016844548522339985,0.04012194438790034,0.015707512679496684,0.06476229931279096,0.10292424969566882,0.018502783184011815,0.02526685819639343,0.11169439292898223,0.011250353156951973,0.02213756539655608,0.09185161047259233,0.10518747434528687,0.07760063968442983,0.06333725744023169
89,0.05680282217143534,0.01656604086408007,0.007949488992546976,0.05584026402764009,0.08452279216798542,0.032821380073347464,0.11058774815829733,0.14386127647264524,0.06469505931598245,0.022810403028668567,0.04766861574949455,0.04738711568237659,0.003433110919841657,0.033708116027768624,0.09677803551959903,0.014042554235823963,0.009148415222910362,0.05686714150680869,0.025135336874037927,0.06937428298870967
90,0.07503133296134415,0.06196885522570027,0.09243676737348477,0.04608398600892068,0.014239822725529953,0.04252798140962642,0.02697520445139326,0.06876722126018198,0.016379540285630618,0.028287577877997266,0.09163364331059642,0.07495053403498,0.026359810640551238,0.02560206164030339,0.011572903308602167,0.046672377313599786,0.10540244513540514,0.0507217401574718,0.056140914141284005,0.03824528073739664
91,0.1855452266161073,0.06577874367641522,0.051981459582269796,0.06618413788727441,0.031107168792214906,0.03668142518720316,0.04630833952269155,0.09134883828119919,0.05240108362141033,0.029823486696698202,0.028691266604743013,0.026153755674079245,0.018442047547451733,0.04537508628342417,0.014932312960971974,0.05577851418094049,0.028193873070460992,0.06120971254792179,0.03342474639423461,0.030638774872287902
92,0.023301298727923917,0.0276978111896682,0.03167727678700483,0.04055981479572083,0.2729486424557249,0.02357113051002281,0.06666711944735107,0.025258111085138354,0.02765691308913958,0.03570110067250448,0.08088086422948858,0.030679599680157012,0.029554114289295857,0.03232151384563667,0.020031803552566015,0.08235812192812916,0.023661029117354904,0.03505592730956582,0.05666285732579156,0.0337549499618154
93,0.026612090672655846,0.14889194451649856,0.11638193183590043,0.04228066044822118,0.06321506661041346,0.032581111093270575,0.0261642665867192,0.012123643709221662,0.017159268130053282,0.012673175802523626,0.032978711797371614,0.08288321010849234,0.0062854011886803686,0.012219946289276237,0.043951189383228326,0.11601562891982073,0.07477621212541215,0.04121723176331142,0.028810388803129007,0.0627789202158
94,0.1298624732699543,0.04406593289752869,0.01907086798960212,0.04357905598379988,0.02914527253792531,0.10260590846205697,0.01590585682913688,0.11686475560947893,0.018591693161178646,0.07736438568718243,0.08673762045408961,0.012049991414119363,0.02171930178785976,0.015221706462394898,0.00472971640137233,0.053756613595365446,0.073072389549417,0.09694203526767901,0.014485195236225242,0.024229227403633216
95,0.06491020801318914,0.017063891296563532,0.026669112369402947,0.023802622474047436,0.17699814987633844,0.06141241132241547,0.09192715707434104,0.02415545492155619,0.04900267184464489,0.05443359155135816,0.03321953342028349,0.020675643482546267,0.0109919308990101,0.021992275049547802,0.02402389317883686,0.009865465764429385,0.012676433567203556,0.026281916396189146,0.1615094522560261,0.08838818524207004
96,0.05630078324330984,0.054920426252858104,0.06769799398892443,0.10563340002584325,0.03436708752355923,0.019817460355225535,0.05913170096289656,0.02455120280924923,0.04645886015791845,0.05142267866211507,0.026326324361418317,0.02117794787857744,0.007331422496628476,0.13847757615855513,0.06707696735073113,0.0557491970510518,0.06614251947614283,0.035193662826896184,0.028299413182933022,0.03392337523516595
97,0.04727453876192314,0.031430929458736115,0.0417115846424098,0.07272449530617256,0.020268019064941238,0.03609784461881925,0.0915786930733324,0.1339539637219172,0.02491378893755066,0.040182251581027145,0.05703147284684123,0.08715495523308939,0.03682961858313108,0.0502564408396261,0.00819311569920266,0.08445189997410671,0.06692810082926298,0.012938817444964307,0.02582470203608207,0.030254767346863984
98,0.04889676674491077,0.010816741191404442,0.03278427721171452,0.020153576996550543,0.05908422726829807,0.0472323213945571,0.16470623938537454,0.026386891927209628,0.0489777992849909,0.02676544832002942,0.022116129091277817,0.04391121880938323,0.039149949441869086,0.08148863824186205,0.077181010147769,0.06883928680575266,0.09692937056564394,0.017334107400314595,0.03914702170819266,0.02809897806289506
99,0.06603116946424324,0.022547463401032954,0.023803808824812533,0.027560230264622683,0.11083239682290938,0.01350577127817839,0.02335221253424829,0.14402908374781342,0.014315057865158553,0.1114855387394187,0.1523253757655817,0.016770895158901268,0.045758272730190445,0.026647074310958738,0.029165588832506074,0.026162292782803288,0.01707390245857058,0.0758127333036904,0.031158311030005992,0.021662820684353302
100,0.12229739931689207,0.07861456213929105,0.01703950697268706,0.018680501855173143,0.021095598387828783,0.06426519671763423,0.020698786544117265,0.15764034862035436,0.015383506631499807,0.04447660982540809,0.06483791474887311,0.060025671636910964,0.05642427669408491,0.01888604841905076,0.0188145209711974,0.010852430377141632,0.0377959644645382,0.12492049171227881,0.028302738662768608,0.018947925302269672
101,0.05571994219756076,0.025583127837327777,0.060234765265947926,0.06222445156480934,0.04397925507958195,0.07014161165440713,0.011119263192351738,0.05219792656723622,0.015030182202647431,0.029796275529587718,0.021451196233673912,0.04483954828006401,0.03368521217016942,0.07255095959277037,0.050196325602312325,0.07916127303422693,0.06405936391660258,0.06769121080585641,0.08150537004123323,0.05883273923163283
102,0.12162279838477835,0.03385527573587951,0.12623211145993551,0.0331965698882124,0.026907450213359694,0.054701282855851185,0.03925053398823501,0.014925795865109857,0.028251955543345933,0.03822698856924582,0.02752935272271522,0.056816566541916226,0.015511631409274772,0.11442480985688495,0.05203517512674871,0.042167519554704734,0.05408164099806392,0.04138623954524605,0.027688853301690054,0.05118744843880205
103,0.030225216578304185,0.027312206829830578,0.024881762767805578,0.026453838431202432,0.024819466135711357,0.017757315874778697,0.023938031392407383,0.13597277009929862,0.04246043514923893,0.10270958321069722,0.20290125868004116,0.027872108740790918,0.016875863735796033,0.02555001471267996,0.013298163449994807,0.04451181933610444,0.03378984425876127,0.12037507720172748,0.02598288994416236,0.03231233347066661
104,0.07040027373359004,0.01874188835217614,0.03143655168089926,0.04219586268164892,0.019443184502754313,0.032650027282459484,0.18040451017590403,0.024294139238748187,0.02587427224427157,0.07164053584147252,0.043814754507780815,0.13064560193695743,0.014410836036521392,0.1286303282285769,0.011648104754439361,0.03790335598107525,0.011309240187650036,0.015380711826866584,0.038928696521237836,0.05024712428496991
105,0.047967176321668394,0.03720475145853986,0.09028913304646416,0.029617575876789988,0.10333148049698743,0.05728968124972731,0.04202960614872162,0.056825180317432736,0.0641147753554136,0.03211165114593646,0.07419957130503323,0.018023897330626155,0.0038150911638311774,0.044236728800191354,0.015218465296300979,0.049590001450241214,0.05707922992925155,0.06713523959811553,0.07213866362924683,0.03778210007948046
106,0.038807833040146365,0.024313758989923516,0.2105550149154644,0.06577005289750568,0.018742931468617288,0.09194636836544795,0.018228289999729176,0.012964682618682324,0.04633547835057744,0.029360363906788194,0.03445287142975831,0.04952832943484897,0.012071127603130132,0.03664212645761037,0.02473484749706143,0.08635403017735349,0.13914250007469833,0.017038704939039022,0.0313998550826059,0.01161083275101166
107,0.12069402575937715,0.07036642571752853,0.020831056023229166,0.01831722574992719,0.030506997249470653,0.01255512314846662,0.015334082291262208,0.23850555690864145,0.039489623611849635,0.042209229012873314,0.020940148340437698,0.019288404796291212,0.041238651725714566,0.01791186289748816,0.03476638732646176,0.034999799907652,0.050519101938752226,0.12528776205962974,0.030987021589587466,0.015251513945359226
108,0.008948437625739828,0.06140941188308044,0.01403157831544288,0.05518702212103768,0.019795758346447145,0.018445113110363055,0.04544093874038266,0.12091425440917464,0.0504504374273949,0.07826848500814015,0.040977206496854345,0.04686698857953752,0.007331872803853332,0.18561289992763136,0.03542180097030436,0.023457555970677932,0.07638472372228407,0.0688218627264427,0.02453613515739935,0.01769751665781166
109,0.03295720016390212,0.055949159320680335,0.10245286009632974,0.07777072294962549,0.011962364698656847,0.06328664321902745,0.026112508637533574,0.02602922166654939,0.07161606485196925,0.024516598902991647,0.011632535908839663,0.07126432980262323,0.006205874714104668,0.048095587033188024,0.02014982476369663,0.08219310579956668,0.058255674252464806,0.031132500478623117,0.1090861036554377,0.06933111908418965
110,0.01667461609459098,0.026138592625823277,0.02488503332972252,0.028063249055988167,0.0415154652898941,0.020218728673964237,0.05186595145244251,0.0935310266585144,0.02676480926000012,0.23636596318989617,0.051672924720786995,0.10495701187683593,0.0371110986516051,0.026509199199420366,0.009932853782739962,0.014910209897914466,0.04109953415408013,0.021393998319122275,0.08628948217452224,0.04010025159213604
111,0.024799852768610936,0.0737503725296202,0.037903839880267305,0.025540601224603252,0.05130754141548982,0.039716990996757406,0.022624679525134424,0.01711155505803261,0.021591337824611395,0.022974722508817852,0.026650301261622343,0.052257216884161434,0.012604552738180255,0.02065936661430788,0.02351663295602077,0.02156193437275103,0.0708806133154214,0.01965333081282477,0.3480725248685165,0.0668220324442484
112,0.04226234606875409,0.020965310678834264,0.1637274693428601,0.07322805560404216,0.1615096044424251,0.019436569721125743,0.04181998589179109,0.018814818468659653,0.020074372959836606,0.01665708891285328,0.035402190696351185,0.11479283285708948,0.010108460878012968,0.0756440901155321,0.009832370858893063,0.07674984711443072,0.009346460005318975,0.028759221252283272,0.039017933760330026,0.021850970370576185
113,0.025565657366178045,0.063400298346152,0.018359357768457395,0.06473594021286277,0.03646990085038533,0.012792347943573968,0.030109742176198752,0.08431143821063783,0.059692867784696665,0.023771408772709855,0.044117582028431176,0.05220747734410105,0.008496920176570296,0.14430798315826754,0.0664376901812287,0.06389546361792238,0.0347968656958643,0.03257771274465891,0.036583578671502415,0.09736976694960058
114,0.10909414805129586,0.024409378558482266,0.05714816292626076,0.020839313940879754,0.07146575568753558,0.09266208028850512,0.04422677210863692,0.009651350014363288,0.020595362837569717,0.024287069032328253,0.12203668188602675,0.027927046790304128,0.015818921979043717,0.016147625095809096,0.022351904755552265,0.1374162056469442,0.04164007631154415,0.038889390849832096,0.08535401697083071,0.018038736268255404
115,0.014804086334751373,0.02743366503742927,0.052413062407209735,0.11283552826012339,0.04739786730086568,0.054143986022067714,0.014525475829166936,0.1310963909623878,0.03132624505635145,0.26155799960129483,0.036132050987379566,0.017842189488451114,0.03991538533926838,0.017095565482872194,0.030711861965939963,0.01869841747647101,0.017804540041931483,0.014149386669864919,0.037835526477885066,0.022280769258288095
116,0.08380085826902367,0.06496290704325082,0.01531516489816126,0.02091018013655607,0.03282249276519437,0.013216474345714902,0.07481761638904492,0.10369831548313448,0.08953675160915925,0.07408431194552209,0.02774629016533538,0.013401781067967976,0.007860026737684718,0.043593994032239076,0.10594524129491947,0.052331171041985744,0.07068124785030777,0.041356713408915224,0.018957949292111868,0.04496051222377094
117,0.13044349053045953,0.027866338285560097,0.021911692539114024,0.02346235913452832,0.057540416469673485,0.01752866961884413,0.017110949481873625,0.015997428945176473,0.018102583983052933,0.03862756519880892,0.025250858547943504,0.020307072223397143,0.25616540428581225,0.016953786745613642,0.009478391157315164,0.09196874624580972,0.016721977037858667,0.03613500204192745,0.02604141151124014,0.13238585601599076
118,0.013795008701354694,0.3569782297525984,0.01802731868038646,0.021240912566481154,0.03013246994899682,0.025026099217811647,0.016106604552789672,0.026193251203982935,0.027749486948973275,0.041100878545560215,0.06463163146296905,0.06920944975702367,0.03554362230779388,0.04698036722760807,0.06464531975039814,0.028752441801032126,0.012409895056498824,0.028750949158836657,0.030403021242346836,0.04232304211655756
119,0.07251878728977262,0.01853607367804962,0.012901804207218183,0.07383998339875317,0.019603302849321866,0.010625383893644836,0.055432300442050345,0.026655153614196438,0.017352363300245977,0.0803853351928932,0.05221956366608765,0.02625270931926826,0.028095452581248424,0.025174299031382262,0.03341241208338375,0.029677797613499333,0.07243712752903152,0.23447719546717122,0.03444069074023063,0.0759622641025507
120,0.02755858673099428,0.011218442839223682,0.009274839590067968,0.04091114094395225,0.024893037268389387,0.013680043754947984,0.03842168904775539,0.11114944648662353,0.08782526465561655,0.02507987045493601,0.1229440388911894,0.046863434478166405,0.006663165755568525,0.09238457413304281,0.049286829308388666,0.09998186815829505,0.03971844534827596,0.1308554642486899,0.014119293760662906,0.0071705241452133745
121,0.057228430162017105,0.022605887819637308,0.05391644975283452,0.02735227407461618,0.018827117237750532,0.01738124363074049,0.02075250901719342,0.04482851944221617,0.022714171233539682,0.2723550718222915,0.036931289500140345,0.02187618428649088,0.01237310494214388,0.024228313654521758,0.0882450157356624,0.04617919546242112,0.038524163528810676,0.07539326937850452,0.03833145664875881,0.05995633266970866
122,0.10167730592506578,0.014689441548142407,0.014268420312055045,0.06544801604796224,0.021078167817471186,0.010739196473926075,0.02534085428716763,0.1059870833545642,0.023340762264254366,0.07810789902120936,0.028170948495613073,0.03164570448823742,0.02510508060981088,0.01705859152619766,0.01984988599512545,0.1192627861375612,0.19542527311327132,0.0512788349715821,0.035078695214128194,0.016447052396654463
123,0.01490518581708681,0.0356794766373838,0.01701212833596913,0.03367799622128029,0.05470736186368224,0.025335459478977168,0.023253708103756845,0.017881621912360972,0.022105515074044395,0.01685946334747136,0.033487243533085215,0.1324107444752096,0.13123740472166057,0.040006461275490277,0.09764976920526501,0.08795210379926159,0.0670955323847465,0.09791938659647785,0.03663626617989387,0.014187171036896543
124,0.02702591272078015,0.058183358177757015,0.022761796974654726,0.024409923870753622,0.060604067724440866,0.016373314002050197,0.033716085308878936,0.10231617974601509,0.026050237180688558,0.27061207101130447,0.05508894249869578,0.022882021725032006,0.02379844678673205,0.02382653562131193,0.012079355697248067,0.040992009391231925,0.027628578455438663,0.04010514163363823,0.03207677055841677,0.07946925091493091
125,0.014722133995865791,0.26609932597645847,0.018171348706328822,0.029116131520132635,0.029776631457668443,0.0735420256330098,0.01765255276567973,0.05153722410758485,0.021008464578590364,0.03836000080118668,0.029685591774513506,0.07339704823000394,0.0102646009573704,0.020711190575905845,0.031828619041441866,0.02679786943477301,0.03992655966804685,0.051495609220833766,0.10621816659521414,0.04968890495939114
126,0.06529470123879214,0.06300464160835849,0.02140687333362245,0.04090985534535411,0.01047519882992676,0.014283977438138811,0.014023483950000918,0.038452013964044574,0.06844334408017698,0.030857566315100438,0.07040921317515815,0.039256332478160245,0.008830478384797138,0.02947595775472274,0.16272209218188977,0.031646638362281834,0.036046766513521365,0.21541327936145888,0.02106123910581781,0.017986346578676447
