site,A,C,D,E,F,G,H,I,K,L,M,N,P,Q,R,S,T,V,W,Y
30,0.051376221338084886,0.01790924259480468,0.11361497211947326,0.02595199913287247,0.09335290269458067,0.02777993585341892,0.06042676742938203,0.10551653018220691,0.010784826905485677,0.017266935877641325,0.007271599388272091,0.019127024114640654,0.034779704382587776,0.054858812030272826,0.04728439750350371,0.025549444860874612,0.14868267176355743,0.06992193405188316,0.014803265462343155,0.05374081231411378
31,0.024206578358774482,0.013878529890696992,0.1343671030384343,0.08222926921450036,0.04821635972357623,0.021712091797375817,0.07054490779185338,0.01281291124440635,0.06176428406124991,0.0720031214932792,0.13487966324014725,0.046293970282818044,0.0840291079786859,0.022127447562219797,0.04546787160334536,0.012791748012563166,0.016259754229634236,0.044756749332780316,0.016526443527216682,0.03513208761644223
32,0.014740913110932926,0.06337828309984984,0.006569814367047718,0.04185513213884764,0.03950887954212416,0.03175264221771782,0.06492237118730976,0.09032073467796879,0.02152295205789456,0.05638889771951485,0.07252880965185045,0.056257139497957624,0.021812934308316323,0.05421084289404384,0.11298350807108114,0.050603219962909465,0.07746693774379902,0.0594981275685618,0.021809357990221295,0.041868502192050974
33,0.13057372401696665,0.020030691318291986,0.011408697675322939,0.01221873050233406,0.015506202582541985,0.009898685019712033,0.059375943348038626,0.05517647918119867,0.009268942312629161,0.1402524403699301,0.017039179272071967,0.05405950421358006,0.05042239525089958,0.27270457467597586,0.02317569541825061,0.01631146597817972,0.005082701988605517,0.04108965493275263,0.0465492156070965,0.009855076335621323
34,0.012160380608718387,0.01589978462619569,0.016522115257053525,0.07753058272573815,0.09622069341626517,0.010642683940886789,0.008173208273871701,0.009710078088173603,0.01211114698725645,0.006024604299422921,0.12355886910012996,0.01279553830682553,0.08462091714114178,0.01116497265099644,0.10403938048754931,0.04757658961705367,0.00828913433950637,0.00942370013093277,0.1799870315207286,0.15354858848155323
35,0.2072321097629103,0.018459326476865563,0.05241581198240378,0.012047201326228395,0.0077961204101026525,0.009201877592820557,0.010654005955507653,0.021650056945863336,0.012327579174765995,0.009152365627739573,0.022949215402206208,0.012163883480973504,0.006593724821745568,0.015645264465347752,0.005176131075603383,0.044744795078937055,0.15085087852141327,0.32134393544213324,0.03497117714553013,0.024624539310902128
36,0.04490971073617864,0.19250306826245764,0.011785114581637618,0.01390594185859662,0.012983514108199453,0.11221994484382021,0.009240530618432757,0.04065101443693933,0.009096621930852115,0.002227052088817938,0.021802937630532357,0.18010544129789952,0.0036558601883246574,0.009420389823573034,0.004935342122871887,0.06720645342317282,0.19118917650625927,0.03857149938540928,0.023777837848682176,0.009812548307342678
37,0.03807311043027455,0.15825686034262307,0.01588806915777686,0.017591811169781008,0.013245439506370565,0.018003817081652766,0.017255920743010886,0.11689923386443918,0.01823497382298939,0.024241562874593028,0.0293785055771464,0.016295247194875583,0.025139067297868217,0.01858477777819996,0.011417021121493363,0.008569620296610491,0.007975216784129612,0.38727220094291065,0.04000664373626452,0.01767090027698985
38,0.007502861431705351,0.031893499072818854,0.011201011686909857,0.017010024672887643,0.12664356987418426,0.052994905152365754,0.023732874201652758,0.029616524872450672,0.014059819818996212,0.016461148627948553,0.02457729059331662,0.16354971355668083,0.00777155054110341,0.012783220695518375,0.006714282799891855,0.004702119920478747,0.005160710295343527,0.05519904813585284,0.02203773704814404,0.3663880870017498
39,0.009925931591532136,0.022885273545414593,0.019725208283901993,0.07474582143962166,0.014260974790188926,0.00837627186540555,0.048297422352116,0.010852536552058374,0.019110265643526782,0.004376201744159121,0.11549987695969237,0.10149542511202306,0.007268551441488813,0.014056367996359927,0.010086130502951738,0.1446135359696167,0.025774288572490894,0.06934904732389066,0.03503879427174302,0.24426207404181763
40,0.1479850048059714,0.01983278970479539,0.021597206695953036,0.023510550669640234,0.015943732923365074,0.3908876103115434,0.02116984623921759,0.01275465078379792,0.016945793537904548,0.007788127383626518,0.023603546665075154,0.023758966014740014,0.011639749325420255,0.020976792822481053,0.01618662704512844,0.009746414977980563,0.10283897311400786,0.044468012926699836,0.049217867688825474,0.01914773636382622
41,0.06923677314626005,0.021988100938319287,0.027262902849776664,0.12000016159173313,0.03199198412105872,0.010267923769989742,0.024837912940879447,0.032622131202165734,0.021546691763949848,0.015064611783765012,0.03395719350358467,0.017009311449110068,0.010594447006007486,0.019405008450225136,0.011365771247406745,0.01356100810172507,0.016186090133186615,0.4433063922649972,0.03254470802156542,0.02725087571429396
42,0.023493758239663827,0.034992421929270684,0.020402482549904247,0.02375413827091002,0.017157870793123222,0.018122808225765404,0.054314341435424435,0.010141438845735743,0.1065427662907977,0.05791767809164278,0.02562367076081252,0.016569555950282085,0.46999617619754575,0.014311410879589821,0.014923176787888615,0.01844735863084549,0.00714050445921127,0.01931927544349096,0.030087317018476178,0.01674184919961924
43,0.031442719967819326,0.01622890273082233,0.013076468855190603,0.02058415542025614,0.016931744696157422,0.007178726866756503,0.017463925105233646,0.009403967958065989,0.23019082828138462,0.009371326799689387,0.04130936716925716,0.010213819581198854,0.008147933707093444,0.015476440145401147,0.005359604037821861,0.006766240185679022,0.08249650773454002,0.27181841153401753,0.1715825556898371,0.014956353533777823
44,0.0157427212248975,0.018197363041191458,0.021244762872411317,0.014501971222654418,0.18563116818436612,0.006351721667509932,0.10211733846628199,0.008789834827218937,0.012850224319251282,0.00905621799240167,0.01692144171891068,0.014260004253127314,0.009458400197789766,0.011496766545865266,0.0330218144407656,0.008837107752243747,0.007998374009642022,0.010697345328470362,0.2721378796239457,0.22068754231105495
45,0.10881547009578336,0.06799636760787554,0.07887582086579228,0.05304891688162259,0.009548480293106835,0.027664045304272588,0.06112564155881858,0.04725555715168079,0.05964270306781465,0.04941763215355447,0.008303562670831691,0.021204709656992483,0.004767911470327923,0.07263050058905467,0.08399049563642728,0.017030427188025634,0.04415985146030641,0.022990243874734664,0.015041675557277218,0.1464899869157003
46,0.06881685103967958,0.006212355319548928,0.09050036807169756,0.0747031544166671,0.0061028928521579704,0.01947492473556615,0.0060552689940540656,0.02958631326517232,0.007949280020014278,0.032215707725304056,0.016881350491837165,0.09038455386266041,0.05775491686912067,0.11718181536486787,0.0027956291795444023,0.11733514293332953,0.14735492003742828,0.010362020512337143,0.03487984267856264,0.06345269163044986
47,0.13928699256121946,0.014394040577015887,0.011595004353367562,0.022887553969626457,0.054516772591910546,0.05222816357128102,0.008494172470957425,0.06963917393020437,0.0111469230030237,0.1165794398619089,0.014198464563322306,0.007774383891889556,0.0037369392182174865,0.008291863255383643,0.00442593681010974,0.09271988760634485,0.23977937141111766,0.059473894081742536,0.059071177839352694,0.009759844432004195
48,0.01777315290277358,0.027274325232934417,0.03876574695641868,0.0339919612946738,0.04855557583149548,0.009921074770344016,0.05477384667235483,0.07083115186473615,0.033976297628254895,0.045665894844593546,0.1683051349429016,0.022608731034424123,0.019490834497981335,0.06538038008165088,0.03577551935814,0.0935801641809312,0.04820041330367516,0.0653055990988923,0.04682561844509563,0.052998577057728334
49,0.14655900596468027,0.025363816796599367,0.012791595823302037,0.06314197272101194,0.01017175362546704,0.007019405214405763,0.0101779205509835,0.01400458442500722,0.00920891247947371,0.058472189058298624,0.023532733782811243,0.0038248453266727838,0.12840768532565008,0.1104277898409173,0.005756574388486539,0.03305765337572812,0.15502759106921704,0.15294252541769654,0.021033533367783214,0.00907791144580771
50,0.12564488272381255,0.01720998096147534,0.047831840341709855,0.011483384012902506,0.018330798420836413,0.008120120967605957,0.04763306741629996,0.06538661936345282,0.01495342970961414,0.005227969538323373,0.02383514165342372,0.029145374978169342,0.1419661260988453,0.01235464599923965,0.007087907437317308,0.03034043902640046,0.188008830022045,0.1695938970818004,0.02571578778397514,0.010129756462750798
51,0.008622977200313776,0.013500486426576851,0.013837697515103093,0.010544647546869507,0.05446162868112401,0.010092457617992366,0.014168110056846922,0.19459719209787105,0.015061998153204971,0.21022257029547714,0.1777786808372082,0.012036763375489692,0.007726203367061283,0.011831730776216375,0.005340982436858694,0.02954290497437056,0.006738770110811286,0.04228578080483494,0.14911400629082963,0.012494411434939647
52,0.01551694000332517,0.02643415309551218,0.015763336000360704,0.018191812953184287,0.24789980940794631,0.014300779146553765,0.15118854842713353,0.03610936742732617,0.016766131628011688,0.04588820867940441,0.16722084329818182,0.013406602831050978,0.01169792119997949,0.01606433895629122,0.012520032639778772,0.006435605220965495,0.009898258422970185,0.11444559688717511,0.023999784257730403,0.03625192951711834
53,0.26722769444125555,0.3822874656840844,0.02089986292798792,0.029502125969505046,0.014569877212935069,0.014584319960617403,0.01980841974030845,0.023228386447041383,0.018558262909298833,0.013934435314736435,0.02968563609129773,0.016785983821705902,0.013879236354473915,0.028888748041829383,0.01541157818013873,0.014547983120484517,0.014984322825536587,0.016868007095909077,0.02209978102240226,0.022247872838451383
54,0.1691097909504573,0.017330301652896733,0.012630376628147753,0.010353253990552405,0.013013438038090543,0.024490782520454654,0.012171558472481324,0.059603037637612724,0.010270523739375096,0.008719852396271594,0.03444210671663882,0.02027849516470899,0.05084689825167398,0.010529060261814008,0.009327324424559379,0.006833935099378487,0.2217899955249919,0.24962451942292768,0.038291008313519614,0.020343740793447012
55,0.1545687574718391,0.1736062167325545,0.0175929716989327,0.018338941223401316,0.01656127961551055,0.0357447084936013,0.043848557586993374,0.009834096815608937,0.011270537330207856,0.007480848131241146,0.024156994914732444,0.011145535356127325,0.008667092447907724,0.010781062301701758,0.00586088162966168,0.22698247679551267,0.07816641510214743,0.09515188880395432,0.026012255915171756,0.02422848163319208
56,0.07910888830826347,0.007524615218659177,0.05082423515889843,0.11136624606844543,0.037429135058987734,0.02082063698927004,0.021887212935784908,0.02194610482823436,0.025998156794477024,0.02626927060863953,0.2059507620192379,0.045105567766060915,0.021862711869638046,0.03204617085067885,0.1265601503882505,0.05607827039221054,0.056942429671601826,0.024831968315831402,0.01681730753988198,0.01063015921694796
57,0.03966051385527307,0.005900960737385938,0.0034064889245167328,0.0038702658690000845,0.005209057952646646,0.03838574716707314,0.10060873457328263,0.2508054623678091,0.010387195676808913,0.07008115757330786,0.03464479038566695,0.08593285033581914,0.014826456490189197,0.05153201398312772,0.002533579808477582,0.024012597147275157,0.0381575685116887,0.07657150119886254,0.053783873020472515,0.08968918442131635
58,0.02837706714004866,0.0519781250424698,0.040685101273958184,0.05177566378926735,0.0889073092938601,0.04316813206109167,0.054670446080458145,0.04653833195720348,0.03666278568304173,0.02256574937587408,0.04507835308277411,0.0439653510406311,0.033757099437099584,0.051877479217516335,0.06364084945541018,0.020086712176735216,0.06190142849802997,0.06120915936216025,0.027626235163004588,0.12552862086936545
59,0.03876313888701328,0.004623676418179838,0.005349030104161045,0.0011659630686775575,0.07849490247103234,0.05340404419112718,0.05059487864870712,0.09504706438309317,0.013566047984126655,0.01893159973660372,0.028267546054152753,0.04328673241970272,0.05818706410176904,0.12028252185657058,0.014241332933385678,0.05413878874398056,0.07755907098739415,0.10608492545822037,0.01178068511823773,0.12623098643386454
60,0.06400084249584297,0.027300588365924257,0.008918256081430296,0.005106302090313574,0.04297095559458034,0.01956053703719432,0.06215857194376524,0.18347177186679497,0.005122976763570751,0.13884154421697456,0.008335248042121041,0.007741662313546449,0.029977803686943236,0.011557387673036724,0.021847441380087113,0.11360438817478644,0.09701510154042338,0.08650809899309703,0.0182890197667578,0.047671501972809574
61,0.033968795709545335,0.043791168605448044,0.027010328521756326,0.02952136660275538,0.07546105021779778,0.08400127297485685,0.17699899384598647,0.0823151341059539,0.009180652647424292,0.04412677451317824,0.014334767266083431,0.03283951138790275,0.0022299723635096085,0.00957457809681164,0.045791013759206134,0.04087778332640697,0.05540214710894879,0.020756308693284622,0.041267494942445276,0.1305508853106982
62,0.023824015816332533,0.09614798295055846,0.06769369398116207,0.004452247517832163,0.028530485845965535,0.03611691573828909,0.053220757904730354,0.10985086273153352,0.09310936035965194,0.04692753710184664,0.04537582072652764,0.07741498259062563,0.06819105701441708,0.02376452284650494,0.05333638043331421,0.05349076983706243,0.035670600885929465,0.01851460333720138,0.011286276875891786,0.05308112550462318
63,0.008451238603568601,0.020279175038636917,0.024910674687418803,0.1961702484719935,0.023784322302510957,0.17863174063286835,0.009584039040469661,0.007851422944787405,0.08695128842379052,0.005599103689917378,0.02520290265370112,0.24883416816369622,0.010061936281400556,0.010542162250687744,0.009339039131253725,0.005523522100870115,0.050526322992585346,0.007791893395712676,0.05335389678592161,0.01661090240820879
64,0.004367943637684089,0.006121346667311421,0.17642955038586577,0.1342017132379077,0.00524611147734514,0.061216590841514415,0.07724024860666943,0.04896332179160495,0.04318681046913237,0.01917117854596712,0.03602879467232112,0.057005528888996924,0.017189890612995782,0.06011165395061458,0.0623553901133727,0.01833557026244709,0.0979855621190905,0.0488247463770529,0.009302977194890146,0.016715070147215867
65,0.024330209945917048,0.01434914788008179,0.04677490334230328,0.011550609735909264,0.10133835070879758,0.03507541937059623,0.05591535768452128,0.08081696089560954,0.009403000938433704,0.030066142308705246,0.01460171651954467,0.10172545923595402,0.002227750151778963,0.060645234522860254,0.00658302778092647,0.04564385078159575,0.08343982939635784,0.13036546917041214,0.028309630566686075,0.11683792906300884
66,0.1005716868594071,0.029005632271191115,0.16496348367418465,0.01497228690190013,0.01991453110821041,0.07403391727104751,0.016087671364553083,0.016258692385639862,0.00767578019344739,0.010605880938373584,0.022133888820801695,0.11939617483762448,0.015270034607922369,0.12175729237594485,0.008365340207914273,0.038569574410167874,0.06455566369635374,0.05879482855075666,0.03175496139114472,0.06531267813341453
67,0.12312516723157464,0.10348995647238103,0.008643020882476276,0.06395735077420987,0.03745103899201947,0.08121214056626112,0.011452572691189208,0.09804391255054153,0.011753936012893247,0.04015205690876679,0.07722293062607535,0.007374241186885014,0.0056668647530005185,0.009009617515194591,0.006414640103686423,0.004172852181894699,0.09450738202454322,0.12852233519660095,0.03409797040463385,0.05373001292517221
68,0.024242088426235934,0.024630002819094787,0.015229462470571789,0.009881806521175901,0.08300341855547143,0.017626643643361896,0.08574913826603807,0.1724066452729843,0.012214679763772709,0.004068930759431969,0.15394886658070278,0.06317103707373807,0.02210357408629473,0.06527485155645042,0.025712245288678156,0.005713815139409995,0.006729461649061807,0.08353862287314896,0.11525959666088861,0.009495112593487714
69,0.10453605951517041,0.025360637758162413,0.012716806268559921,0.009768532782353194,0.06970015764220282,0.017152714218143166,0.1291220393795626,0.11306158987874038,0.1666511014067181,0.052836279269201064,0.0270572679854693,0.014621764077711992,0.0033480206829345745,0.010409017309745762,0.005455265335601421,0.010774962679305325,0.17561428000643686,0.01569730359862475,0.017188495733871195,0.01892770447148476
70,0.04584854786169165,0.03748444480687399,0.01546766293022628,0.19095436874272603,0.03157308429608556,0.011360420893147205,0.018087582907936117,0.040247545019626005,0.01059235129768724,0.11098692430077856,0.03409076824124985,0.010218192891033068,0.0052466850690531,0.009860979866044709,0.057507823145079226,0.04647157356978964,0.12246749476823596,0.024774348693600633,0.02204758919838875,0.15471161150074644
71,0.005432966367603875,0.08581539313213195,0.09664907958151885,0.0123237630815111,0.008406725045958716,0.008838375131576108,0.03785621360339124,0.04277661004379769,0.05144808662438628,0.016038264531412903,0.012897423365891541,0.016626228787631717,0.0026089135582794258,0.01787261181987317,0.05010140447037139,0.006051910870132409,0.01802524663686511,0.08817754152269265,0.2780455485787982,0.14400769324617563
72,0.07664070564831374,0.05397753365278392,0.0029197386749278474,0.05053478135307022,0.051173866028663695,0.04654874025946315,0.0536082714691216,0.04722137811211795,0.055786579078381804,0.04447043970119725,0.04310939170351059,0.04271892356681085,0.07631415588325935,0.051180387022819726,0.05202041031672866,0.04173383018217698,0.022124345460878492,0.08199290757531252,0.057169981434369424,0.048753632876092266
73,0.11456815079826783,0.2020167318980945,0.056836327269125436,0.0332141981280561,0.014517589850798044,0.025105667532758804,0.018720826853557908,0.031115512533990874,0.031204850197428375,0.013321015450410801,0.042442260326083656,0.03309859113369644,0.010852235673927133,0.03188655625930881,0.06925128466005519,0.040358556422474746,0.015863043027165017,0.020300252711431502,0.035085505759703005,0.16024084351366583
74,0.08574636774358921,0.018836045861362553,0.020855061484048837,0.033548713571291966,0.062600498754246,0.028878710663162555,0.007590220648893869,0.15110017991689498,0.010176189477471119,0.10739824675844538,0.030619644176727884,0.009370020168936012,0.11892079256271447,0.017056531457030198,0.035871371160358725,0.048130851165160325,0.031164967650445272,0.12546683902958838,0.047601383134212256,0.00906736461541999
75,0.1779209669444741,0.021089315643594866,0.01775239057631228,0.02600570088031622,0.02065091867053652,0.1615220877404958,0.012447774773354991,0.010904517390439964,0.015911817580099914,0.024498947876436163,0.030956917005484842,0.16441193103347418,0.17888193949500766,0.00815922531494803,0.00583854569651714,0.01815743637397958,0.0032713945679808247,0.01688579468238287,0.04097465120545563,0.043757726548708395
76,0.08668264139819155,0.1669368257986735,0.0046178863201584075,0.004829037382913882,0.0943021560151652,0.004909862308846054,0.08782904765857161,0.12876464094515055,0.008358151511676407,0.012444744452239712,0.012435370820462314,0.02865089860986891,0.018556248885914287,0.06563468284509329,0.017579139136056368,0.06925081246692621,0.06858806423285617,0.05923432146435079,0.018202306777774707,0.042193160969110036
77,0.0644303358200872,0.02017828209717238,0.07543083525138856,0.00330904709822708,0.1587141913600907,0.059658409499510325,0.003698155408393189,0.01185708088069602,0.010904805644640908,0.010465590605570906,0.029902558288781824,0.0730133121823531,0.08648784062190969,0.12719311838936573,0.03222835334959529,0.08359225608894505,0.031008771481947504,0.009444178891305844,0.023728414355578868,0.08475446268443987
78,0.05757491113739942,0.1336142702333467,0.008007891025283303,0.0465807692528547,0.03051163558993913,0.08396284281445394,0.07212641488099478,0.011678747777640167,0.025930523650486943,0.023997820931404477,0.03756449789661892,0.04601337606759631,0.04127737130347199,0.06674065766179625,0.00624428484749892,0.07292980888318266,0.10513819944766342,0.07889555642039864,0.03275899800989435,0.018451422168074966
79,0.08767486236250942,0.005997493964778683,0.0590426388312299,0.03705874985921482,0.052636979019185175,0.03816855789506708,0.012698239751685332,0.0645883283289322,0.0291968778751519,0.050312037777156024,0.15970969797113446,0.04133102007912154,0.002207511014202418,0.05688017280613254,0.08611833252177821,0.09956234268754333,0.016310965119518347,0.02367731261287427,0.01949611325402098,0.05733176626876337
80,0.0669747611596411,0.01712444812909948,0.009677927590180435,0.011320574082682765,0.007090909632312787,0.007225370576574838,0.023658687013250274,0.1553413675388974,0.042919257922692244,0.023963365803514276,0.06896887633946129,0.055802260999178746,0.07317101497343845,0.023960210605912455,0.05809944031209079,0.02665344769033914,0.09153415464274012,0.08247777586271944,0.04288910725985211,0.11114704186542185
81,0.058513750759077825,0.06760125114572693,0.028589378978991612,0.004470055766914791,0.018987613100384982,0.08786194909648169,0.04088724627527161,0.0028393766696197128,0.033393861937113786,0.09997018654784243,0.024287086375228757,0.15689953948699373,0.0019511900224959053,0.043872736700191116,0.1028005077369404,0.029592436385299084,0.08987893581345037,0.09276430698610612,0.011080123664969424,0.0037584665508997106
82,0.08542925095505736,0.014891154928892246,0.09860009156562878,0.17686519630286512,0.01158941044358248,0.015297959310862143,0.010197250682178964,0.00868419121319955,0.009651182884612267,0.005848661509767397,0.028935214244924356,0.11990834908300578,0.0984625406492294,0.010356175976768286,0.009532286386335952,0.1119304613740475,0.038863293688249735,0.011337311131805814,0.019106265563920383,0.11451375210506651
83,0.12366125697388973,0.09115435305189638,0.00657260339996314,0.011965088644243733,0.003317458109660357,0.030032301155177483,0.043827429009924125,0.05047687930789391,0.02380060217257576,0.011369169491350497,0.07410832707678039,0.0024537374142740106,0.004469189243796244,0.051944328845007416,0.042983478965416246,0.13858851365271885,0.022783977352952945,0.1005384382017176,0.032445172891131815,0.1335076950396294
84,0.05215825175819463,0.047962563751882056,0.0769619779995463,0.06736072501489156,0.0659729551636925,0.022896989442450767,0.0464974462832587,0.005003458954302201,0.034699335925252754,0.07689084262664553,0.0747983038288074,0.06518960631641298,0.036478447802783254,0.03481809940041612,0.057903974950081406,0.06419903569635457,0.013811856360474968,0.08067105884562727,0.029472507612998997,0.04625256226592604
85,0.005828694918256661,0.0117280860677935,0.010891646157362314,0.010336031523737603,0.05182418570895941,0.009992696302941726,0.014414117917425279,0.12701539959532615,0.007530414325778193,0.16135726340519507,0.17291029603619815,0.16606372312836842,0.006108052965245757,0.010449323926514403,0.005520649569319903,0.02053318803649015,0.04265620500188654,0.12640134262249647,0.011293501707690777,0.027145181083013527
86,0.09194211552638605,0.07113778616819146,0.056485415602199836,0.03950922734154685,0.005013233383426838,0.017210035633841197,0.027642410369579578,0.004770071677682134,0.051347762099247976,0.0019163455981611448,0.02469644653616837,0.12091312660265083,0.26393133241753086,0.04104466985120158,0.06474712941062506,0.008163721519296464,0.012016867402255625,0.04429211187489965,0.010552223847556231,0.04266796713755232
87,0.006943613762832763,0.18190383309984265,0.022844819214492624,0.05859591139061599,0.03847032162019835,0.048596803407671106,0.016859244071965224,0.007771253847340157,0.004042688714442388,0.005904571991869717,0.03313169661128322,0.0743412789014179,0.0078851249923646,0.033440102306019195,0.06383407199794201,0.0036407958077507444,0.10478268855169123,0.0050794692741823,0.21543091595175484,0.06650079448432296
88,0.11008722092736886,0.07052605557958913,0.010725634728233225,0.010296436972281012,0.07992071789627278,0.008128782366366664,0.12878223337893496,0.05074264019237611,0.009515106652872453,0.09359027894070086,0.023498853518922738,0.015218383479461074,0.009346885656590928,0.015644204116722727,0.08480151114372605,0.028314687345512398,0.10514830176274631,0.1188092648371782,0.013699150536466968,0.013203649967676515
89,0.07760527537591803,0.03846501299933235,0.020580599244414355,0.02810840571538758,0.048361908262393206,0.02526056286487062,0.03036742574800267,0.03114769329319069,0.01991260712316556,0.07976770351344437,0.04103337190794748,0.019370366078962708,0.013573991407411114,0.029763344298847114,0.023331254355126334,0.08494888662497198,0.3015753675117726,0.0218074889502915,0.03449254717655595,0.03052618754799376
90,0.01198994718452482,0.01403824976209371,0.07407713276885451,0.08836001649838808,0.013642107529841851,0.01160201935753167,0.020245623764472417,0.10837779817916819,0.027187256207691735,0.12272725871930656,0.042415757701955464,0.047850443259100185,0.020334958131539838,0.061702177344222425,0.007202872012631236,0.1566875822133848,0.0618633040292533,0.053633930499361535,0.02979202062005175,0.026269544216625917
91,0.011687638159984859,0.10352801544343739,0.05320566585313217,0.04111396054064207,0.05905983803485453,0.03395182223070962,0.019209883155382225,0.15029840897282393,0.009614206955924947,0.1007658816625534,0.02568478690519452,0.01828017593158099,0.013331182585323011,0.052820441365221835,0.05506011898119849,0.0064665632430149405,0.0054029244485940976,0.09731450783583823,0.05709717412380024,0.0861068035707885
92,0.016936713834252642,0.02703162379556299,0.025482272638139788,0.04156963902527146,0.27909380464140254,0.021730637003605523,0.025955924972008444,0.022677373246167285,0.0260553099936094,0.013987006334800907,0.0364973366062633,0.02824448145740724,0.018427041960113282,0.024400409418731738,0.014400881976825566,0.07424437172050864,0.015156979716937144,0.020286405018456088,0.2128557923000521,0.0549659943398839
93,0.1198603801127497,0.01769200265605035,0.09603591384697235,0.013596154066977516,0.013883047347986755,0.011876664267346924,0.011916202197507485,0.006592448382268225,0.010163299263145385,0.019228851686692625,0.022237615560214974,0.08616331607427925,0.0038897111411613345,0.08150546687121586,0.10482611543300184,0.10362357673622889,0.0608156317368402,0.006224903007112039,0.18493663186830964,0.02493206774393865
94,0.07405752869561268,0.00729575121324802,0.02641094637361262,0.012829010163690415,0.006292217176100037,0.14579984812105334,0.00904912238393652,0.1008641006479775,0.03861262239653839,0.08857701641544213,0.09277433086829609,0.005554220098662523,0.04154647784288611,0.00984057334318552,0.015516995474750498,0.033338039428066374,0.11662528266984154,0.1609611677962907,0.008271661553896272,0.005783087336912731
95,0.01042824234545801,0.01825724793676699,0.02210491994015713,0.01695276349441153,0.0215302244510914,0.011763438143026063,0.2547601508185972,0.012037524926159518,0.018330585568713857,0.007967339969293942,0.031429796291108945,0.015824467452602745,0.010367043778307277,0.022026335738946093,0.023574683161432672,0.07043336675452301,0.00976056426857241,0.01089298423256465,0.26702328761810346,0.14453503311016308
96,0.04297757749191858,0.011098559483230566,0.09887108168435468,0.018704379486665965,0.010566081614106614,0.03888438547480979,0.0719207295311928,0.0670151959279192,0.055503091049390954,0.022225016393675502,0.009520985256251393,0.07486960786150182,0.03318021430970185,0.11661917043992849,0.005679969782608563,0.05361428147452559,0.10584779939227619,0.07634432226235024,0.019779886748746277,0.06677766433484493
97,0.01520884412093456,0.01771055504952773,0.03481818284699042,0.19521717797959232,0.013075906736647856,0.029737806958728755,0.05618437440289444,0.017276514116239063,0.016094266362962392,0.14417732647197662,0.028986433965728867,0.17818936259564244,0.01244697294165945,0.015567991929782596,0.009033814168708347,0.10728371202086352,0.05591253191792327,0.010923396437703884,0.023557767842785432,0.01859706113270799
98,0.004113553655829166,0.06809244817513148,0.03521093850210836,0.06011010230815414,0.0792558993776996,0.023917823144686007,0.02102923135959395,0.03396650172353032,0.05497142715032908,0.0029779993678608996,0.022142282748642866,0.08342722390005129,0.11529568596949219,0.01080977035894603,0.041682295256813426,0.09267937717827789,0.10395455211355659,0.02446869498062034,0.04493201154588013,0.07696218118279625
99,0.014079738667933854,0.018443797945030545,0.020870040968544255,0.028804550325748027,0.024999500089078516,0.012871155568757097,0.017320264931342404,0.026204474219276956,0.014611218703998608,0.2772180903934595,0.2635371918070076,0.01656406362191138,0.012389934880477927,0.022146202601726544,0.04020482846914968,0.008504840019195837,0.02640484596358308,0.09265761347485772,0.038709548122609974,0.023458099226310494
100,0.11475567576980988,0.01924090044440229,0.013751645852210044,0.023255998769213887,0.012854087474137696,0.009457696871662128,0.020085333518467054,0.2565571954232748,0.0148172026022731,0.011015081703468146,0.02482013680988012,0.0776408505699862,0.008684128557722902,0.015023162315973136,0.007784884303824801,0.06502099597216712,0.04599632697139793,0.21448496863926622,0.028076281361649625,0.016677446069212874
101,0.1316905386055664,0.039674335866371924,0.03836305994905137,0.06963275358958225,0.09036104613272532,0.011088685417594718,0.08532381886752335,0.01884269296725003,0.11161905302722357,0.006421628760533232,0.054509215678508076,0.04336704222822517,0.036764013331891894,0.05209034957328255,0.019310556532752127,0.011648768282622766,0.050363614387566306,0.06563981051088583,0.013306825988226413,0.049982190302616684
102,0.05723939381652961,0.016885956366286987,0.10342844738153831,0.13035401117835246,0.018369841405480678,0.01062359581606243,0.010527539382777326,0.07044441669561378,0.023661472608160976,0.03537454459624415,0.02639871922822548,0.06399262326187256,0.014277721185193566,0.14948943155826663,0.0210120559521514,0.17018347112792093,0.00606965741702886,0.010433257090649932,0.03138427790654484,0.029849566025099056
103,0.1367831623903176,0.07157860725822895,0.016992554990018515,0.01667647605906103,0.015760615575693682,0.00815032806747375,0.015250066108596343,0.0788342390767045,0.06991914782597315,0.1285153476899872,0.14260430058098408,0.02054271688054348,0.008232832117006114,0.01375585398346344,0.014560379950776692,0.00691042992266471,0.11132757786386355,0.04683022465299052,0.06233867495240255,0.014436464053250091
104,0.1393704884158825,0.009763207086211804,0.01592349974286693,0.017768823906214235,0.006809779620842098,0.06636276064222658,0.10305475615563696,0.010447056242740308,0.008919992836995882,0.046401846749512775,0.05246942202126038,0.11878392695218941,0.003836887646327974,0.011586330529230202,0.06672803782073179,0.07074651859761402,0.021372521692424925,0.006306373618515464,0.11448620100940322,0.10886156871317255
105,0.07562431211506145,0.06284350459416135,0.1419149794113438,0.08652055234032612,0.1661500295408484,0.07706844178701608,0.07065014899951681,0.06415667549873894,0.009463936024893736,0.03757981498779183,0.00780511937466757,0.02334050109058428,0.0013815051732289582,0.04629182292859179,0.007873633750674153,0.01908252716167172,0.03955647661229348,0.028746319152265186,0.012932402901557498,0.021017296554766838
106,0.07615553880953815,0.019306263719643453,0.2920114801121603,0.06105036043268362,0.013822723426145154,0.04074140742109082,0.00987003823362066,0.011292541861663124,0.015525392930631836,0.026458352255277498,0.03599392329398365,0.059600823678415814,0.008252441267026496,0.017633950831881885,0.007830876321451467,0.025156338892173072,0.10654847737533268,0.13725263139359073,0.026500202327370614,0.008996235416318898
107,0.051119940990733644,0.00894200690276949,0.010137428577889357,0.010456854122924448,0.04931283185909352,0.005527890072640096,0.005240425732260705,0.15556893279709663,0.03710990919272145,0.040089323225843874,0.09682384015448234,0.008620721301685884,0.004080538151567773,0.008312600078661745,0.004046522646769054,0.13881487533655956,0.12688961077617658,0.21053182894910277,0.023615022752749924,0.0047588963782711656
108,0.0029439805336449573,0.15767243160994834,0.044036710785665664,0.06774596440927505,0.04183975457764833,0.05883454702328239,0.05349019159393184,0.06495741800442616,0.003608330087208491,0.10743254184501304,0.10971421394335519,0.008114411509144135,0.02102770839038173,0.04335865535340464,0.04388194855273815,0.018763391533985235,0.06557822131616965,0.04224155042712047,0.00981431616682359,0.03494371233683297
109,0.03981564374010476,0.008666519764390349,0.09354238065261317,0.01924535688848213,0.0347187057101252,0.04459439689201194,0.058005783360043923,0.016415274359665374,0.07845908804872243,0.01115717618096705,0.06407736422616063,0.0292611630830411,0.0030545121465948076,0.1263845518021734,0.012977725377693839,0.10060027432712587,0.027207052805490548,0.031061707996587973,0.17745925207332391,0.023296070564681592
110,0.01003625462105394,0.021268134315469003,0.01950467248494539,0.015335905418627198,0.02361020735912396,0.013102896089668366,0.013282376114209071,0.2138038381934767,0.019587069287538297,0.3045577279820115,0.04677039209853591,0.02543763080282955,0.029184091776326863,0.15044983590513952,0.02044444790712068,0.00791170554106707,0.008962071416688769,0.012238239390440839,0.023872026014017587,0.020640477281709792
111,0.02013427624171683,0.012263337845554044,0.009586363801210146,0.12510766413778054,0.11314341716826648,0.005702374500558709,0.0057718618553538855,0.004960109921221497,0.005844565734786686,0.007430922536214706,0.0409760913724807,0.0076332467652292305,0.0024718499704551493,0.06328155092350606,0.04047632348017363,0.1097895572254034,0.07465708801030882,0.0818693323964787,0.10982741785242552,0.15907264826087525
112,0.010759636958421644,0.017330399917466696,0.2588553729235786,0.14840172231399545,0.027628772086681852,0.04795791852084909,0.04079296939081926,0.013790637468371458,0.024345077593423737,0.01705922381447328,0.028420854546549582,0.03517350761506055,0.008524059538730576,0.023113560043530417,0.008513144283213614,0.04287810096734191,0.17035355900730792,0.03278602473212925,0.0354237086843474,0.007891749593707743
113,0.10486136764069265,0.018737504105580477,0.0668885991060705,0.1842181133881007,0.006973992011734083,0.004472991491316892,0.08142103863913697,0.03357151192558025,0.010613027763236181,0.04573850075654706,0.03327966467495334,0.06906943434699059,0.0034910733834565347,0.08974482307653418,0.04162942020226571,0.025077057479382,0.06055678122224294,0.006572169707747032,0.02292916999015813,0.09015375908827379
114,0.13057676593597425,0.016456654889428535,0.010854101637544808,0.011116063818773742,0.012361074310566636,0.14655711855008227,0.12261130974278263,0.005093383590859906,0.004021450796098207,0.017791793294587847,0.17122479332390303,0.029338567494823053,0.003180591537464901,0.0072713116810375214,0.015154463414867175,0.10648261060100905,0.09934139889434566,0.061976191049159524,0.018768080818523963,0.009822274618167273
115,0.03316894321227865,0.09576091334605803,0.022468681879993853,0.015362104458775883,0.01781943211464173,0.06778827818055437,0.012091091118705601,0.018044791911608998,0.03874373217566332,0.26862093258443287,0.018778241642251368,0.011557071695472994,0.026140615800785635,0.05721935548317049,0.03633203453268736,0.007049936664916225,0.14350343110769204,0.07476826592124879,0.019251142392192753,0.015531003776869067
116,0.12639823924318577,0.0203895562783541,0.11769485525171351,0.09253290216072861,0.058242851455254756,0.09755542467281547,0.0031061099841534186,0.03851433456155565,0.03752234568223111,0.04007275800660217,0.0768011636868639,0.012574755232727355,0.011790537848632893,0.08383003026007546,0.03653790182776432,0.037732927529066145,0.035393007312970036,0.03958373095419572,0.008271501800533132,0.02545506625057646
117,0.11943039653883593,0.009465289818815201,0.009714839995628777,0.09288777940263253,0.09927477555955819,0.004623187844168649,0.06593541122649937,0.10618603938762451,0.006148248651109385,0.024671351820219917,0.012092785256097804,0.038286101279125295,0.10942613992788902,0.0498314405930292,0.0017476322212651978,0.14943666374784736,0.04055647199985831,0.023084098824835055,0.011358789391434284,0.02584255651352596
118,0.06226423365209196,0.21156867479502456,0.00906849142096483,0.12013768211900105,0.013611985801073798,0.010306375368196376,0.09450579431495168,0.005659255064984318,0.00782485510404221,0.11372078962319306,0.016822368903943546,0.040757692944017924,0.006979902131585199,0.053377927085594544,0.10072926586509677,0.002479595298843112,0.0636988715798856,0.00520907783699736,0.03796963661686635,0.023307524473645765
119,0.04541083782503858,0.005930182750100027,0.0035415890700017925,0.07676569460476873,0.004863112463694226,0.025939545269266184,0.07636672607010948,0.05641815167979851,0.004954478444838047,0.08849533534888472,0.18435068724312131,0.047184214302621125,0.002564993079770946,0.09652617450523703,0.009542542624731278,0.050527159580299234,0.09307632263460229,0.11142591841997994,0.012202694460187057,0.003913639622949495
120,0.012200293431114059,0.1234630052776698,0.0036084718874168616,0.08552607790208744,0.003681667676453682,0.03587666275363136,0.060970479658862334,0.03601612355892164,0.06319754795375968,0.016968041092501253,0.010131162051092477,0.1568482929082827,0.005045415245120019,0.09605187260977699,0.03814156100871977,0.0870467029837719,0.04262211875610367,0.10327463405301929,0.005515307542531913,0.013814561649163158
121,0.08080384470190712,0.01690358397181485,0.020768239012621457,0.020767245905368215,0.015965900055722095,0.08016693955944333,0.01249797900888218,0.024382701006852022,0.01438892250278805,0.323819553920414,0.027687813399756088,0.017735900828442133,0.008188056232454626,0.013780046478751607,0.009266023310897122,0.021869010945563042,0.011433141064516672,0.222863759152895,0.039337605000915085,0.017373733939995254
122,0.09402082058017266,0.006244300511874766,0.0060898868992122004,0.08636988646885822,0.009845303993828195,0.03471433278367062,0.03388317186674731,0.05424362695554412,0.09616928460203736,0.0041756753546672255,0.01736364534232272,0.011934582293222668,0.023974331100155257,0.08318920889644411,0.013801699254055185,0.08093833758102863,0.13080788722982367,0.04888921307262101,0.15717922991963648,0.006165575294077544
123,0.0666142019509096,0.07513517841713685,0.07077347762440205,0.013421125626030636,0.025303801226324377,0.15663746220866523,0.01966506528377567,0.013291954892378798,0.013981550929077859,0.07901060198726513,0.021695634080957614,0.00798923801354828,0.11001945096584202,0.05211841241437774,0.0064249557178192975,0.02797299415788375,0.05531340932535773,0.009715268288765719,0.16561820407454286,0.009298012814938824
124,0.08551350863777002,0.021955969028021306,0.015538422868821157,0.019400654385244537,0.03374059688837125,0.010828268704197824,0.018900373731305292,0.16610369176793696,0.02224666644233861,0.3134411375087123,0.021575666547020523,0.01856862126221641,0.03134658309337676,0.018616802829028306,0.01587957992204836,0.00651141133687035,0.10780504634190906,0.017363421823088428,0.035290310856448355,0.019373266025274158
125,0.01273047572493715,0.3816011070871493,0.031011276981027798,0.016460763694934752,0.01125951116322135,0.023601905948615387,0.012904714017722606,0.0457392074821109,0.01673658283934184,0.08590439069598381,0.026577231610770174,0.10133814518489842,0.0554421789692147,0.04396374679838793,0.03192188773672284,0.009262886999697809,0.022741968770841305,0.011481489971454933,0.04053351901787549,0.018787009305091574
126,0.07287715336121971,0.031617680219810686,0.012000508080013924,0.010383152600418832,0.011586650646268865,0.037977361158602785,0.00902974792150173,0.017438589272123283,0.044332899053331085,0.05675712904153937,0.12526147134599083,0.007396853736558772,0.007313907761458882,0.08731644372530958,0.04778727163064033,0.0909675027467262,0.0785205193757479,0.2236002669057046,0.016611147411133894,0.011223744005898727
