site,A,C,D,E,F,G,H,I,K,L,M,N,P,Q,R,S,T,V,W,Y
30,0.07388860939680496,0.15689632373286364,0.056762333436752466,0.01869554001143938,0.015907474808021335,0.03772074535905725,0.04604623896213391,0.03485704963266285,0.010861375543050902,0.024666420763246398,0.022185070056280388,0.05502027231924484,0.033210850279625524,0.011445870260245291,0.03675520430805945,0.05909868641834521,0.13402821724322173,0.0973012402830083,0.03607517868130914,0.03857729850462704
31,0.03289951870173946,0.016555766670034094,0.11110540762877728,0.07404426450387538,0.014612563063596344,0.060079450278419565,0.009885569810925674,0.019283166161012277,0.06593487125288686,0.08075804469666423,0.026403774563099454,0.10513173502841937,0.033475988174659986,0.0812365699469338,0.057282000074120036,0.09201404609227153,0.01467030867454975,0.055357735605890204,0.02125635470239098,0.028012864369733666
32,0.012711174387941117,0.023651940355022424,0.0288753535396708,0.06389965970493679,0.027946903771938463,0.06970612573335888,0.029705132398703937,0.0901468262679319,0.07878100411726766,0.04821406623378774,0.015543915752356252,0.050793277153888684,0.021309787047033086,0.19739559299903225,0.06196853767167655,0.04184814105544073,0.039183494014471104,0.05270936028509623,0.031659634576724834,0.01395007293372057
33,0.08103580872494984,0.02781542349001544,0.03135046483625497,0.0457074161799679,0.08622193500117607,0.056256180146325434,0.023150743767458917,0.0929049362838717,0.01886287340319743,0.1250719599206067,0.041063803841270896,0.02662941412771206,0.055328071805255195,0.08229016631559424,0.015182331214963691,0.08559427294869006,0.0127913272111808,0.017194304909619002,0.05361385682933966,0.021934709042549964
34,0.03291642021738858,0.031365005892248644,0.03570549337869655,0.0411124850290375,0.1672083650205883,0.030661180764742807,0.028707488793938307,0.03186528487400387,0.03741336451753599,0.022380496656457527,0.0399921558202956,0.027036233385303955,0.028843064778609765,0.03570032563397808,0.020809842587081732,0.02235323707206846,0.02580073569603501,0.029030320777753405,0.27764957446251265,0.03344892464172326
35,0.038861682770716464,0.028146484965327095,0.028284705881463885,0.035444829686273605,0.053861552355821234,0.024624691805844656,0.02680005641826935,0.05995186777918454,0.02919949299145266,0.01334731317017883,0.037111623742914594,0.02460191148258495,0.032470021072920456,0.02616362477612943,0.017224652749006242,0.013800941058590185,0.18333199691709548,0.2575917020520109,0.037365338797733495,0.03181550952648199
36,0.04001021013158633,0.03512911256401158,0.041423023202048034,0.03132375407273762,0.03234559804335498,0.08831136995689126,0.022181405772345085,0.027975071360634592,0.02891723459375306,0.017233085167821467,0.031970010642966055,0.028682194337278418,0.07365410762403847,0.0292718303815953,0.018855053003433517,0.03986353168348218,0.3037371414109203,0.027138267145865983,0.05553745688573419,0.026440542019501617
37,0.025217158471885864,0.031078466316289844,0.024974635748324255,0.0301028578789682,0.023112898733791843,0.02740327942727464,0.025072129471427014,0.12976469294474663,0.024587980056266376,0.08129579997430296,0.045336705432469905,0.02772082246617749,0.08128732638764166,0.03251580787960877,0.0227070673765861,0.018861739391172073,0.018429282992942695,0.2492758158669823,0.052672546351797724,0.028582986831343648
38,0.014922377812697044,0.032342043274558856,0.019835549322627544,0.07433657848481093,0.06543376728963965,0.02176265776056667,0.10553367063273714,0.1274325589728231,0.01841225934278766,0.012740672126615154,0.03694355936054703,0.021700336308401097,0.027612146974224216,0.023454883269799946,0.015060530857422327,0.025987030495239524,0.010700426447286545,0.01951861807995186,0.07208704549108717,0.25418328769617654
39,0.029806363516204727,0.038096996812367306,0.03499464939451241,0.029068682202531556,0.029269180181088164,0.024543118185049086,0.061989908710501536,0.028977599956377588,0.03137573065365225,0.015436535130522339,0.03657518729030247,0.06496998578008542,0.027622244872423905,0.02971690682185251,0.02169624591502394,0.022239573810999103,0.04468916103773023,0.04800274509432254,0.03238654179570515,0.3485426428387478
40,0.0381971276796071,0.03314413745515718,0.02742719503477398,0.05474168812885871,0.03281326733022788,0.23611057304773017,0.028832358077163944,0.027796332037228415,0.02673884554241486,0.019691315705059012,0.039842322945757416,0.03181280863285715,0.026699358356688515,0.03398820661982888,0.06238465737721457,0.05076616080292646,0.08088510747122354,0.10061984522404141,0.020929882656330757,0.026578809874910063
41,0.027000149446002132,0.04013988580594744,0.03418550608177492,0.025611050871990903,0.10690336755992691,0.0224007245160126,0.06318383057926989,0.10537040197625097,0.025456132645481227,0.04535645004052548,0.03510065957652513,0.03232812505913278,0.019562436005710986,0.03294936549779905,0.01992267962193677,0.02136921157004878,0.06026743020359686,0.20587526331428635,0.03968848928284018,0.03732884034494061
42,0.03868809424611051,0.03600831520844043,0.029252131021727093,0.03193229428456884,0.03388801979066851,0.02893817557266839,0.03828005283253648,0.02651696622884745,0.029225586454117457,0.013546527349280885,0.03763227983390092,0.023636137007988212,0.30083603309557977,0.028476149929222174,0.018892046834672157,0.13713305214181182,0.057431248844418976,0.027858872620292886,0.03878114712255411,0.023046869580592943
43,0.026998118419466983,0.025506453719398987,0.022789827589919914,0.028740984340409698,0.02666939043210939,0.020154870478457133,0.026913220164022367,0.09798979751134615,0.13669968825599885,0.012328822729814667,0.052338029668516264,0.02343620881937772,0.022814227399246607,0.07128053633132499,0.015357499522048226,0.014022790742811316,0.12309292863806674,0.19222178154628144,0.03424472859272783,0.026400095098654718
44,0.033240142810899875,0.0963850434759579,0.03214549690455885,0.12738723728002554,0.03038826886773337,0.02370001723360905,0.029755817603424925,0.027212037911330953,0.02877731527705718,0.01873220756873218,0.03584801106363219,0.027957206115464817,0.023521251050060987,0.028041561145544295,0.03795871381181054,0.02277223318895838,0.024594139937301713,0.022271230895361822,0.2991977551757278,0.030114312682807644
45,0.04257970406999729,0.10611707176495093,0.049784373570512096,0.08739176320639433,0.02876460573640573,0.056204293520117674,0.019754594071280877,0.025973969970338955,0.07572344862036501,0.07690086577640737,0.02932155728211209,0.15650585025865593,0.0123689996159918,0.050596371572171485,0.05404999589163321,0.03584920259951718,0.018790218526969233,0.01830963010492259,0.03163794314749362,0.023375540693762607
46,0.11614656925239869,0.02230077789645262,0.1095978772772941,0.16442081269987932,0.02172153490049631,0.057151024199525786,0.046977080302431605,0.01347675864274573,0.016381172273763223,0.010278260201924917,0.03209018543879327,0.037898461960599636,0.08358839659362893,0.11531354897657761,0.024536453742063927,0.012294235609707107,0.059631010615634944,0.012265040151725122,0.02347466178419185,0.020456137480165306
47,0.11281684397255455,0.049557982944635794,0.015295267582812333,0.018462170025371528,0.025590165964092186,0.0498225574609486,0.039914915687221164,0.061153186188171206,0.02038752706310371,0.009163140107928217,0.028942771500623417,0.01612993530028584,0.03690161101717431,0.02220502505714126,0.011229846237579617,0.051047698054392084,0.22387750217312305,0.11531729520669565,0.03026088017280479,0.061923678283340715
48,0.049375293418031437,0.037320003014572396,0.08066181827420826,0.03933782058753921,0.043231338920782104,0.0077236353637540195,0.014063873437963474,0.10881138789285041,0.05228213191699545,0.06470231074541478,0.20220271995828237,0.06868688600817494,0.006915873220269809,0.010112751247923657,0.004121410983808907,0.06522788374954822,0.07951881698321142,0.024372329923844218,0.015545541032361686,0.025786173320463245
49,0.11570915190867,0.023015385439371643,0.022924152818904992,0.08420571705942848,0.021478256488028542,0.022459662771229603,0.034246265689909634,0.047196612010839405,0.021525838273547614,0.00996610879552899,0.10379664178950643,0.039524695829974726,0.15387329419826828,0.02423231298218564,0.010155974993165173,0.09715736647564437,0.09939597924517299,0.013979355326878927,0.0328774234599327,0.022279804443811883
50,0.06601788121186157,0.0233805226412963,0.015446457319341328,0.0201338875899678,0.09236039554040479,0.015068518012573329,0.03975773034386095,0.029369326434453478,0.01828679236825146,0.011988784539746333,0.17772770463430618,0.01776357481617724,0.04556473948712326,0.07645651545516408,0.01801536427741825,0.05739258551365713,0.08879831689752761,0.1343184679375877,0.03297793671695646,0.019174498262324723
51,0.03328848766344318,0.06453811027770187,0.029669481949683853,0.03778006736612031,0.030268940893305056,0.025860016892523482,0.03435735706287105,0.05842448289149215,0.0335694584435982,0.29110439607488336,0.041025962236942916,0.03459830182681749,0.02310384906605767,0.037486331269983984,0.024592441160342746,0.0319700211727737,0.06726789933776649,0.035648490286759586,0.03627936161291573,0.029166542514017197
52,0.08965418817667505,0.02868942891852302,0.03528222246456088,0.045344745554497176,0.24538601322843515,0.03537653206509326,0.03480816722543858,0.13003629142742404,0.029171550099821083,0.02015733214287875,0.04274558541007444,0.030043116311687844,0.020889240371621032,0.035979162336639,0.025856004013021242,0.022690276506431257,0.022517867205803968,0.02396831394697365,0.04809471362815394,0.03330924896624663
53,0.07924338679588416,0.2253703970437236,0.03345160755943305,0.03333299018222407,0.030135445520548386,0.16741723512250506,0.029531691680396738,0.031116562503466866,0.034709294781851106,0.025387626088854323,0.048722990172059895,0.02937303438105426,0.022541743025805427,0.03545846572963604,0.02632615041396955,0.02467254941724333,0.020211269980381873,0.02976207850651915,0.045466745523826964,0.02776873557061611
54,0.1544425689171816,0.0329001542799889,0.02810660624514071,0.043190382598116285,0.03543983708502568,0.022470590666432054,0.024476748023774017,0.0815719418477543,0.022481277176217552,0.02020347796285101,0.03745682368143757,0.025115424053014056,0.015028980224160753,0.02631560428836673,0.019660618550127493,0.018698210830596803,0.09425145804392115,0.20511612652378908,0.05076500469117461,0.04230816431092964
55,0.059262557822597386,0.03613644231541249,0.019509355280483864,0.023252055225057352,0.10664311566707423,0.08242332572243082,0.12864694070863142,0.04762305600038641,0.01607898463598741,0.01486436164389637,0.03384022296777131,0.013858809311756192,0.022094206004442892,0.017603712781652035,0.06556496160386265,0.10278564445001295,0.14666412117299693,0.014027825934984847,0.02940706739758342,0.019713233352979063
56,0.015381022222936426,0.026697135727092494,0.08247571622406676,0.02275450466239836,0.02754529992363516,0.05558220922155073,0.08822482710000226,0.08740929227780173,0.10376885318700989,0.0805370246358042,0.029409497324354196,0.02902812194639644,0.008702377241457445,0.024652969606871737,0.01239983773843287,0.0547112835779291,0.0928918296105479,0.05117135938680278,0.03784856543391562,0.06880827295099393
57,0.03891562805529179,0.02624947448389467,0.010174042704297292,0.026915015891379925,0.14526679978336357,0.0670230846959904,0.020498264503254173,0.2031375773760121,0.018862997019331258,0.05222489638493604,0.040613427295892617,0.03189680213973642,0.017307553761801323,0.11559455452729799,0.010874770260146735,0.007171423081272935,0.0635788669572119,0.05763654771988273,0.030358178537832566,0.015700094821173537
58,0.04703753336252755,0.035736128040995525,0.03709508939518095,0.1266836594411717,0.031660414330267256,0.10316398892873226,0.0714631741553367,0.0430699682076708,0.014406629396246205,0.02447290945999332,0.05452936832770803,0.06993128096916101,0.04624904093549431,0.04787946440182494,0.03614281020848,0.029690543195487543,0.04551379674913397,0.043892272247029726,0.04689553935793361,0.04448638888962456
59,0.03346223822263041,0.0458393926090486,0.015390221646480049,0.005622156430926183,0.12536327765607158,0.0074952012677649135,0.05901622733009043,0.10531332570753282,0.006506176264404749,0.015097366808018165,0.15754857841208578,0.011532136729913857,0.005031406149800275,0.045899570596609304,0.01901281231218212,0.05372120634993801,0.02185410085424664,0.1564156450900104,0.025100922171523002,0.08477803739072273
60,0.16156585849879287,0.014373554787065285,0.08955365797548252,0.03046986739727701,0.01924509035390631,0.040662283840821684,0.05305635280375075,0.07890759284645422,0.02036424424283271,0.019374295820159967,0.0312908116776224,0.027639951955835268,0.07179422448075164,0.051234107353767516,0.0183789056606199,0.021585487452960152,0.02025717754636433,0.12422680636244215,0.059301121560420736,0.046718607382672556
61,0.13169645888090764,0.09874210903114336,0.005395652376779742,0.03009844973022029,0.10750636276557685,0.049593130455467045,0.012221503077286698,0.018901060508010093,0.08476734001522014,0.0718070931495794,0.02063129614173609,0.04151311744816421,0.03288271310266432,0.026373662434191387,0.07412556366750109,0.06476510050700995,0.05543694205096453,0.01415929871164839,0.019788029120508525,0.03959511682542023
62,0.041811591272811435,0.027114180205303238,0.04761279152927228,0.025589879805198792,0.01891909325287953,0.08249592247771603,0.0718726618699961,0.04311349585337712,0.029748159471777974,0.01723146625640143,0.12580079465289765,0.03991075433298488,0.08826898641448483,0.045237936226979074,0.14672688836114717,0.015618917177072691,0.0519160734906155,0.028587737153425087,0.035532345014222234,0.016890325181437002
63,0.020633181980266382,0.035912071410507,0.05520117945041609,0.14273699022478134,0.03402257771960401,0.11977507304144312,0.01948086996296111,0.05573327376477665,0.05508759951148522,0.06243497213869873,0.03877365027112947,0.10700217243739275,0.03695868056215379,0.022551619554794657,0.01547119235279694,0.076341885386754,0.01380839786031967,0.02004424861103319,0.03970705628434212,0.028323307474343806
64,0.08431323612088935,0.027770851598218668,0.1060527625426301,0.031343008507718914,0.026780500300482867,0.020444048896678238,0.021176806181243533,0.08003754313920311,0.06280413900253871,0.041824057001881465,0.02575828954834443,0.019128509223624336,0.06734373230912678,0.041458889423072603,0.044119867157445654,0.054503402889584836,0.053705376620375306,0.03394634167342999,0.14048918173103875,0.01699945613247239
65,0.049606075552479305,0.028776520690919596,0.027924516286653784,0.03521518315906181,0.031339643434554386,0.0647192064052669,0.07687856297896878,0.025953896576896444,0.020455745789573272,0.010698143367107244,0.029842966104969487,0.019589547467859812,0.010348388659608245,0.09905897496731253,0.032739408459095225,0.10570984317567828,0.05755440863573982,0.027081177230714615,0.1892245119430777,0.057283279114462765
66,0.11148608756267857,0.040242575260123314,0.06409063754816433,0.02200204192323263,0.05125378424089902,0.023169941605786747,0.0823560687563017,0.03595966439225074,0.01522198087163536,0.01853154094487422,0.03395279146849762,0.11042186009324985,0.023372522236906893,0.025775400422195498,0.017669559083566554,0.13416740882978598,0.09058334349401043,0.029444948243374784,0.04835005947064311,0.02194778355182266
67,0.049045555713308424,0.028677824324063936,0.04070294696589763,0.020209741816261572,0.04998898959585405,0.0336596010998347,0.02397544943409703,0.21874102214901656,0.01713663600173316,0.07467953325026344,0.02871666412397598,0.022379267480554358,0.033057927921823764,0.02896496988916982,0.013270085508879734,0.03344577291886093,0.020715689399823132,0.07942705847830818,0.10169699340559021,0.08150827052268338
68,0.053083157951170495,0.03349633204888146,0.03452491571927658,0.02923055443279284,0.04253469752198897,0.06939433627534355,0.05331087861529672,0.027751895394896666,0.029242447793783845,0.05323706751392701,0.04098703571103453,0.03795609248172458,0.06089409567486341,0.031223173196323933,0.11171539174686686,0.047301662385630834,0.023607153249930134,0.11143489089123422,0.07545293025615424,0.033621291138879086
69,0.08548096200820494,0.03336109209833594,0.022533692699455453,0.029878103720838076,0.03393264260817388,0.12408942927797666,0.025142310680803387,0.023232594162136418,0.08159309059601096,0.01783301721023146,0.042643445507476146,0.03265570088205492,0.01162840046375777,0.03123811392171615,0.026289658379417807,0.12735048609395463,0.08208358177880974,0.05237602244849577,0.043288303600753426,0.07336935186139645
70,0.023714178158450245,0.03952191338280888,0.03573306655988558,0.10971778510852685,0.03910335375275266,0.031055667106835876,0.06294576256128499,0.0381055809830926,0.06201605851340821,0.08041041678136134,0.03360283902146025,0.042765051894519984,0.015374636870541383,0.029290811916141628,0.04384784188706366,0.038362243768447386,0.1627860123182456,0.031125772476034264,0.04382036169381612,0.0367006452453225
71,0.0537674846972281,0.03702075061914466,0.028241548406037476,0.04308143080489366,0.0454735443740428,0.03270573565354109,0.08884819432479146,0.03294664792787332,0.032317303210246826,0.0720512584445358,0.030659182713780167,0.01702272329938095,0.012750275291460745,0.047601750706993316,0.052526486648809635,0.17909912736947992,0.039722822402894715,0.05654801765266095,0.03749542999201779,0.060120285460186586
72,0.062396185923428174,0.04882901874669242,0.01411767025324511,0.04479622811704828,0.04642265320426153,0.05151892523818201,0.05329816097597095,0.04547149537748825,0.045726607195911824,0.04865598119088052,0.04819423892225196,0.05089974872257396,0.042121877290397625,0.051617428551736295,0.04578110067191294,0.08703280794037101,0.06801360899192886,0.04362955362646072,0.04846818267415575,0.05300852638510181
73,0.03979529987619174,0.20555615694036442,0.04979295853189313,0.03943205091288907,0.035757760749298345,0.0314222174915989,0.04015959653411861,0.03884484504443176,0.04389615251150103,0.03353378538069465,0.053844458785282316,0.041428835783805795,0.030848959791739457,0.03927899506793307,0.07439213812284308,0.033407607494508454,0.03530648967696801,0.03755270335695095,0.04520446461783633,0.050544523329150846
74,0.022952092569154727,0.1033918968123583,0.033033654406331124,0.04101580312277204,0.06372317123011259,0.04066879085451312,0.028329250776762113,0.07370346261866738,0.025425410647455363,0.08224264708606037,0.04219433204289203,0.03154468754601578,0.01450451826601839,0.031020926166065426,0.023052079089623957,0.05660249810284488,0.09570558670029446,0.1108531188692931,0.0498847765745003,0.030151296518264575
75,0.03780208592695102,0.04369111866503639,0.04025471356636326,0.033534292529049645,0.11959164873840461,0.07106029333287191,0.04500460848266033,0.033202608907248445,0.0369898837754416,0.0236875167814047,0.04129969575144138,0.03886420828318995,0.18722640541628074,0.030857164750243082,0.020550495618243677,0.015037976377022646,0.020402077130956212,0.039580386519508834,0.04856117969766102,0.07280163975002055
76,0.013671047974228991,0.024571684754337964,0.021340965758604804,0.06435540377026266,0.08704364761947093,0.04274173466772067,0.16557131761823693,0.08609722854986633,0.012401617430096127,0.026903505457834143,0.024092656729893584,0.027691311532629766,0.03625447769956489,0.042340279856141555,0.05200398691418702,0.05045285667239673,0.08615512690713781,0.013739379230526455,0.04314954795101579,0.07942222290584681
77,0.04240594833800938,0.046195894362920306,0.028862992420895597,0.039034196693421515,0.037704755596771125,0.027283035326301927,0.06988423381028223,0.027253168804597137,0.03318020898521553,0.02944383448305662,0.03979150388457644,0.2518484804273285,0.024646749208925425,0.04224860141936825,0.025211922221186546,0.022239256758557507,0.03730655216652713,0.052593300779694596,0.04524509887769355,0.0776202654346707
78,0.026492625272032264,0.03533140052762612,0.05037855157328794,0.035896333256133936,0.03421945940968769,0.03817261351865118,0.08131546902317653,0.027914710888427702,0.0365452853014001,0.024767247211700198,0.038844567952226815,0.09218924528759505,0.0388803882622983,0.0631579012562885,0.02454543703460338,0.0554504862528277,0.18468175975830353,0.04247166831772514,0.03967712407474944,0.029067725821258467
79,0.035767375661331924,0.03170403417556205,0.012806097192676606,0.029520255384192114,0.02486847912128021,0.0761822451120521,0.03626755113475292,0.016133761336332986,0.17814117192053092,0.055987294708135536,0.06891314010768498,0.09143342733469727,0.041034371945353906,0.057631704977923394,0.01850267696493386,0.02750986791805699,0.05916335366702639,0.05894596699924014,0.041720603330148355,0.037766621008087364
80,0.0665863197262027,0.03546821368119705,0.051337781485211634,0.09177518227495088,0.08078762937925212,0.03244521334851307,0.014913018919459066,0.06998109848386828,0.026618165033727416,0.03131327179647059,0.03433749459559721,0.054184821150840626,0.07466774657748625,0.02194215013831966,0.01992845077390074,0.0765326735712576,0.12105831709791082,0.02871234996473154,0.04632232789602966,0.021087774105073096
81,0.014836527306597218,0.09544818614883575,0.01751064817595637,0.02378655266485265,0.043280069857029015,0.09803614423623108,0.03754904809179128,0.009660911448313644,0.028936510825098957,0.058438573379615034,0.055431324671847824,0.01805173845177561,0.006428121633028971,0.0684981162811962,0.086411135870119,0.05990373240699462,0.0990001038012466,0.06632353968159584,0.0318769301020361,0.08059208496583824
82,0.02331363172312292,0.0387343652045068,0.1709274491107105,0.21474660179533603,0.03083911623580184,0.034241809066508776,0.029629932937489063,0.02442174928207094,0.02555784069093774,0.01744291648244553,0.04175329277968615,0.023795795655383183,0.023397543637825872,0.05776381494836271,0.03184506355972639,0.028525763422028467,0.06336047714159615,0.043248231826892074,0.047400098783230565,0.029054505716338292
83,0.047155826269861124,0.025792296205747196,0.1793578556519869,0.028155723312794742,0.05497020905585624,0.028008523070885666,0.014460906830739686,0.06142550425984243,0.03388546857480799,0.040270176999944715,0.07016932038291017,0.036479530562702527,0.015408987172834383,0.032471632209792566,0.05185216078941111,0.1415951920965924,0.03522289592681223,0.012750075242274388,0.06811406603325618,0.02245364935094739
84,0.01877129920950267,0.015764008750619982,0.07389051226361733,0.0752419583041329,0.056696245483921145,0.013200129919985894,0.03192219037689339,0.04011762249258098,0.15455073929573598,0.04276338961191364,0.01959083496572293,0.06531843172136874,0.13451187060849945,0.016800328425218298,0.09084908868844052,0.02062033971311118,0.0028092789991429517,0.0064135456204275,0.04786776440510373,0.07230042114406081
85,0.10693848856007936,0.05929118529071144,0.02321737813021594,0.026582087778812286,0.008196673697525265,0.018286974608800553,0.01992657009861004,0.17955027643314753,0.020100674618263092,0.1235082337513084,0.02872980635660299,0.19488011420360007,0.016495213151943137,0.021379420047103224,0.013638194746390725,0.025041053019023898,0.020165917937056,0.04038361587758031,0.037514507201929795,0.016173614491295986
86,0.018860566917585066,0.030065813806487256,0.032078874864201946,0.03541673036278695,0.022911115445008137,0.0022621320953726573,0.10072336730620622,0.03789250630085414,0.05997343836387158,0.07782741728957722,0.06520377338206393,0.02833295410532008,0.16704323094790707,0.061408594953983084,0.016713826346983835,0.09531710164045822,0.03396341846962873,0.07220151345572765,0.021417118655545242,0.020386505290430987
87,0.05707398865098279,0.09293763219321632,0.028332204009562708,0.026304659586702257,0.1743581026258883,0.02398279992841881,0.03268551189145061,0.06095314941418989,0.022987176210111683,0.053941442289341446,0.044925642099478115,0.12911394111276184,0.03111615772138119,0.02935321980362547,0.01994186647820253,0.027274318767020366,0.048445545964655744,0.028707672220197145,0.039776546808530835,0.027788422224281947
88,0.12564303274553285,0.020852166095532716,0.02374683541968127,0.03025971962374199,0.08308969884049384,0.0204595405205026,0.10395774925731258,0.08560942917925911,0.047679051938804846,0.03884739319335899,0.08716028475966997,0.025172797477296147,0.02543853435661714,0.023607258215075637,0.017110298418521026,0.015519475298628089,0.047761088370550354,0.11535127706869282,0.03614022414850263,0.0265941450722254
89,0.05223890652359037,0.038251563102352636,0.018522113453667405,0.03516912276318904,0.0398032567825677,0.02868096679467441,0.2722725659465743,0.03478639134010731,0.03662001804893585,0.025570320139693587,0.044025139245800426,0.018020167382110434,0.026413676897912807,0.033145114805330333,0.028556440646693375,0.021036952105813328,0.134473028937264,0.02912147077831374,0.0462928946962678,0.036999889609141225
90,0.10563522145114179,0.05708353589138176,0.030265773133943987,0.04983700160645248,0.02157158528727065,0.02960346303894685,0.04122544908076976,0.08657252625154856,0.06624798099636245,0.05933357621384367,0.03194537600135863,0.028731332648953656,0.035015590860476065,0.03705923846098922,0.020149177227051583,0.07810328329348921,0.030700057069019602,0.04757386162918199,0.052807953206394496,0.0905380166514236
91,0.028230956001718727,0.03445322779159304,0.13254739444482816,0.06606502863050195,0.04003553672016357,0.01937436032443107,0.038078852598272366,0.03332641976138535,0.049723788434201166,0.06611384817197037,0.03186497992879614,0.02749794714168585,0.13558075426808577,0.07871534392174302,0.08289375180313116,0.02759386708805464,0.023078607543839155,0.017897121820217604,0.03599301927553137,0.03093519432984952
92,0.0353807599987316,0.033979612106610026,0.04872957665085112,0.042507592221820656,0.24611650262526882,0.05865428005368713,0.04240752834673346,0.03217531448963652,0.031065927656618378,0.021539487358547365,0.039952558635645445,0.03642932277891924,0.035146512178096986,0.04218219033191589,0.08147011024301708,0.03022267792714033,0.03239713929927517,0.030266181159817176,0.04097559200489594,0.038401133932771676
93,0.02179448515183351,0.02621322966958673,0.08054750652198599,0.026239825216598494,0.019106451275660408,0.06458972507239806,0.08343299304517458,0.019788145327139232,0.02284666786296293,0.010431081106374855,0.0397482882865086,0.07674901870042465,0.009842516634551454,0.08112092584649928,0.07495150597454035,0.09256339239552613,0.030695191950552665,0.06388379103767935,0.03696646170117383,0.11848879722282886
94,0.15165538732255426,0.11551388734526144,0.02307965099710935,0.01794322357526965,0.01647454828001357,0.025868441804170788,0.024620655749427494,0.07132149350006267,0.014653776386589143,0.09364065165403039,0.0812087885514738,0.019415677040554854,0.019324942839984257,0.01932311427944101,0.006787312245948396,0.06343566915324331,0.022282629605079422,0.11469224269365634,0.02150450800835613,0.07725339896777372
95,0.01833639350888237,0.02513876389216684,0.037689730863088085,0.03451549167580691,0.10523535081698894,0.052930853445684156,0.03174140168220225,0.018946650595072913,0.022881815910597424,0.03472959748238067,0.08181016115656013,0.029049465278704993,0.01474189203248549,0.02408720384122373,0.04244273971568571,0.022822213368527963,0.014024130882684597,0.022504773200299935,0.12802418038840963,0.23834719026254725
96,0.04146176157865986,0.027296789917707672,0.058051890932407584,0.03837811792778108,0.024252278531101755,0.09124134778807576,0.05541306352869419,0.04384758791429591,0.07063811691198221,0.060118373653315495,0.05279407641760756,0.03773524747075128,0.01666734451929452,0.033223836785772724,0.008471133226701257,0.08171574867001748,0.11828702123257397,0.0551741286756546,0.03810899348858467,0.04712314082902042
97,0.022191229435094745,0.03259597968345654,0.026604461878166882,0.030449785272899613,0.027794948387004338,0.11855986120315506,0.04763101571830085,0.11144640280254234,0.09728902457492095,0.015821069637068003,0.03407153586082083,0.12227539322678628,0.020847009286818395,0.027732328087368443,0.01800116361969731,0.07578458712055537,0.03608902981437003,0.05053210031534548,0.03493879287491632,0.04934428120071223
98,0.05464336065031878,0.018717947354173942,0.021964855205703345,0.10423614459790036,0.018361963657707047,0.19288787447734265,0.03271046231019275,0.023971299329271143,0.04899990315855099,0.016268776219035223,0.03423353998278793,0.051321209511934675,0.09435886042066718,0.0169262311318544,0.007987696316076662,0.125848014734137,0.04704684613711305,0.011768072573897665,0.06307323171257814,0.0146737105187571
99,0.02909709301382743,0.029398981275420875,0.03697321396442783,0.03418454764570529,0.03440786459211021,0.024185218912463217,0.03923018431708208,0.16969819091519495,0.07829015979839679,0.07234887120450947,0.16583661704516617,0.027683348345887485,0.02234995077259582,0.03720878377463953,0.02658212818442379,0.017761258668862735,0.05990834668748731,0.03340088043510225,0.035137019834913144,0.026317340611783657
100,0.2520961805882926,0.03767637469312308,0.024309906558098456,0.08136669747724054,0.03424343078323413,0.02541352024180874,0.03329908184809847,0.046384874148919404,0.031227373368073325,0.023341470203915474,0.040677354561335616,0.035633948366595586,0.011496744294300004,0.02617497808356067,0.01969133736606612,0.016581081412008942,0.021229603684295006,0.16827720758974557,0.041255978286496166,0.029622856444792102
101,0.13594131513243757,0.022630657807739304,0.015669072466463842,0.07088199933394439,0.02986020776085269,0.016040885276635292,0.075294559222571,0.05611809692498258,0.01265990457447981,0.02433240641868688,0.1062918682828365,0.018679688070301084,0.013138325761839324,0.015713939815765156,0.0728183400982331,0.043989960189296524,0.03892184248416054,0.12248218896955564,0.037923003540915434,0.07061173786830335
102,0.019742846088522583,0.03031527567547181,0.02433666044312587,0.06880274737471165,0.23031984556681065,0.01913907346519488,0.014456681004294534,0.02474221260032051,0.05225873465416372,0.04029029363422709,0.03527681807002398,0.04273575295829694,0.02856067495422953,0.1000795428940736,0.03622341074999218,0.015483103194600003,0.03626394672480806,0.016649621238564307,0.035526102067952994,0.12879665664061515
103,0.06308397796820168,0.08723664364367187,0.03132717242601838,0.03256935008532687,0.02898581912291111,0.019028278983546365,0.07488937813549419,0.14414776985615105,0.029905862189176968,0.013046950073946524,0.11614815267426944,0.027358157582504015,0.018282310404746954,0.024006459574275486,0.01958543779942572,0.01295183468600312,0.054504202620296656,0.1365436648266589,0.028929771484973874,0.03746880586240078
104,0.05964943090914328,0.02416125514341191,0.023081225903224374,0.04448965858899354,0.019971189577283655,0.015001080579801596,0.09914727646004765,0.02533344954276149,0.02296063859998183,0.039203693895239075,0.03793318733018171,0.23730215755103953,0.011082625585471793,0.028761155685461073,0.01324794398866237,0.07029188259112969,0.013978063906693762,0.015317300849584927,0.04245813747824348,0.15662864583364328
105,0.0707662965709932,0.02443786852068294,0.018684213888298485,0.01423893211334895,0.11473378966604503,0.07717086573915893,0.011275465494109412,0.03354131728722299,0.00808021831848422,0.05648195793477439,0.08066658001441783,0.05906897973083459,0.0044394105108439465,0.030911826930164744,0.09708454611669474,0.027406906796807188,0.04131272227526763,0.06653202279524774,0.022084376039149884,0.1410817032574532
106,0.023548485978380915,0.03712360575704145,0.20132667032060927,0.02091418653865032,0.08278703207987576,0.04425880788329021,0.021771362113941928,0.02010714264676594,0.02690631159132741,0.06202607403041763,0.04315045960931273,0.09469176220684439,0.01962788977981261,0.029814988142170644,0.01576754928575841,0.054121267056196076,0.12839092506035618,0.016548868792765542,0.04334075395074696,0.013775857175735658
107,0.048100584250256886,0.11797203433172519,0.02465181862602107,0.01902939976684042,0.02032030475042589,0.01357749794047008,0.020956081603891164,0.132618599109102,0.042697919413244856,0.06147245393962668,0.10039456319233772,0.02067447377387267,0.02905010057092505,0.061915154054494215,0.012416517617578744,0.02647410508324576,0.07849986572468048,0.11660598120431992,0.030678182684999434,0.021894362361941755
108,0.019105916648070865,0.015146835988181522,0.08499715204461472,0.07957968639107435,0.013244880081967525,0.02961379223262534,0.0914017867655326,0.06423278035638039,0.07911563431868548,0.07507166556854135,0.06364805972579858,0.04509581840288023,0.0070248858947525505,0.09497744992035964,0.07828138054996346,0.022433662203454944,0.007257451441159782,0.0816967264763303,0.02607178730752048,0.022002647682105872
109,0.14323312781988345,0.016602662437059254,0.01763987156997648,0.026966768394326112,0.038449490399633135,0.10177457154466099,0.03739931576528533,0.02245201062985515,0.04780626540735419,0.051461325580506846,0.02152782984189677,0.040135063444487855,0.012273248408545453,0.16510379587058213,0.009009179932205277,0.11230754262131705,0.03251768238715044,0.03962328359239016,0.042179345663901406,0.021537618688982473
110,0.04914824960063476,0.03640517223724526,0.035419504986091914,0.041565801038580555,0.11563069902720165,0.02866000297534358,0.024887558104997844,0.09451445843449273,0.03225548292101222,0.15536488317928923,0.047014536279750024,0.02767530721627458,0.015004534123113242,0.02709131146684515,0.048942297529212433,0.018619173499723148,0.06802978715284452,0.0612228821009902,0.042980018961264195,0.029568339165092748
111,0.01168249130324608,0.04844187857351696,0.021296166420174224,0.021306938187859642,0.111930314162471,0.02512586248678934,0.07070702295238955,0.012294558321238753,0.016637777844644448,0.01766707217349186,0.14842778791540967,0.01908966796417327,0.00968547626819742,0.04633701709817499,0.04352261154495279,0.12983731442217114,0.022976218489568635,0.08237948879729112,0.09830332666776134,0.04235100840647777
112,0.05074722153404752,0.0325805543255426,0.14290802589692453,0.017208879623547817,0.03364081292420204,0.050482106801145246,0.019776794179510355,0.03208254841569792,0.05137419880625616,0.020865877055047853,0.044811337446102315,0.05092685345095842,0.015300564306062123,0.030838090469917354,0.05930793086261233,0.13851712480194,0.03136679455028112,0.12809163716029734,0.033549500479035266,0.015623146910871723
113,0.05562712092575956,0.13493702047709288,0.044386277691778935,0.13350570988128369,0.025113414247707317,0.0604193659135608,0.026309863618935787,0.012422305279108772,0.007664236687283143,0.007742348200418265,0.04408114562213432,0.0958940992699892,0.009112236614651003,0.05277871654874715,0.051903449796639314,0.02445645393528068,0.049983384785129405,0.008841393617987529,0.11544581831795862,0.039375638568553646
114,0.12928133945789066,0.02338757077121713,0.026865395635214468,0.029788373710453904,0.07396126301936376,0.038094320011172356,0.02078594388860793,0.009512159837317088,0.05410683670094338,0.054033570354168774,0.053938403293448685,0.06112645513466209,0.03724491622357808,0.06177782681891256,0.09011063492606004,0.11320675436586311,0.018724957277221222,0.032907744457436966,0.037534738356757025,0.03361079575971075
115,0.017970337051264437,0.0309964117981862,0.02989502417236916,0.02840846370843606,0.07438802659472536,0.022506400043028667,0.023789924178312553,0.13423595814845551,0.027065680459553293,0.19487430472522868,0.07933505496859143,0.02112087178032824,0.01764868538299265,0.04090511666546421,0.012386027516991317,0.01498606988771653,0.016664698184694907,0.14194685979056948,0.040511227097635945,0.030364857845455402
116,0.08027661501557627,0.01943505153712711,0.019998325812809283,0.07253501056580446,0.05872649309923166,0.030298535808547217,0.19175711217755217,0.0325119839332635,0.05787262186134102,0.06931057978106922,0.019707993702878374,0.00875202393198297,0.0063163927419976045,0.012056683668918386,0.01015910989722684,0.04963521408206001,0.04127133698393521,0.06048642740974045,0.13448383510345746,0.02440865288548082
117,0.16928600485756862,0.02392897049506703,0.01880722216048861,0.04393851669980373,0.14470151540176188,0.015647668414531933,0.013680058165887883,0.03948912736807959,0.014171966938056358,0.010725586244030059,0.030318234100130927,0.10035325787476262,0.10478955506526329,0.05144486870141705,0.007861212979560763,0.06224444413621399,0.01004714857763545,0.048941811769514725,0.03171469560499402,0.05790813444523146
118,0.12798215826822684,0.1081920192702902,0.012595232264978152,0.03129977222840456,0.026796310947596748,0.14399319035352473,0.04334166781210975,0.060785650212218274,0.08529947238831818,0.06084928640491537,0.11749530434464775,0.02201218877272405,0.0059682649594218614,0.015488969614212034,0.012554233021335773,0.037354566783180124,0.008459884307755846,0.027721701309294848,0.030928698208122166,0.020881428528722726
119,0.07352041503955851,0.013249106480790963,0.0904133435369961,0.01183069505465381,0.050133382355893874,0.01750121565830475,0.012891141977625168,0.09330664525157922,0.16141326342985668,0.03688368812931914,0.028340371741821888,0.015046171947951322,0.008642822916667015,0.013068345750041743,0.024312519881730013,0.05574276828241948,0.10920698568733765,0.10242077879835479,0.06657347071613447,0.015502867362963437
120,0.04385506126957282,0.06038968518119698,0.016358361169103598,0.06531777657922924,0.019061917826957268,0.043968203170524627,0.024679483881307078,0.06699453399805066,0.09444783859131183,0.02741261392104021,0.07197381671634766,0.1311981067086544,0.005640529475409498,0.04575355999209462,0.044910630050547434,0.07764686169147629,0.05891864469960625,0.06655999099003201,0.024295223448975844,0.010617160638561713
121,0.0740477525761104,0.036960787637822574,0.02509695024497626,0.03444951069576659,0.025143699680579817,0.02572210718828298,0.0250765090823127,0.02139976197508409,0.026526381064703897,0.23415469007766104,0.049126837313358075,0.05857025365845899,0.015992215193969737,0.047250632439096295,0.023419015805132285,0.016357870814030697,0.02157590589364276,0.17557194441939192,0.039230031576599204,0.024327142663019653
122,0.07800367995482886,0.092265581444766,0.013159444098666134,0.07034252913328931,0.024787743928446664,0.009438653654133197,0.0526569926746912,0.08869838929423073,0.010325932672032585,0.04461392302827257,0.05198725837907066,0.03971133076726113,0.015536968654003655,0.015620497468705008,0.03774594006790336,0.06819045487828286,0.0823053138975056,0.09069773861196136,0.09697402077121009,0.016937606620739
123,0.03468457239593794,0.0475799296600317,0.05734994595308131,0.021744612786312466,0.09534267834956092,0.07955358464966011,0.08861320712622552,0.018112298861036023,0.02086298868073981,0.0199481204669155,0.03410456651785674,0.01739436121999935,0.05411710450277939,0.01556546918409412,0.012815936199984631,0.19934363237419175,0.09592442197157604,0.013861083389992021,0.03336456233546602,0.03971692337455864
124,0.02430416819227256,0.033391258286582196,0.03220569954092623,0.0394218771479675,0.04592651918387935,0.02899642255946358,0.03274035677815419,0.04409552909688826,0.03194541620258086,0.32400169885970437,0.03730424124431816,0.03433870419653811,0.039935327054567975,0.06100133242210636,0.019042000940136968,0.021777227547245228,0.02486907462218411,0.03146852481054352,0.04960446565488412,0.043630155659056404
125,0.028485441664960826,0.3147665632085885,0.028076037726990036,0.03563637017000423,0.029987863777065218,0.03353912289977717,0.030118515990777552,0.055640703471731334,0.029551042644332493,0.0260689271216739,0.039485037727482714,0.029114570588466636,0.017033434586419007,0.03279862193069688,0.02819590965876216,0.04751139028113582,0.06375263052936936,0.04811742285141985,0.04659637734184776,0.03552401582849862
126,0.017080785911259277,0.05634010592254973,0.017163957231210194,0.020291787800834668,0.009115532480295124,0.018043225588440626,0.015013340787165212,0.02617668920324377,0.10204846839703195,0.046099669159690895,0.03609209681028355,0.014449212661176023,0.017343110026316864,0.1995796292936312,0.036877591000079056,0.07192631489590003,0.06818024426490539,0.1865380030820358,0.022421978589981295,0.019218256893969318
