site,A,C,D,E,F,G,H,I,K,L,M,N,P,Q,R,S,T,V,W,Y
30,0.047117999462738556,0.022535087109757858,0.05060278777020858,0.04683883427082503,0.08079088658386968,0.012197854860181543,0.02249198463808114,0.025268854552347245,0.05864289666639711,0.049550621685550265,0.04024650385165797,0.032616667067712095,0.016776538245181948,0.0073340867047406765,0.037757810148495094,0.09932432208745917,0.16379588669438844,0.13171967751580815,0.05062989119435676,0.003760808890242658
31,0.04440316318899862,0.023862513283650487,0.03677745118651501,0.05351211203750478,0.04950628036003701,0.04500209994309872,0.03254757152547894,0.03619713676256664,0.12200168193151205,0.026610265447847985,0.1066481182250826,0.017983784125354382,0.05109899015050295,0.04788597212312414,0.04484247906250519,0.0612856652163431,0.03625990568764774,0.10429330023479988,0.013087771361974757,0.04619373814545504
32,0.03040043352254658,0.02586215469360925,0.05377145806204068,0.054670570081446386,0.03683001786796824,0.05293014818533014,0.04018033927921518,0.0798162099686915,0.09616512387686159,0.04095005139474669,0.03996427695339718,0.04707495521607612,0.03105399049972629,0.043477526135228775,0.050158886270634515,0.03498820704197784,0.0329024251093767,0.03242624159889632,0.12735826920398519,0.04901871503824482
33,0.0527644838242442,0.015242036752519141,0.007387070229961638,0.06959238017882777,0.012560764623918903,0.11562958023753209,0.1590750414489564,0.02907493235842933,0.0066430781114800936,0.07351625165132006,0.07117956857304904,0.07690238296741402,0.024236832634028763,0.030326378578231082,0.016380170625963524,0.0603574403337938,0.05139185905628824,0.04124832335595005,0.04350513363937308,0.042986290818718825
34,0.015098058239540836,0.01588397082285932,0.017526734919387364,0.015289498688852475,0.09830564595967657,0.013865658239392563,0.011310806050951874,0.011716691733984727,0.01457728199458794,0.03721208830811792,0.02136864041801189,0.012355893709867161,0.08976883198892144,0.013725415179914236,0.014918835915169848,0.043411545131634456,0.008132955650633673,0.010377155330498574,0.20913427382832797,0.32602001788966917
35,0.24305115431291005,0.018235105173816643,0.03408946732683359,0.010834248282331947,0.00904861602302858,0.00894534108623512,0.009539530847063271,0.015567827431276672,0.010768078864205867,0.005693868910800867,0.022630159780721856,0.008453752699467675,0.00565691627616406,0.014168469433734543,0.0049377454416701366,0.05739781238177003,0.11233512677039585,0.2734029716985639,0.03044682163682636,0.10479698562218291
36,0.06478891037477243,0.17638143488591795,0.014568593685165564,0.015083852730995355,0.014306913524565505,0.00947476535672968,0.012092233437812502,0.015366579875557259,0.05745273108792903,0.0028121782437222718,0.023297299313600757,0.09843130576941043,0.016549740967205157,0.012100140816882314,0.055797418926340256,0.11056357761603287,0.2279740128164889,0.036023466090529734,0.025581404805898857,0.01135343967444321
37,0.22748596466826063,0.021753012028478416,0.11487793513246725,0.016725860826094688,0.01430619322853644,0.01707692273720401,0.014437278244309775,0.046485101180283844,0.0169192138861172,0.04201352926437911,0.026276454658480303,0.015180252639887943,0.0072831732972514305,0.018000758959818633,0.01125380135788058,0.00813760356158183,0.007298117204626975,0.3216605266084905,0.035896247818580744,0.016932052697269676
38,0.03679434625746123,0.027570043287296824,0.014305807514445355,0.017568105508809818,0.08437682676168282,0.009720047435527323,0.045307847892976545,0.008197609252661359,0.015564809182150245,0.11656922587019554,0.0545946708469536,0.020020552590985386,0.008274887021512184,0.014515324836991302,0.00861361338021199,0.01519022375429234,0.006117041375792981,0.009868695924992706,0.07042045022449837,0.41640987108056204
39,0.05662026793674705,0.04654709210274179,0.010273862734689426,0.011903645866630997,0.0326240601170953,0.0085137608456741,0.0529639480792172,0.17299536941531463,0.01873849366675758,0.004096586782630314,0.021388902062437765,0.04078983720763888,0.020499482892354346,0.01393241858022726,0.10752265294135063,0.0062191841177733085,0.02735742041823711,0.028434490672988248,0.08635625240979523,0.23222227114969882
40,0.033300868989903566,0.024581582350893527,0.02917679897590626,0.03076382812934777,0.0211851343416318,0.5562679997025336,0.027429911131350394,0.017682313885682463,0.019945212289684527,0.011582112796359746,0.029338694370400827,0.02562633374254803,0.014363116782842036,0.025732458815551605,0.04480733406269686,0.013968442569810077,0.014236778239308153,0.023532178136891936,0.014820974803232594,0.02165792588342423
41,0.06286004622684144,0.02753649963814945,0.02999615152384205,0.022033295881863306,0.0345816329089605,0.009095870910958497,0.02157881117930906,0.02553778420608017,0.02178774179440885,0.029033315041231553,0.03548131390211711,0.018255736122135942,0.011580325238874378,0.019382829662176974,0.010832975167631237,0.01256158121125302,0.14964747160920072,0.4042755298911497,0.026303345262952246,0.027637742620863843
42,0.012570537379230513,0.03288311368447671,0.020696418291537743,0.025753947364548613,0.08303951707773363,0.018253232153836146,0.05468400501133756,0.011197014850898454,0.014380228226022902,0.016420607430297437,0.0242329740946568,0.015029137709533973,0.4183696985823629,0.014250948845174525,0.01327385374121557,0.06939843884958813,0.09511947654231055,0.015964278263362323,0.02869988534829609,0.015782686553579433
43,0.01930369155435888,0.011367560395779807,0.010536188774527255,0.030599767704004507,0.044744433460571685,0.00720176889741486,0.0123816276303169,0.11037770374716603,0.1632536090732594,0.0034922709090810015,0.02585516048823091,0.009111054284332105,0.0064097926472016665,0.07111695489005405,0.004009912915117425,0.12330905362207129,0.0500369923586235,0.18624520971213887,0.018730913449584455,0.09191633348616536
44,0.01758151334186195,0.023809422226642306,0.022600006011706756,0.01601366196762075,0.18316307263298126,0.005761851494813565,0.015110268307109848,0.009979463138516099,0.012214717868750013,0.02105449890684417,0.01841872609712351,0.01316347796061579,0.011106655267348607,0.011088919700530752,0.1297290619901343,0.01381543956431309,0.008471469458687904,0.010972768548095244,0.27696882346258983,0.17897618205371432
45,0.0346334712783604,0.013563170890455445,0.03582587568464795,0.08005839860960494,0.03180134412157387,0.05409058392904772,0.05582994629290298,0.14141494364565815,0.059921527559068065,0.03712776608662191,0.02600067214231694,0.021046538631153567,0.0050474420901032175,0.03297090303906878,0.10802875249492772,0.06655648631522527,0.10389856407343798,0.038181012332197097,0.032109893955828035,0.02189270682779995
46,0.05124864608921845,0.00624888481487678,0.0861635680214348,0.044606818579444374,0.0060319475436800656,0.020330349177881325,0.06239906822545639,0.013748667168397436,0.049999050569987324,0.025530100371962957,0.015986278277355954,0.05540443870178799,0.14022381793156075,0.16977814610278702,0.04601298844689404,0.0332316161497012,0.11181876552331656,0.013269421176552191,0.029818316438966697,0.0181491106887377
47,0.07652800279086894,0.024631952138858784,0.07721696621198632,0.011512877503626973,0.04736526408634602,0.16207691962249504,0.009400243863043547,0.003908795040767212,0.006412532520678039,0.0236841215702175,0.05668881767861716,0.0223790279008696,0.002292066635832267,0.03498145932841678,0.0030139886257733867,0.04592325056565482,0.09152484904195274,0.0984801040571118,0.11493631093216429,0.08704244988471878
48,0.025690973865559952,0.0043962881248590935,0.03752126307922777,0.03535982925570379,0.18684361473108482,0.036440843649242764,0.03247156489568965,0.07215113547600595,0.05569021243763593,0.039794462964787725,0.12281269112776565,0.009544441227537587,0.03100378499098946,0.04674070708094579,0.021091063273362243,0.08097234096415619,0.05434195778706469,0.08821925195071108,0.004155346663967692,0.014758226453702155
49,0.1365070690024729,0.10236496513373625,0.01274337390748561,0.06261117398897696,0.008248691601827392,0.04994192966383807,0.04321777146898831,0.04597397931487639,0.0680514786397054,0.02090492282083672,0.021447927876132932,0.022451702279524654,0.00774718819500859,0.014107669266907914,0.006084650540751265,0.09127052112818718,0.15367015592272243,0.04849383477091917,0.019078589663209775,0.06508240481389212
50,0.039439517485302014,0.010200815589280997,0.008014142061351223,0.00738165832080538,0.06958107237901696,0.005335719234251226,0.007792103209330068,0.09015330736356578,0.008524450685836037,0.052971638174842475,0.018316293822897876,0.0295899805512845,0.08175973457789894,0.009465202217743282,0.005199665749362296,0.047972788639422156,0.10018610400744628,0.20208206547892804,0.1005141456391918,0.10551959481224268
51,0.011034564353592728,0.01695596225183238,0.013807394013570201,0.015021688142217358,0.02527952202510029,0.012384124541325932,0.014779383541882208,0.18153381099302487,0.017108005360440735,0.2671580906196524,0.027052698303975446,0.015866882332641045,0.00890970894862458,0.01589510083063993,0.006349677942796371,0.05601686316821704,0.048262349266486815,0.16631261821681068,0.022984472361321433,0.05728708278584763
52,0.014906696912885374,0.03651142860096151,0.016960284401531273,0.018658761330188896,0.27086521510655487,0.013890406751841273,0.012237830275816736,0.0431462813543654,0.017542942992797864,0.1322273961682553,0.032145376815889366,0.01525610656444755,0.012035041983260436,0.017960107669592728,0.012555620667302318,0.050202143125899636,0.011282549599071767,0.016087051525249002,0.02228211167336018,0.23324664648072863
53,0.01693706196273287,0.3593774282236684,0.022243573904028948,0.027192175361315397,0.016521215571214647,0.01537182883095216,0.018668068731734693,0.02353374995710655,0.016405022887232234,0.013145792254057372,0.027227407260940983,0.018653398504691863,0.08737207973873003,0.026698145290315188,0.01401009504166354,0.18099390763672235,0.01452186529819229,0.017095985365115248,0.021966289527137053,0.06206490865244819
54,0.09388945955833605,0.012101949307466012,0.007634163997543265,0.023700946460402234,0.008747644331132723,0.15886195494740823,0.03453558093653234,0.13502163200959474,0.06967107211052741,0.006075896415485181,0.027893446625892035,0.01623047785341746,0.003473955038981084,0.007020048808019193,0.022477311528882046,0.005212190581098243,0.11910856431149316,0.20387111175782144,0.02992047047772162,0.01455212294224555
55,0.06733406664385767,0.01738567771150413,0.014388949115516081,0.015016076901584376,0.012352191087008446,0.1445469143173813,0.29954381423531407,0.0060774834616003845,0.009427394364883233,0.0066568360393445035,0.02280045090515761,0.008840233305582564,0.012535872348360498,0.006903247192215136,0.004526423711616701,0.1467611080200192,0.04033621938820642,0.005493991590443075,0.14363959963579678,0.015433450024607899
56,0.08952432116147832,0.00860992342586355,0.053242900096862375,0.054726252347855005,0.005444224501416534,0.03832790810165344,0.06635426726771698,0.03792486231858521,0.11721124692891365,0.058333800938585874,0.10724009079205807,0.09288046849086945,0.050884219535991204,0.007633553896958684,0.010134857050107294,0.05047966204862719,0.044171462941457414,0.048834702425076496,0.019045644015878556,0.0389956317140447
57,0.04198262378069892,0.006714783229557742,0.0026541015337555414,0.00380475422654891,0.006269866113148961,0.1476390054669551,0.04543959935325212,0.155099888238134,0.011253579964088968,0.04986211389959453,0.11469633843707043,0.008470832317150295,0.0047730134956344575,0.04521453914212798,0.058446939965727564,0.017633121361347856,0.09019011105552947,0.1293634932280009,0.02713299556544593,0.03335829962623028
58,0.033659143637236086,0.07181285751575897,0.04098916275131594,0.05699472190001701,0.1201515698815771,0.043783540258726474,0.0488106190534269,0.046473586066740354,0.09540941645924972,0.024412895377202738,0.04705573047587873,0.06406514968674541,0.03917119780880134,0.052053874377787177,0.045782717478344497,0.025719412723709995,0.015870490514655007,0.055842442654407895,0.03443512434015724,0.0375063470382614
59,0.0475316715373898,0.005838291858866343,0.007849556398075375,0.0022661221667827284,0.08279602591207716,0.08692923934539257,0.07307934188141947,0.03410106237404175,0.006030583945012358,0.03258296135420591,0.02254667190450354,0.0760362534316521,0.042838286949732386,0.19159106545789556,0.0035543410689488184,0.04297789619202772,0.08464147932872611,0.11118876239694632,0.015577931443081857,0.030042455053222103
60,0.04595939926759006,0.015184904429328594,0.05599678232913942,0.024919311094415884,0.04356035576052668,0.059899171668333306,0.1077110684491526,0.055209411645038696,0.006635296347886893,0.07300170982211546,0.009170868346121614,0.006735363036106756,0.008010749089770678,0.03639433580211431,0.0039477776492530285,0.08510555945264282,0.1139362285073804,0.1044681035703986,0.0914752777922895,0.05267832594039469
61,0.12796716904178604,0.04737407987036391,0.027833128631347903,0.04266992205280677,0.054909414004067694,0.10882180165734896,0.010273317955516613,0.09888150810269307,0.012055102193798057,0.03768219850541494,0.1179104205492662,0.04322461440769216,0.053940989412959994,0.026965645315806672,0.06634524353710917,0.04393987895958111,0.03953597229303646,0.01917626598297101,0.01211937425233724,0.008373953274096015
62,0.048418563397013815,0.011852064675051193,0.013731491663558887,0.006843105439728571,0.06466875822545165,0.03505264422146809,0.0337785053533558,0.09912951329493057,0.09935816137548277,0.07194495988637237,0.0077908083139224754,0.04175190574225726,0.04865529324508645,0.051800549020188234,0.05400487649924524,0.10454635733892537,0.057805324928241884,0.004031697876333664,0.018523213859798732,0.12631220564358694
63,0.013859223242728893,0.02590880572471539,0.03697876006845056,0.3279475478748174,0.033673474808794825,0.02010343700525116,0.016542114199863078,0.011358596210170113,0.029353418325022425,0.01022945764098736,0.0318805114540175,0.1565731643222419,0.038435377896679196,0.01873680722292373,0.015837047366199623,0.07406250748692468,0.00941528076104414,0.037813300144315484,0.04971271399693833,0.04157845424791426
64,0.0723357758828988,0.009196586845441375,0.1965341774853685,0.03793050050838457,0.006907081500130684,0.024969627188051274,0.05718287117320223,0.01704589157998294,0.05266103307889339,0.022473867083729556,0.00914327901078288,0.08525045583453837,0.039749524658339884,0.11191135910825087,0.07857794609233797,0.03969070582679786,0.03200836946162953,0.008947183314712582,0.01070755491688071,0.086776209449646
65,0.12765681528369235,0.028050635068960224,0.03444495105550688,0.013371371264238615,0.0479932705731719,0.09420037856887743,0.0547078142923453,0.10155939175179425,0.06069335893028157,0.003675998702078565,0.017933411892033565,0.07394101475205433,0.0024877710699123695,0.019406093610051318,0.005010011022945235,0.11795480474236224,0.028273799037919458,0.01233580270663392,0.07950436946632444,0.07679893620881605
66,0.08181668749819372,0.021411628651985048,0.13142622336068138,0.011052742465361488,0.013784496334012488,0.07399091914541993,0.01153157423022761,0.08488786159348306,0.015027729666049846,0.07004447071631396,0.016482971853275418,0.06510892430114744,0.012555652773444165,0.008006453056445725,0.07029599096175834,0.013664829982858314,0.14653472276466906,0.015910261705298676,0.025728289961198077,0.11073756897817626
67,0.09534216746750324,0.014420309362795822,0.03119791136149218,0.010544825727983171,0.10848914050095322,0.011061883546596296,0.01408492795755371,0.15230006014640066,0.014484585327319726,0.05597498537852455,0.10255623733576472,0.009024116504431136,0.009191435655867684,0.01459580893122148,0.009355221954979806,0.006946331950266845,0.0452997597294644,0.18788599989490026,0.033761233223883365,0.07348305804209777
68,0.07148256473922687,0.012077367792834675,0.01659599275476455,0.058931367866564804,0.01785757143120427,0.03999121904399741,0.01533708362184364,0.20775951437706136,0.013276078220729426,0.013269670817462614,0.02892758093319451,0.015967833249248994,0.006451303049456252,0.20032888918223815,0.008119711433672083,0.009716112002487294,0.007861012856393231,0.1114027703045876,0.1324976148486353,0.012148741474396992
69,0.058916516567663925,0.020570732096800208,0.0039992652603885286,0.006281068722490236,0.07102013064169642,0.04467390658548417,0.09305467528620322,0.041785692096413585,0.09926538948228583,0.06718668749896886,0.18278602821367917,0.0756779369030237,0.002179403725388186,0.03612829778703771,0.003189851904901584,0.03929173602549629,0.11157627709366826,0.01903795685710011,0.01227868783049349,0.011099759420816506
70,0.030375647490638192,0.03576586939677989,0.01604068855888708,0.1636672196149897,0.030885570044436827,0.009682061031920043,0.019190031141096475,0.060255953636891,0.0041097958628526585,0.09244412061277528,0.03114746078488717,0.07889765028376769,0.0055765045483606645,0.009814557226751354,0.021191541100585253,0.07441556463010417,0.10948105208492563,0.012667170268566105,0.02115113798927705,0.17324040369150775
71,0.05117792373312237,0.05490028238908461,0.05829785993049884,0.01507912917302761,0.01865779270321901,0.10250295195279491,0.039493025333465485,0.04850705889195359,0.03823987262071771,0.002623778139786632,0.014300072756398913,0.013709549722359032,0.004331400558214835,0.005998445210673759,0.08174783013499105,0.04752894097518084,0.032312347925811204,0.1486201948943605,0.09175510895002272,0.13021643400431634
72,0.08447347344475511,0.0467781954732106,0.003805808520433159,0.0487230446453482,0.047505737583912244,0.04721035103321413,0.0459661023363436,0.05064502883123833,0.05057420104229894,0.0424353445523496,0.05441056091630885,0.04041799023196418,0.008292232424088676,0.048717352611341753,0.05273132601787979,0.027765531024589608,0.11709007084394166,0.0923548374796867,0.043336818978620795,0.04676599200847402
73,0.028141724087337276,0.2514654550728316,0.03185268358910396,0.037635306145681134,0.009028646669933011,0.06495344599880254,0.02386164833429783,0.030238932814843234,0.03369464277961644,0.01698535797848467,0.04787960530588524,0.033486507835844,0.01356999415532796,0.035970152213741086,0.08723445703968748,0.043412527006078866,0.10494402858554204,0.023379067322157505,0.03436653810872283,0.04789927895608134
74,0.04047685395618459,0.012867806192012733,0.09227789350766856,0.0383891067955599,0.05794100751546907,0.0738617805851321,0.006778933206053921,0.1638799368207639,0.00618849669437512,0.002411055608290974,0.020916855004070863,0.004762999435846371,0.17000200009591998,0.010093437704415223,0.0236267788466484,0.011482221201998133,0.06373502287987515,0.07267504100293229,0.049409691113258644,0.07822308183352411
75,0.13090211056646295,0.01965501668972189,0.015925957217378123,0.02349438814549256,0.015850294186132378,0.012787224588303238,0.008248210711648789,0.008025517216999909,0.012997026220616227,0.20369921234288885,0.1676228525216044,0.0124152379796078,0.1224436378972591,0.016983512727552986,0.003511349566593183,0.11265364351634355,0.022371939230752355,0.015362977383041312,0.031119887097656347,0.04393000419394407
76,0.10006868201627023,0.03807967431461623,0.022775513118069437,0.015799618046000358,0.07210243044643472,0.07908550475400937,0.07036992768661797,0.13477415859499617,0.006964154960359566,0.013434221499580038,0.009358225871154775,0.034927137550015364,0.037103248450664386,0.07819715029002028,0.01727731386779292,0.044895452118542074,0.05030974224590916,0.11342358255253528,0.020451515649240515,0.04060274596717118
77,0.0074331588984649965,0.019332919670525688,0.066021711952333,0.061897635661855625,0.17042345931093794,0.08685062114636946,0.040585179970425336,0.01061884800397241,0.053244500412270475,0.12237208632970546,0.031336154217782033,0.09475937592326436,0.06281584788802076,0.021060507139188323,0.009366248325049347,0.023371147304191264,0.019043330412656496,0.05644675275553744,0.024544588978059546,0.01847592569939004
78,0.009556358047583303,0.054427468352555,0.009557134205117532,0.050628422486304676,0.02404535308947062,0.010261399078235913,0.07361776407153305,0.026289548589071444,0.12782286467830828,0.032179624940453185,0.041465016243298854,0.04243578414065917,0.05359623793058637,0.051526233106740156,0.013037277334342892,0.1166255081608498,0.15185483064024458,0.04075309721878393,0.049152922878872476,0.0211671548069888
79,0.03877830666431994,0.00688456079584903,0.0280811975454601,0.04565470123434686,0.03324341444339807,0.09186051536998865,0.02986751094494881,0.09271330369400216,0.04063727296674588,0.059996026810373596,0.1000108049962927,0.04586612408750516,0.0023574876475275187,0.004183637488063864,0.047567147591539904,0.04586836931995199,0.04771353967518093,0.05047024566463429,0.16313907498963648,0.025106758070234055
80,0.03994483887999327,0.09202972483940837,0.11463371632691323,0.008394906978627192,0.008829370074191201,0.06396265703039825,0.02955849647025748,0.03383583173611111,0.028779571630417104,0.03613079458844749,0.08720640766560743,0.06027761632686661,0.05635596328394215,0.0755718010377625,0.02693274059613314,0.03531147389554234,0.08546792871334753,0.05158601016455184,0.051388165635867906,0.013801984125613837
81,0.030481917471373368,0.13711771849903115,0.0876595693494472,0.07943375261371724,0.08437975266740386,0.06792677472814802,0.05664134993647456,0.020281481544849492,0.015104248258303648,0.074491901033826,0.054511500504663024,0.09874020990204749,0.013446748112390453,0.04537502934548775,0.030540861288376294,0.01810787240038811,0.019521113736829094,0.052273114473984444,0.009551481702830112,0.004413602430428697
82,0.2674222256307705,0.014963284544036896,0.009424088533812781,0.15645920177421854,0.013124154288716485,0.04408937349602791,0.008576699369679011,0.07911418440209328,0.029060973582154672,0.004998972275094971,0.025310606576420234,0.009119467063071759,0.07148808731091855,0.15478214864250472,0.012266884973034332,0.04465105637722174,0.01093355338309157,0.015963523036195245,0.018691152192989634,0.009560362547947142
83,0.03858154566940842,0.06353292478013388,0.09019544566391735,0.0805822814832423,0.029135656893090323,0.04168901265689221,0.02961293420977623,0.03672096808814469,0.0073400013791942685,0.017401889789538945,0.048492617877481714,0.013393182538448276,0.017301143325961183,0.08199768892679257,0.04268650497167316,0.1122129112393938,0.056085132371289106,0.007478895506255385,0.042206831063919745,0.14335243156544644
84,0.04571351038388914,0.11619543733154901,0.15160718775739082,0.045343473761297895,0.03978129059145996,0.022083593014574767,0.04917607804479969,0.0162188187073458,0.02509438685509569,0.0514084025770032,0.06323662822428776,0.0346119371074763,0.07129180995330599,0.07055295460855981,0.03727023809642109,0.03089137705255706,0.01167151990320632,0.08786864843413385,0.020002966377940128,0.009979741217705748
85,0.03086215361498098,0.0504396020683355,0.011902048710244258,0.04163945717503992,0.06425599489653248,0.010384073907631153,0.015226837310226955,0.22039681191827368,0.00761138313917193,0.17381119357964894,0.05509260322031764,0.008930283951538985,0.006979109344087897,0.00992610677931694,0.006198520912433826,0.0280715848420969,0.0633543132040924,0.17379214388295688,0.013589842315489039,0.007535935227583647
86,0.08539705253791313,0.07654708459895193,0.0809998196865922,0.08520986326769417,0.009094923484173312,0.0203842527020201,0.036779505488665085,0.008066663462397995,0.05667933434705085,0.0038053468998896166,0.015203580011478738,0.05412660078536819,0.1448057591465958,0.041631211447012775,0.0397557885930001,0.15710890597756205,0.017510863797889145,0.01771163824397787,0.014253238038476902,0.03492856748329007
87,0.012904311963133772,0.028297722927202368,0.023018769134094806,0.1467118518255755,0.018513794515475992,0.08192687292084372,0.026560972670857892,0.009868546692930736,0.05983653442425276,0.00898146306053872,0.03475955224049982,0.12900385278388135,0.07832426455510444,0.10466676509155766,0.061930202616616,0.009847990309314977,0.011290468078364651,0.008495059274251864,0.10552894738885603,0.039532057526646895
88,0.020612803172563064,0.04424774463558395,0.03353235167870738,0.013410955578436742,0.1513234807105293,0.017438244032037434,0.06794315541359165,0.11401682289658857,0.01455419396478866,0.03170096380643327,0.05314796714080227,0.07943094827783476,0.014239369274096395,0.01850206672060847,0.011460711942895024,0.02961396616472515,0.00950457075312189,0.19718592702537527,0.021085368524502136,0.05704838828677864
89,0.05017159472087382,0.03442275156135749,0.049287835173244206,0.018353513652898036,0.04292255771645595,0.016409957291512334,0.09734082589380125,0.03213920561673696,0.07188938646340193,0.006429987398822368,0.1112825288639885,0.0032463213372055976,0.07298451394427294,0.11750692523762878,0.012845382967619008,0.07107530832654754,0.12559282482150344,0.01266046751262247,0.03588645921412635,0.017551652285381022
90,0.13342374366778992,0.020034295108753833,0.03993888519693721,0.146949306919597,0.017628729107969546,0.045081075217444706,0.023155549270281135,0.018197974965235415,0.015079584904002288,0.013429805065206205,0.044812317102991384,0.04333727539367712,0.025635424235778838,0.11634866733971515,0.01039584025361029,0.01612390554970882,0.020390693608165287,0.18514495332866185,0.03535406069126206,0.029537913073211932
91,0.08686854038715505,0.04326836844128995,0.060552362747735844,0.03751382533982711,0.04800028433894367,0.030773388080773758,0.07458041193412394,0.013244024806785801,0.00928702009514233,0.009396764908079414,0.019178826365443446,0.020999692133199643,0.07947285498985798,0.054914917604721926,0.021178592722123274,0.07503092547015505,0.06308591458702181,0.13290482295495926,0.10121614465162838,0.01853231744103236
92,0.01637356394830385,0.023178943347377752,0.021894232004639205,0.03979564215625196,0.25220408601495403,0.018648294558263213,0.024901149829403522,0.03485990005072569,0.026080421661362277,0.04658505769952444,0.04184469386211525,0.025308300453272627,0.01932419359308808,0.026489017274032012,0.025220563410234702,0.07155734851626162,0.01617176525436956,0.09206948296734936,0.02844213845842869,0.14905120494004218
93,0.06194218665266205,0.05126726914330877,0.09718075931084519,0.015484995691915419,0.03205233254808467,0.007931485815357223,0.0684886334102613,0.014054169031886965,0.004482701932779472,0.01421868968422354,0.02722314382545019,0.10215765865078841,0.004679824138841131,0.10265101534651135,0.052229557775778576,0.12727378120374214,0.01164017059296359,0.007591566848470295,0.06818256898007943,0.12926748941605032
94,0.0839453085590662,0.08951252173446024,0.013800959286686008,0.11095089284764008,0.006944993733721401,0.09956130218241416,0.008128514971004691,0.024103368656387566,0.00840414312675739,0.08195294322125815,0.10341655446551784,0.00671310300055661,0.05360387281281207,0.010438515711825908,0.021476423866465463,0.04333571951563798,0.033471846830497066,0.18518260690817828,0.008522397841156246,0.006534010727956654
95,0.02189005334039656,0.018825087895169863,0.025457054741362145,0.01654830399266279,0.1169765773368883,0.0593249256647031,0.014901062140452628,0.010938964364449242,0.016907263420592785,0.010338665950922478,0.21850917789150306,0.018619348405268993,0.050893211686658175,0.01897681201309751,0.01692119140554152,0.03971763279933428,0.009196754850397277,0.00940577080809801,0.23593770706065706,0.06971443423184422
96,0.16420850666605005,0.09627121482288863,0.043927649899350066,0.017692659945537793,0.046314996647864835,0.005040777337186879,0.016062677383590185,0.006789976399055447,0.06993286259730604,0.03916988998452856,0.06781797623508758,0.011663257326499215,0.0032749331900702406,0.14439177615640322,0.04904673651056599,0.06410339012669744,0.09519833946815592,0.012771795794224538,0.03365381831954963,0.012666765189387724
97,0.01904697071455931,0.01952559017298006,0.08541895812969318,0.022521185772953384,0.014708545254223413,0.033824837354389646,0.09856632281488992,0.01739741115101773,0.02242377729643075,0.08631921034608817,0.028261828717117733,0.18436545322050996,0.010124502659380027,0.01820003975360513,0.008369321518609672,0.20311391535361237,0.010097394581488265,0.07172380088107401,0.02248253761013596,0.023508396697241345
98,0.0026123049390629647,0.042626206770593124,0.01824077885309328,0.06876483027791754,0.11759750049800433,0.037346440660293,0.014579161395760622,0.029561687857137236,0.039148736800990465,0.024299555576385076,0.032365319385791895,0.04758096632508175,0.04495481405712646,0.11289499108154281,0.08272435083858524,0.05846467383917116,0.11957376513443853,0.011420366841890451,0.08812105262359558,0.007122496243538448
99,0.0085685815899278,0.014756461713911134,0.013994143653264313,0.01871721136486798,0.1896973401831911,0.06958030176318868,0.012037755911997244,0.012339324226498943,0.13808724739514994,0.19690422711769343,0.1511343025282783,0.0116061389993696,0.008754891819413052,0.01737293597172972,0.007024255128581805,0.0054314482466607,0.01071079802725756,0.06810724953272422,0.030629096172556332,0.01454628865373814
100,0.2687809222741316,0.020830499764086123,0.012466398199134334,0.019132584348537,0.015456573610270596,0.010677051572593927,0.01810878045593268,0.12301088777472735,0.013318179511474352,0.013705515076514817,0.022151458655426216,0.013563559464340872,0.11578087649568676,0.015486709642351167,0.00801816749877998,0.06437383252354842,0.008362087468013426,0.19478272761559995,0.02651435898295606,0.015478829065894359
101,0.05691752758688917,0.010897678827767885,0.03154178990965563,0.07187740520093971,0.11781564218905305,0.014108960365741498,0.16770603270403447,0.027127590681582693,0.019495220232680636,0.012540334232786745,0.0655916826096651,0.05080200705616034,0.020393800915009096,0.035615122652042135,0.05044593790433568,0.045724181705773845,0.028870179400351366,0.046437941080137976,0.1187952793698998,0.007295685375493103
102,0.09087116328401666,0.012279424204482118,0.01616384456609827,0.020817331492308834,0.013690225985154802,0.007971077903348271,0.0051846044275624704,0.008863851854381603,0.04759855850772697,0.09655582554150564,0.024679493865468572,0.1330285385145042,0.012043446667610055,0.10461546416864098,0.04859452194747848,0.12380058440908485,0.07686993557852254,0.0077184051747183945,0.10530577023516749,0.04334793167221879
103,0.06664879567916089,0.01191447378242374,0.013022096020715765,0.011050340154768967,0.099065092403333,0.006664985783838051,0.06688060220410665,0.09684058547945217,0.016531960724244232,0.15591894497213502,0.10080103810200981,0.01884408093543224,0.0065931464344990715,0.010080861632335722,0.0038864964515043076,0.005430022534728304,0.10240328472126793,0.09921157169240699,0.014062915038413245,0.09414870525322386
104,0.024410075318809142,0.00879296720582251,0.006026205732913858,0.11059124662258474,0.05288348837085232,0.006158673288435474,0.0928177260083415,0.05642128742032388,0.008638930807275262,0.062274956416555435,0.20418280353629656,0.06277067816905947,0.003220790591154933,0.09850439860131353,0.037668002349659384,0.00398532286141464,0.014178047462217182,0.011144012830676602,0.022909662876069676,0.1124207235302239
105,0.04581356399013307,0.014552343147459956,0.10223214454121587,0.04657744804937076,0.06513245695834789,0.10443580665682711,0.01919976134333208,0.08230147894215743,0.025974219515375062,0.026656963351014196,0.12507659250179068,0.052216537970597256,0.005968389737291397,0.02335647253569772,0.022628443605802098,0.023010264705871718,0.04096757257533686,0.07051952982084637,0.032441223467712964,0.07093878658381954
106,0.04399088181542901,0.02773055797655514,0.40869576016161757,0.051589347092593746,0.016640057101264597,0.068947745740697,0.014909685377095482,0.052994914082930236,0.019793940947604446,0.013508252421797434,0.03335705716940944,0.04936472023132804,0.01040653542925041,0.06136926523522482,0.009884105449273704,0.04414902743496822,0.0123666259285683,0.014766659566387534,0.02683384117702598,0.0187010196609789
107,0.10074115131225926,0.06080655827031861,0.008448083752237165,0.008731544223940785,0.027896153607473013,0.005407281069027272,0.005643290621283853,0.14176062543859808,0.03115064549904024,0.05934650640511172,0.07340751719658452,0.02012619257396386,0.003956180657013968,0.048767361996509294,0.04416090962345695,0.05748394447103232,0.10175279388502434,0.16881014937507405,0.026276130263911,0.005326979758139676
108,0.03566858897746962,0.14186625998948807,0.07154359818463084,0.17689326722966545,0.004408527144420226,0.0027034634534345747,0.023247985418849083,0.06489681550141553,0.004058781306568632,0.05536908133557218,0.10210123744299636,0.035992775081845084,0.013814463683619198,0.035806334991906434,0.011172575771779134,0.03594193811157119,0.07075394004669967,0.059297632704623016,0.011355477925704415,0.04310725569774131
109,0.030801203394697416,0.008544743387364568,0.05434134445812406,0.07470636350325192,0.017272633446331575,0.03995844496426069,0.11627969656446328,0.03623494491393361,0.004268174728212785,0.015937788327695428,0.042260377940214824,0.0837159505485417,0.0028629989413654897,0.18490054054632837,0.032139845631498624,0.09218308244081984,0.045464241553347724,0.027359651713634747,0.018719796541446548,0.07204817645446678
110,0.00659748177361257,0.01485842225842788,0.014677774637339084,0.009483562845701234,0.017681793510573786,0.009396172503706016,0.0629094969725052,0.028508898789404616,0.033327695145834245,0.16725688927770327,0.048693888603812796,0.022610389042841964,0.01689493998694843,0.32251457899560704,0.021659260438720712,0.00538751708893218,0.005829548822117101,0.020917346413674574,0.021522407948531903,0.1492719349440054
111,0.08501456908676679,0.013612341549682988,0.0073510797272564035,0.008753842280739815,0.10219166678273535,0.02510062864586654,0.05114295732509169,0.004406206334515889,0.005299536080821852,0.0317046333038798,0.20969808464111903,0.0075131260073046345,0.0026260185836742144,0.019378353731811186,0.014204945644180086,0.07271597250771603,0.060682610001191,0.12171817214430061,0.08937057625852604,0.06751467936282009
112,0.12078624738679307,0.009727364527859135,0.1168168299030682,0.11553055379788603,0.017089034862094007,0.09457086796588073,0.032588309108486486,0.00774090269120381,0.01437021100374539,0.06614042033881357,0.039707318998486424,0.011985978106987637,0.00490767761631672,0.14231206418190898,0.0051923418053887805,0.019322334386098376,0.12770617842062998,0.012858570596346234,0.03511360019636048,0.005533194105645986
113,0.05597032041150159,0.02857695387707443,0.10012320924582012,0.18671267889188656,0.03443077796219411,0.013882800491418499,0.03921945499514955,0.00793344951309211,0.00603440291501025,0.021947670189070713,0.09227434642347254,0.12563735503430598,0.002087708791424724,0.05778209380395267,0.0247106591290834,0.02046186759603381,0.012376024453109364,0.02573373563793736,0.087100894213796,0.0570035964246662
114,0.10158318450492261,0.03138713064773888,0.10706264960359115,0.09009290290781496,0.06798548662340173,0.08287092194904687,0.03241038552130012,0.01489606347559951,0.004564232604560849,0.004382433995751403,0.12839881382755483,0.03999173084895609,0.0033962052591517055,0.007331248589447506,0.026761111139380983,0.10826220924686465,0.09090396334828381,0.02851211535254929,0.020171989146220932,0.009035221407862079
115,0.05951698651670759,0.023184991593920932,0.02191924299110197,0.01957426741589959,0.018215962015829815,0.013107958189273461,0.01863366272540572,0.12313325665908921,0.01235531246042509,0.2845773246175023,0.02037910971031766,0.013070756141433338,0.040546376601599675,0.1250062614032259,0.04417088820925036,0.07025656639957462,0.04467201559735556,0.01031987093940676,0.021284250395268867,0.016074939417411605
116,0.03049832901992947,0.025334139262967167,0.1427732319391453,0.11393000517241128,0.09157342037405979,0.0327570342814962,0.01840770502883708,0.04097612952946344,0.037384027529526805,0.05713527804929638,0.07935759069468702,0.024590608720721014,0.0019636397971986284,0.07244516022199039,0.07035582742902864,0.03111000411908115,0.028262063050050773,0.023930145088175505,0.006654583380946116,0.07056107731098786
117,0.06161607974870612,0.012232266995709113,0.030251538086683013,0.009529269053263664,0.08935492650914263,0.03341449258857544,0.005368969015234124,0.08734225565870009,0.006297145189399465,0.022469209557819968,0.022601594256416956,0.007974541898923968,0.11565851780258285,0.006430611521600108,0.010308145418969615,0.178208228916934,0.06972979290224153,0.07796753499099762,0.012135291911074469,0.14110958797702522
118,0.12392334562259577,0.1801350671262529,0.017733890558349452,0.06718862050628473,0.008317646719331136,0.0063920406470738215,0.056258438983908414,0.005133751929926064,0.006499961985996026,0.10590542397296177,0.028816232399681098,0.050067022202256506,0.0028609319392002134,0.10605737154379558,0.05050436168791041,0.09391459785057718,0.0037037459713282275,0.028010120025485252,0.01663261653246212,0.04194481179462331
119,0.04383674489035311,0.061494519449166424,0.057418078750676435,0.048831101605936705,0.008184026097990292,0.025728780136289698,0.05351863236610715,0.10789796946033013,0.0805957088929681,0.033163605122464176,0.03122210242863489,0.010816536205233129,0.004420897203216228,0.00819957859549608,0.05948609464988524,0.06496383038944578,0.05412417627250677,0.17090120211115567,0.021343648401423117,0.05385276697072092
120,0.04348999406528178,0.1701886063627837,0.013579653482499291,0.05949273669809792,0.004046142071120648,0.085291572375893,0.048435416773293986,0.028416279325841832,0.07031358128649842,0.03450464592114678,0.03254333531605084,0.05855351647492022,0.013141142390541453,0.03856196843806391,0.03879547756182929,0.09429534649942524,0.05595415036716311,0.08264057249177542,0.011713029418446144,0.01604283267932699
121,0.015112712763364686,0.021775255889836382,0.024925422512546598,0.022806939056991344,0.08133557284239817,0.014026944373763365,0.013918741905422777,0.05695768931993482,0.017196177454286886,0.38247942586197714,0.031412079853774734,0.018789764454329973,0.049766625848265446,0.01753292763034893,0.01114504646177586,0.045774075934342275,0.011200302245839108,0.10146402727326115,0.042422655539708025,0.019957612777832322
122,0.15396391319209346,0.0069246392828999906,0.005747765391751601,0.08201408089117782,0.01047696891560916,0.03321163972502378,0.08275935530032513,0.018846792717742325,0.008618665220058776,0.013540206295764776,0.01754272161031007,0.00588426035442669,0.01821586244028556,0.0702845864296699,0.07712702479091837,0.09327544411271099,0.12350060201357178,0.006684728849093857,0.07164883841285187,0.09973190405371407
123,0.09303598045764842,0.013373382634924524,0.1410714069038468,0.01365085629884027,0.024032237715443,0.005499301571189358,0.05488319976998489,0.011419032397840518,0.045700664941649746,0.012642980609403128,0.0185462843630279,0.14588065790020263,0.09050263230944859,0.07743765423640746,0.005021415784560068,0.1297736726726772,0.0736861859064643,0.00885143904058636,0.02713496492805433,0.007856049557800466
124,0.01233581822745818,0.09067146498122264,0.018647113186875203,0.017626270570444646,0.05049164053053365,0.012066338711674488,0.14610128973243783,0.06150480239706959,0.023464806050425342,0.3037285985216231,0.02149914098111624,0.016477668958692772,0.027106384074245097,0.02124088054623477,0.007721521445715493,0.006999776624436385,0.011365242845947126,0.09572379862375062,0.03622693560314875,0.019000507386948053
125,0.013219805036583617,0.3912750180991809,0.016135043853520162,0.018816348084349194,0.01687347579707415,0.03798204749957705,0.014305755458791975,0.011182351403644077,0.018417580893592952,0.008950686210923079,0.19232963174852286,0.018146159910361347,0.008906404697989787,0.015581881753837035,0.054749754248383534,0.05747024697806478,0.011973638688206206,0.0325865651671411,0.04400474870475047,0.01709285576550575
126,0.08253944407266604,0.062227927826264476,0.08021700219467619,0.010795406936421349,0.01444826078767303,0.0842770417665612,0.011276952233109292,0.04933453370357356,0.008880543805373581,0.005411484045532652,0.016483117637890905,0.03671334830963328,0.006957727539598249,0.010159930315616078,0.07433212361952714,0.12575185880472994,0.07078776909514542,0.22243767963682798,0.01728758580731892,0.009680261861860702
