site,A,C,D,E,F,G,H,I,K,L,M,N,P,Q,R,S,T,V,W,Y
30,0.054888853881820646,0.019502211927370505,0.06408987803557854,0.0526635157570312,0.015263372067342133,0.02089319509493623,0.1344921590889845,0.062083067321808266,0.02447281029276655,0.06877296461821053,0.0613098442946683,0.018124755110996822,0.04021410892589373,0.018233386887261577,0.01380746165872056,0.036600501357445865,0.09293087043004442,0.14072072963217302,0.030264019986407147,0.030672293630539475
31,0.0469644741451274,0.05124670364644,0.07701124127404045,0.066931823869958,0.027520053356128955,0.025930531089870944,0.023009427572296383,0.0886413985722244,0.028396048610407128,0.025111265827196104,0.02416848437808057,0.10832263613048747,0.014549807531063885,0.1680131386810583,0.03732543221098206,0.05416019542795559,0.06312368350592687,0.017993287296256093,0.017575862321165175,0.034004504553334224
32,0.03484709686272919,0.0405655344449828,0.03909162147852935,0.15860241204353953,0.031076669698004433,0.0427087377218553,0.09842969190339622,0.06427318398106552,0.017016677422646655,0.036868690137043164,0.0183827495990047,0.055338860646134934,0.022710844413279696,0.037732523504479754,0.0341267518891098,0.034147296569314645,0.11388145883712987,0.08251354211310252,0.029575865854217103,0.008109790880434809
33,0.031060585489287383,0.07473166786327796,0.02367083494234924,0.03193156919426744,0.04896174746390355,0.04048425396506338,0.1062617939369285,0.011838170379182418,0.053342904205662865,0.07769314157327628,0.03415581580000298,0.0871045310451423,0.06422647328661014,0.022097965476087843,0.04499661702918343,0.0731942645983555,0.04639188203218268,0.012402795092099846,0.08646754097598548,0.02898544565115077
34,0.02904723370506121,0.016986290796968215,0.03306468206104973,0.03324435248242784,0.023569336808371054,0.05184222533545106,0.024446710479281295,0.025224414060279855,0.028999602932632547,0.06923245463772865,0.03982207800985833,0.027726677442883454,0.02347958707703965,0.028250744371254872,0.03989827815934078,0.01995772743122401,0.023193105037116,0.026252741505772798,0.20811939558037829,0.22764236208588035
35,0.23612327521776041,0.01997246956703018,0.025431939468698674,0.026523021365798708,0.012786511117091667,0.01593542348869945,0.021079478377367563,0.05830034133517547,0.07985727552075216,0.008790707059215239,0.058158534460595865,0.07094819494675324,0.023893100887259305,0.02252175774298062,0.011910371953859454,0.009220708478991802,0.09959295537610531,0.1446571162894561,0.029595624824603272,0.024701192521805544
36,0.039334819452693105,0.034060099123013554,0.02644849534314543,0.022451740879094104,0.021742250998714952,0.16809443231466947,0.01678698690320845,0.04641076922074339,0.038968674585439206,0.010189640687890194,0.02769495390769705,0.05984935615837292,0.019091717549224153,0.02341301106548883,0.013734324881204827,0.19656014288961662,0.162247769337528,0.01775948564340811,0.03698871695302342,0.018172612105824184
37,0.06141591701749183,0.04017571426501553,0.0316756948291563,0.030215137412829347,0.03762351511033278,0.030698539518971706,0.02702674530831157,0.030990065930355474,0.030650583042770865,0.059864339067643144,0.04332452613180233,0.029503541425528038,0.06336593008743009,0.03652497270973363,0.029051407075916757,0.035441348481095016,0.018638982487141253,0.29572122366985315,0.04162255186778291,0.026469264560838302
38,0.012788239238769521,0.029623616607084513,0.024922492553568692,0.02945824971977853,0.10050535485089135,0.024778924502805503,0.08027557075765115,0.020179089459262816,0.02146052214425157,0.022782329318792153,0.04219242678409717,0.02146024954102868,0.01593747610971306,0.024736816787139168,0.04868493817399716,0.07767637370400272,0.02851724456899854,0.01919611671861702,0.07638524368425545,0.2784387247752953
39,0.030897401555998266,0.03255266453935779,0.09457860138317799,0.029367830697759938,0.042073821192146275,0.027167857222146593,0.048582827665482504,0.02772328111170015,0.03441503132821555,0.0157181252702078,0.04151544441007777,0.03627195340647649,0.026159747668299996,0.02866872331212739,0.020045082368938007,0.044649066025794125,0.03969773573207352,0.01921422106725786,0.034178397377157464,0.3265221866656045
40,0.02494380902997131,0.032857708683423734,0.02885748518616276,0.045340489807076924,0.02788446019234582,0.2468996108970172,0.030285032585935477,0.02801547650654012,0.02866567613043004,0.04979063024684162,0.04268129664620395,0.030342620531116245,0.027209342189995187,0.031272054552341264,0.21501130870262783,0.017961709999014353,0.020508265513777973,0.01672481349380273,0.029569530633983238,0.025178678471392255
41,0.10989997573516964,0.11089374078143799,0.028900198113979144,0.03127896078543507,0.03691322327486606,0.03866714308673476,0.03333864249545849,0.05209638122895813,0.02723931443470949,0.03220549386116662,0.03513862455255454,0.034588348339989326,0.022426420008922872,0.03337388943661265,0.019556182969264892,0.021301681609794433,0.02405521001974987,0.23272674917688677,0.037807303307184764,0.03759251678112447
42,0.024189416533741185,0.03362439381461833,0.03369696597927582,0.03403214281287136,0.031567954630490655,0.028938832790331794,0.05356173790606428,0.02446403629162904,0.052385213829052556,0.020486072372481193,0.034375667247385874,0.026056781283597463,0.2903058921154846,0.028281411662606115,0.030803541525128184,0.09856698925335668,0.06623295737403541,0.026723441222112582,0.036627050270808766,0.025079501084928204
43,0.03033991542963583,0.02765870968176261,0.02317670782280952,0.033678316057703606,0.0273828487800863,0.018943933833989332,0.03190456202189994,0.046954329740605705,0.127686013175409,0.034248201528328845,0.050366947481087256,0.10057480361957676,0.024379573032920307,0.026062039265294174,0.015515527845792108,0.04319799156109881,0.024596493550013223,0.24374753586028372,0.03753793405497285,0.03204761565673006
44,0.03316920279798229,0.021277315038588256,0.03433868013167418,0.03412429202314208,0.08725916427783383,0.020621853593068173,0.029926895135191155,0.025355262971173978,0.0278081149689007,0.014852231508054503,0.03522518603070876,0.026251597610962654,0.022559512876831386,0.029111866596775365,0.028250085599189477,0.021846082552873288,0.02224872530906208,0.020692562654276363,0.2897767198820684,0.1753046484416431
45,0.01988262837565619,0.14382591065976758,0.02358246214631557,0.06027285682757142,0.025447411274888893,0.042589433160171664,0.06178904102211586,0.043742107189506205,0.07212371922798193,0.08372968615805268,0.03362163326734359,0.05914327301947333,0.011024090086932397,0.03131994062418127,0.10392206650974335,0.07351348286386901,0.04248020460210505,0.017381072887371975,0.02949320859974503,0.02111577149720701
46,0.023202212227249795,0.02224846138536206,0.13634450206785712,0.20059398686438884,0.042146186467875796,0.09833813060202957,0.04249089976756431,0.014369586733581206,0.03935590846781612,0.020909074000319484,0.039796359143877726,0.058996285258340414,0.018157005991403595,0.025234331070261608,0.044180721094518594,0.0708324031023177,0.02918638931200305,0.029893238289089213,0.0294086717459836,0.0143156464081602
47,0.08793828174363211,0.06677714604454968,0.015783748614336304,0.039980302713066684,0.0488745791132078,0.05671134506647011,0.015074749687157217,0.06644328416265588,0.01790645420604277,0.009602818377599376,0.10189068962971697,0.016173327105103084,0.01989708382195892,0.018796766299461705,0.03716144674700408,0.11222039479746175,0.13239239777754322,0.04594167806824438,0.026923014279822598,0.06351049174496538
48,0.07002574028306972,0.012948924904149178,0.04924236701921368,0.0410238077521622,0.08069153547260703,0.04259422622207418,0.015330478626446051,0.10201588834618767,0.031335895673371396,0.053495611935139485,0.07812695505947446,0.03931597246189409,0.029741980689457433,0.020498789281562953,0.04158720539527903,0.06729490279213067,0.05149120158197231,0.06438186392232896,0.0649609036658837,0.04389574891559579
49,0.030693381192797246,0.04613973885227839,0.026667774533069438,0.02277512014423731,0.019556629567999816,0.02344363747716327,0.10138325287293347,0.020723370057874183,0.02318359419686596,0.010121104426440436,0.031875277880666256,0.06668713247363356,0.11761107401452386,0.021694471331620627,0.010793812246323187,0.1556130506164375,0.10563456855579291,0.08190719960665356,0.0656505784657538,0.01784523148693519
50,0.04855773795915507,0.026127537890472462,0.017486568132377738,0.06288661533324504,0.10178946644624566,0.02875437801308293,0.036562478170439186,0.08838065967108646,0.019254727652149525,0.011183376379585247,0.06356124579298453,0.07137748460243534,0.046510392096160334,0.01800608051902867,0.020878454108533027,0.0809017531646951,0.09016623184466091,0.06211770984593138,0.03652247999819677,0.06897462237953463
51,0.03181344889854505,0.03197599702131322,0.025421309602143838,0.032179062964285625,0.13086341502780519,0.021333783997227,0.030361087691977214,0.028774487770566647,0.035193946740560145,0.25777111921381013,0.08807833573878154,0.034983542087229015,0.024301059984455746,0.035172773692650226,0.023879358933834766,0.015540245500707846,0.021167062853631735,0.07043215504016326,0.03420057819582703,0.02655722904448476
52,0.01934435553176331,0.023150554926202334,0.025308775199273735,0.03450896954339446,0.1188144157274002,0.021471052003349388,0.024810843985894036,0.11623901970157394,0.11080601893014175,0.024387348719224978,0.15405461719379737,0.02342875860947604,0.013164401594060514,0.057050582474697784,0.018392357183758874,0.015770616394064626,0.014894392403914629,0.0767898787298266,0.04734860488295821,0.060264436265227206
53,0.030072997402051327,0.296253444741861,0.07376178632134049,0.036665229605508214,0.03278970688078254,0.0765073287020934,0.033342113918633114,0.026064415205900464,0.0336188959746682,0.02707395586469741,0.04802573511065279,0.03632592252573049,0.028372115249825042,0.03400612915654727,0.0258012344572795,0.028998929003904567,0.02477817415614756,0.030706672138360227,0.03961613327072258,0.03721908031329382
54,0.1398417857350244,0.031185085734079264,0.02996550471386215,0.021337279612169503,0.03304779186280744,0.0618447486724928,0.024005319830669617,0.03626539760541846,0.025693121808615074,0.08490177212626838,0.039099987180162395,0.024665380698997274,0.013804086376244789,0.026926578208678928,0.034206182560823535,0.02235840460763511,0.06067126055811868,0.21226446211501848,0.046224246122795444,0.03169160387011825
55,0.04784395688463903,0.040216224001570336,0.025109471023838845,0.022259544444973214,0.02998722719740141,0.023031658943856222,0.15339257174093587,0.017750000169352284,0.016788961852213045,0.03246760500689305,0.03388792210749581,0.033835603798498586,0.04212049626062153,0.022003607008554173,0.01611476527127709,0.12923485299193851,0.027157406825508486,0.050155933668034086,0.2130932490473723,0.023548941755026063
56,0.018432559048683392,0.02269188417550816,0.07536863383978733,0.023713268882843086,0.052332697213354665,0.09673265098340501,0.018023134021052992,0.01502247505496894,0.0974062648138868,0.06716028817893895,0.05723540012908544,0.052906092600116826,0.014755129037721951,0.10489108703552702,0.035920970142438315,0.0711610785872517,0.010857356250929552,0.1059849035059815,0.04481733642783713,0.014586790070681267
57,0.041413335267018445,0.025867940804690442,0.023376323402132148,0.05148680018189873,0.0748656408695922,0.011085236992697273,0.021835277081001237,0.1302630433103317,0.018488110665122095,0.020888882790217018,0.08879793733513792,0.08710573445667574,0.020095529590685703,0.0795510193492678,0.023994256520872705,0.09241864051480683,0.061543162477364195,0.08332109077195576,0.02787539657001894,0.0157266410485131
58,0.042874574578130896,0.041161937601562296,0.03617304494014438,0.078496932184242,0.040250867621314586,0.07109870868293784,0.04069682934832818,0.07905258668498245,0.03230616160853344,0.02092256907987323,0.04741835765767905,0.026584421731105767,0.10459433663033105,0.04973378080171886,0.06863719937858084,0.022981580267584695,0.056158272598143176,0.04415337676939734,0.04639052691767626,0.05031393491773366
59,0.041962283746750595,0.012345133331565443,0.017866811296346107,0.006956015309873416,0.12234386785581464,0.05417625719770752,0.07620329168145575,0.06693712395719498,0.008625173354807112,0.06929031576263521,0.09925806922963468,0.02345227979383362,0.01767380793332531,0.12708115722574392,0.005595961316409723,0.07790219263692998,0.04113466449449987,0.07017747016109617,0.025858307503184907,0.03515981621119107
60,0.07654685591626932,0.016958114459082907,0.024285936714087034,0.015028185588964942,0.040373111771066075,0.086527923075382,0.062007639272978164,0.014633605808131745,0.018402440952470327,0.04791513022719505,0.03153674731370248,0.018296494862068656,0.03386159287508461,0.06963235846772627,0.009648414555834886,0.13400205680459293,0.14873897307974004,0.07668288354278123,0.032899579894101916,0.04202195481873946
61,0.061563716004992455,0.026732912525225912,0.047007693001571614,0.03202640696504871,0.012735087016353893,0.13052543032761832,0.03892906698148532,0.01987102055572533,0.047303877923228876,0.05362163194275647,0.0781680580216988,0.10417202863589568,0.0232962488018731,0.05219144738393391,0.02718307090446905,0.02686923510871456,0.05882557491373959,0.08080060839464656,0.02124751594428881,0.05692936864673301
62,0.09131639910413356,0.0652707005158277,0.022204322369266664,0.04304344809878293,0.018111809285562504,0.08269029490155311,0.012228252787660437,0.032893020935723646,0.11343681479939696,0.05994808982474859,0.024370598214105546,0.04301491409990785,0.03863549689008036,0.07394894734779302,0.0696763429419628,0.018373029642374167,0.039912236718050484,0.04641613950003264,0.06593643237256014,0.0385727096504769
63,0.014956940281544318,0.03592616916626867,0.19437742226498525,0.09391689266176549,0.02853111106675498,0.18225467236944526,0.01531219932804641,0.02368602228532517,0.010221641945147448,0.010494750940948473,0.07818555052725842,0.12721563919666515,0.009078627670363158,0.019165003787151493,0.011997563212884272,0.053139457501041445,0.010284534204496688,0.017482718849557825,0.041496548195086067,0.022276534545264015
64,0.021657666584937157,0.02993964768256325,0.08188814746583671,0.03833946009833908,0.07865523919861185,0.05189588546744754,0.08869080234868792,0.022108471155050588,0.05867343344909561,0.05941754275384784,0.02689277448967275,0.04918850672701172,0.008605957665905533,0.04985360368729332,0.04872274010070312,0.03894383977781012,0.04097890402895894,0.017793588547150456,0.1353307738140435,0.05242301495703299
65,0.038013331057918584,0.023942524114349592,0.021078543880972054,0.02454285397881375,0.027166960648667988,0.08732600216937159,0.04738467138960264,0.07157413441024034,0.016676051282998653,0.02293082865046012,0.04657430497785762,0.08101392834564726,0.024869570586274124,0.11397318632984452,0.009022729151507033,0.02289207378341679,0.08028907996639928,0.0256200973858819,0.048477291924223266,0.1666318359655529
66,0.02099999029416945,0.03646541771708314,0.08580935741673415,0.06470234565052158,0.14309556052999256,0.015739430060467848,0.06941346212890957,0.014749535173412466,0.031085335451767504,0.06136827916494336,0.02451758082859651,0.060736203271349744,0.019942641286194402,0.022220860912358798,0.012088893226828622,0.07272384028532021,0.02067687368191694,0.08372831025623229,0.039162676011697296,0.10077340665150358
67,0.07602855225132178,0.02833304373579362,0.027118111966999897,0.018551741101129886,0.06553856505912732,0.030178678356241266,0.022408345466941332,0.137832545035205,0.01648759564043968,0.04940509514599556,0.03197738286330556,0.023749647851486786,0.015659997963151297,0.1361675458496759,0.027641237233375755,0.08294911207188405,0.0728374345300161,0.07879814923857067,0.03005366476287662,0.028283553876461944
68,0.07993489600146651,0.052350286516949916,0.03612874707243555,0.031331614451942304,0.04380352291173907,0.02850434544852029,0.02762419714686283,0.12412435059029538,0.029887736378460556,0.03496843656347982,0.07940594929299098,0.033785847247828835,0.01717857540150858,0.03162945174065274,0.023039828842708658,0.018623364717105222,0.024088963481222712,0.14725586674331956,0.10427435276708812,0.032059666683422354
69,0.053374447625053924,0.028679048466356064,0.015572259909245682,0.028829527858154926,0.08129427761471561,0.03879102120809314,0.15025833936201838,0.054729350345682805,0.023333257053327994,0.04521602995339448,0.032829551631675793,0.07674021983651742,0.008283358555603242,0.042735744719821014,0.016323188819749354,0.07946619252490852,0.061567854598985665,0.078208296915008,0.04484335672827971,0.038924676273408294
70,0.08171150680885823,0.04290097820978326,0.0322332977159258,0.02871202123656342,0.03410847472636681,0.05580271070244865,0.0429028343868924,0.07066350321587865,0.041596232061843236,0.06287950313832144,0.032028741174276724,0.03588812362297036,0.011145997526252628,0.031081912577696727,0.03736567871010054,0.07662799147761969,0.10330966268166143,0.031096556414830605,0.05056762510655937,0.09737664850515
71,0.049334595703296805,0.04168301997445263,0.053292114990817936,0.03918118516791757,0.05167643285751263,0.07444223457601569,0.09308122196829566,0.02848135964673138,0.028241991447310932,0.024635508542677445,0.0312754863846857,0.021144097025099375,0.01684024030469079,0.043578418194799566,0.09706829105821238,0.06129748376044696,0.05791115827995868,0.06007057937853898,0.03166321821769411,0.09510136252084478
72,0.03654523479387403,0.05480780662040394,0.015174443919914815,0.0501570146009712,0.05199450591262828,0.05520616208496337,0.051701394163720035,0.037408302928840204,0.04833580526157986,0.045441646516676516,0.04744890220009261,0.04868586344376344,0.03984058352352434,0.04755782491220887,0.03707291647101311,0.014924163654034896,0.14679874946580024,0.06689025144403875,0.05404022104541332,0.049968207036538204
73,0.035897650620811024,0.23111930192375252,0.04324668294131696,0.043757363903202194,0.03422740782709711,0.030667302637236583,0.04121466361665714,0.039199209970133604,0.04057858091975308,0.03290587989106713,0.045914026691792495,0.04056221219685658,0.03555876877993696,0.037645799287987086,0.019179211384559375,0.04671145554102163,0.03711091893228516,0.03523870370524139,0.0495159207164041,0.07974893851288785
74,0.08619882815852807,0.04340113834826378,0.03794888872502733,0.055418611238300663,0.03109362155769523,0.046697599034053634,0.034734822814641506,0.027220792799455103,0.027816373023305748,0.06182846363561225,0.0429914877585866,0.03504129633248027,0.09570965451904118,0.03605844539746644,0.024879785011585158,0.022034241557023812,0.040617327289295554,0.15079715146332978,0.040763861492422546,0.05874760984388536
75,0.021014545583600462,0.04106043428676615,0.04677508837632404,0.03915396181350135,0.08239338139833169,0.03556270160374531,0.04068042462950831,0.031208337932029633,0.03425915916930303,0.07501000199324262,0.14811872601485562,0.03233075318266885,0.13738782619296747,0.026370442616307686,0.016694958790851852,0.0648918077368009,0.016949660795422875,0.03296803904316259,0.04427626518315261,0.03289348365745695
76,0.022414681282995546,0.04953022810874777,0.02053036667459173,0.01878609638245431,0.0755772784994003,0.01864591917932097,0.05703078281004061,0.14967185437534464,0.024489781698680393,0.034589824772114426,0.02125680381278544,0.11415268908041219,0.01549942002629532,0.04381234073637752,0.02618201987962277,0.03427350358189552,0.09352745614150675,0.014736803426314251,0.04775207615231737,0.1175400733787822
77,0.09475599650071684,0.040128407549656825,0.04252174160431824,0.0355879259749418,0.035973048264033435,0.04074245695911694,0.03952388625559971,0.037162259356076234,0.035302728506522135,0.03366649647984733,0.04148254334220215,0.12317187490170323,0.028189655149119117,0.11777066632378433,0.027930215818882016,0.047901805603573405,0.043757730805166886,0.03444566929959124,0.04142195210501068,0.05856293920013742
78,0.02389037586573334,0.04217219364545172,0.04659892928827188,0.036513598078265895,0.040812118551669,0.03610322604318227,0.05602998822790585,0.02695804708732311,0.030587772156386653,0.10729208344416279,0.04567297436732373,0.10531522003458854,0.030684736049610212,0.02872788485913759,0.01899913915053829,0.019853249127079163,0.1940606915727612,0.03724286009101829,0.045100419196731696,0.027384493162858774
79,0.021121013423629195,0.031184108783259983,0.02371672654252363,0.06654494804733756,0.07661146837754818,0.02652215387394635,0.02029041560525143,0.025642740556745508,0.11396236947354874,0.032145934786720294,0.0357679954534948,0.099747847891987,0.022470316552150375,0.05960470688054181,0.09622538570472541,0.02910422402958808,0.06342519134083727,0.06642360034638789,0.04827774264466625,0.041211109685110256
80,0.04102000169657079,0.031493814486773804,0.022785407715136874,0.03152978006257562,0.02403187222739564,0.027921427350228022,0.06597691148773217,0.02198742172211941,0.02195834721952688,0.013016169650414694,0.03350154174741247,0.10120894207871214,0.06595650767908964,0.07726533779765699,0.05378518696859876,0.05513842636559309,0.129440193083363,0.07414715945377816,0.04232553136366939,0.06551001984365248
81,0.08740380838154213,0.02011115993612665,0.019744866009182013,0.06331967603877853,0.011076635110473595,0.08448647376743244,0.06782548838849081,0.0427055520050892,0.040640385442509884,0.030240028434334938,0.07102194920697211,0.09999983956796307,0.02548802522330165,0.05584170158935608,0.06828328069300689,0.01666629978725128,0.04682027094497661,0.07861268600611866,0.040435191843492514,0.029276681623600954
82,0.03438980232314019,0.03835848684823793,0.15261082967022635,0.12345075084231982,0.024955819770419923,0.01833941296713898,0.0382996940510355,0.0166738221246514,0.015870783121106322,0.011212629054403013,0.03153675754091873,0.05709887278226292,0.08782246069446441,0.07730376043771793,0.03405627083216553,0.05230512511745208,0.06048553478257828,0.06436679722430286,0.04037178601892845,0.020490603796529384
83,0.06329590554394879,0.06072580199228438,0.06291642526416122,0.02513839865174559,0.03607905520623343,0.056183987570114655,0.061564820889561896,0.055889475724411046,0.015113933793244006,0.04768516327205263,0.07643500321937984,0.04348987871127419,0.01213764059103047,0.09397754921049081,0.03248077033146314,0.026059905582646058,0.047428847157782346,0.12213289012085526,0.023267879624453473,0.03799666754286679
84,0.04578327020416464,0.031083694902002895,0.13541044478894457,0.05954397749135364,0.13657363624167546,0.017432706790064305,0.04073948958198118,0.031915934819195836,0.1495025668622457,0.052770564265060035,0.01819439854350869,0.047098820201309885,0.01498833203501036,0.06709600485665719,0.015040904257817459,0.03535125355484828,0.004471641467708241,0.03193112163219482,0.04117440381374762,0.023896833690509156
85,0.04807925546415909,0.0718182388848021,0.028016641055232612,0.025651257020934914,0.013799738002474627,0.024395993115791263,0.028313930890823808,0.10490038021019056,0.02392010356319909,0.186415111288416,0.09313053239050981,0.08119624664417431,0.020952023239509756,0.02631834624054374,0.017834135086696856,0.030360171770033178,0.014428614805998123,0.06136175786391147,0.07695854814503986,0.022148974317558835
86,0.01687718610390499,0.018411262451395138,0.0885956592990576,0.07347305000942252,0.07681692045366796,0.021918812969262524,0.02802522432827493,0.021741174840585364,0.0471082979134756,0.027904886269554577,0.028397659139564917,0.015884644875385975,0.1639760595148128,0.07352718962392721,0.0262620037667382,0.0923875148577837,0.08105573116859967,0.012554279547554604,0.03343300956876806,0.051649433298263624
87,0.03068495864212206,0.05129929347734378,0.03482470025528412,0.03135590728379917,0.04174442070453258,0.02818772341625249,0.14580664059992002,0.041491362638875796,0.017541576845518988,0.022221429471049037,0.07525222806835852,0.16296857228784542,0.030441857425194344,0.028005037966367694,0.08824342745158378,0.03181455518798862,0.028719092415407346,0.0337264354849733,0.04750103765765897,0.028169742719923948
88,0.04430792062714945,0.019560491996833945,0.024865405782372892,0.03149815000369999,0.14986549534822158,0.01764791475012604,0.04919453709230275,0.09659072199833656,0.023247738798201585,0.057606100739123874,0.1367833406989417,0.02557101190482066,0.02138579051796948,0.023421892684388698,0.050504963084282636,0.014110846185550113,0.032280433870911965,0.11257344549381726,0.03831564957011135,0.030668148852837498
89,0.08413845630599501,0.03747019171139672,0.01591344895410793,0.035233037241634506,0.04240087425663612,0.022062633406216784,0.10518011736767707,0.026758245524081178,0.07880172903626431,0.11097027019403799,0.04085568134240675,0.018047495650846703,0.01842761462304829,0.027111191382764254,0.04843136722906895,0.04801951378843141,0.0850723090953257,0.06561532332072774,0.04966932775518519,0.03982117181414743
90,0.07972147601408233,0.03357560748623358,0.014171923221932855,0.06986131810932314,0.026526070364501407,0.05958202032007489,0.04113789729042051,0.027221507695864882,0.08645985260925884,0.052886921656641175,0.03529763632648156,0.03200767762910913,0.034779303909648014,0.08086919913071211,0.02412803082806233,0.07843598136506262,0.03241350701166808,0.1098234099890761,0.04479705824588653,0.036303600795959984
91,0.046914698389354935,0.02484388870140072,0.016352231385955134,0.03334906659751015,0.03194047609878884,0.019973067817357727,0.13867795574384123,0.07679300522425742,0.050063987381596266,0.04728560764499153,0.027677265035818015,0.05533103843306504,0.054583681858758414,0.06870321394650915,0.0587047620866926,0.01881415960539422,0.014737458188419936,0.040810557959990064,0.09219018689731996,0.0822536910029786
92,0.03432690007492414,0.0513399248869621,0.046357331447789724,0.04132466451195189,0.1970987783160257,0.02891427677869256,0.031472965193318145,0.026763981297729687,0.02823489019975181,0.01992027162125601,0.05066748308124855,0.08290357325879645,0.03253266843998041,0.03225263376867542,0.023824471576815425,0.04252267173658129,0.030993116636084294,0.05385521623902218,0.09415298545985852,0.050541195474535665
93,0.0592748704843143,0.12099228176216807,0.021493294176114734,0.08054554041565487,0.01898746695188839,0.03282985085563323,0.026988568664937356,0.01763361908171652,0.055982904062448734,0.022634083443140086,0.03987761239313446,0.081470208678715,0.01996429501219774,0.01642865224225081,0.013791652112943552,0.13528918153072153,0.010697847549307247,0.10152624860751959,0.03572815250625515,0.08786366946893863
94,0.2512510373651499,0.021856767331003744,0.025887053831385686,0.01928802061945117,0.019201627858442958,0.01273884027609216,0.02306957602966941,0.05534475499557086,0.04875162213114431,0.1490324581686664,0.08342702360816245,0.018499159019671696,0.009862139700375572,0.017509692831042242,0.021468868817317334,0.06416141645561038,0.055356902222069376,0.057165885035049005,0.025003174075984073,0.021123979628141245
95,0.028501002146488902,0.03564241235841888,0.03349667448658608,0.0363840802201404,0.030587674190397877,0.06769943214651093,0.03684848478030419,0.03058626532955109,0.059258617367522366,0.017561035036271926,0.033956636019432156,0.03345881541548748,0.022552402655635836,0.03620012762338197,0.033172052733510204,0.019957559466190843,0.02560850511928903,0.08257813312857093,0.274155966812265,0.06179412296404393
96,0.020614587431732577,0.0216234085108958,0.036304228094850365,0.03372511426223672,0.02096884440955436,0.052337920372019786,0.1592312561432622,0.0608119886171608,0.05563505271172751,0.007721685707254915,0.04076239182543244,0.1818001135240399,0.012116776138825527,0.016362109846264128,0.06277313545156613,0.07893618027063405,0.0356569604747362,0.01478720350833727,0.0366705750432028,0.05116046765626652
97,0.02043476097311342,0.029098484959347887,0.03288348012365269,0.03416223549141381,0.024988249707836262,0.01949384199500405,0.027960316809554804,0.06742258975590833,0.026317062220325458,0.043299374268984704,0.09202736624770984,0.11939998267126041,0.017450719192431047,0.028294036243090955,0.017003315766852573,0.15705384093226646,0.1170197284959423,0.04529902191874997,0.03559863111125309,0.04479296111530195
98,0.11240411463437924,0.08099367572690559,0.040286905720832066,0.025846199663015802,0.03333681101794936,0.04134398666409457,0.16265317330776105,0.032074053074511014,0.02455253936951119,0.028400123716491005,0.03768118354358506,0.038966605391435975,0.06138067335714867,0.06520262108063658,0.01902267775817294,0.034066818993648065,0.09083407297854053,0.04037551231858646,0.0198284974770918,0.010749754205703047
99,0.024707705828821803,0.02850881547574796,0.037820926977192554,0.03411603530058454,0.08706156583625746,0.02250262576176013,0.032726672659521026,0.1689021667171181,0.029937950912637148,0.05704148715505155,0.1504164838328728,0.02353147602499525,0.023828973616614894,0.040119062877954526,0.01544375806537114,0.012856165142001543,0.021573817827789173,0.12401143741150676,0.039187472923355685,0.025705399652845955
100,0.08542389054949663,0.02906535974245594,0.09259506633693113,0.02383883196555026,0.02935556102220795,0.05534319638665596,0.029884127243959734,0.23162748819789516,0.02389279828766897,0.010077138582585844,0.04421353645948498,0.033150999426381285,0.04824415902449417,0.023383984869853724,0.029203099984380844,0.013357728994698389,0.015603247732895266,0.1147640181568082,0.039381625417543156,0.02759414161805238
101,0.013634499990734752,0.046283526406305904,0.02367562603652809,0.06887903114978651,0.0544038089868256,0.01766446256974643,0.01975329328936829,0.04160513934827021,0.03221246082589325,0.07132947157089073,0.029777987123836464,0.08738074611828299,0.01350515653328456,0.11517793446998247,0.038950450365714394,0.028237973736190945,0.12304144977359958,0.12197873130221792,0.037232015301738544,0.015276235100802378
102,0.022013113789092126,0.033724157197546394,0.022369721982008515,0.07962301104210509,0.07589476586479632,0.09070381238519931,0.023036860979305945,0.04573345020312391,0.03504574976397368,0.0671383522785568,0.041590287847331334,0.02433862388801639,0.015535325070214821,0.1082481306527634,0.052244126847306394,0.054124803791099706,0.07527644530727665,0.020476557122773364,0.03875940886134847,0.07412329512616139
103,0.15648708910726855,0.08513561691529946,0.026738559395832147,0.0304499925763457,0.02590661497476856,0.018231612247727368,0.02551014104505658,0.08781770966425123,0.03849253727409165,0.05514196869749643,0.11690396770374935,0.023317618307121337,0.01939863295194326,0.025813183205212538,0.017165727346392157,0.013971905015024225,0.030505322827584756,0.13696865261236704,0.03254212862131757,0.033501019511150094
104,0.0744932886669126,0.02012360160501068,0.03655477266648285,0.023006411623891793,0.016299678024770545,0.023581404267184893,0.09072378935078755,0.13311181985131196,0.02379784890676391,0.12013061579028377,0.04360382688197341,0.11598546100006701,0.009845238690089938,0.04856820912047268,0.0432906692637668,0.03140910842016185,0.03695988220581315,0.0144456107820142,0.04201319256584248,0.05205557031639792
105,0.049894221254071204,0.02267857743451772,0.07170761817880066,0.04187666591294881,0.065725995709489,0.033168832054222754,0.03701661267905819,0.07651264948917012,0.00745446268046667,0.08363792151958707,0.01964438732018596,0.019723260045811326,0.004119685497002357,0.07261127499904997,0.03250234174845628,0.03359172154853055,0.03762405926481964,0.06626701480594857,0.021426532212220007,0.20281616564564317
106,0.030663230489913325,0.03924249115659885,0.3582455421296004,0.027947317416316956,0.036354833811424854,0.051975499192296944,0.027639050734504168,0.028601032843325123,0.03314973133042563,0.025451281720515324,0.04378039090024539,0.03398274904333103,0.023207425484092,0.03663948714971032,0.021568879281422888,0.04857254388630641,0.027402945964948584,0.04298900103738366,0.035963231600274814,0.02662333482736326
107,0.047453933431192315,0.05435918128875285,0.021945977538471294,0.017855511280166353,0.0402665479549833,0.012215512447156343,0.01915249190193009,0.11013017195815342,0.01979572946276721,0.06656416920954054,0.03248194736738526,0.021862231954271595,0.009164441370940557,0.05599744949978392,0.021270708993175565,0.06734218945886368,0.0883833346055569,0.2447636171137055,0.03163911928134122,0.01735573388186203
108,0.02555276882343791,0.07824767998914564,0.014094896746340606,0.045526980942839,0.04235301666554508,0.01722248374841555,0.053780635254699484,0.05613463719154922,0.010722723229143525,0.04136016545322027,0.0964090096624538,0.03972189573615778,0.011137573533306223,0.09116604797189994,0.02277234022854632,0.03818470955057114,0.0424832562884568,0.11369616132075118,0.14283344883619423,0.016599568827326272
109,0.019877547502057565,0.05202921233207915,0.05031371241084027,0.06562131534784978,0.08904315109290381,0.06237096291697261,0.05918604648237811,0.05363590597918701,0.010279406422452661,0.0219179167304798,0.05065408178222214,0.10851479976881119,0.007688627903226095,0.07332952114520506,0.007397987690022848,0.08165018597321871,0.038221488644174934,0.05910918078671741,0.03064750597688711,0.05851144311231374
110,0.024901159432350623,0.036548632190755964,0.03845811901889589,0.046249864191615905,0.025830472522259482,0.0345395530632154,0.029894847071664503,0.03941864337723913,0.035489854087499335,0.2599927543932876,0.048572534407973204,0.13283253092331723,0.021054603517375835,0.03238398804198647,0.02445516041609921,0.044647344041319155,0.0213203176733476,0.023988267232453207,0.044320697863592835,0.03510065653375144
111,0.08402203550985965,0.014924188237892,0.0136797815527461,0.011535181255970516,0.18032976578737206,0.016821462341100032,0.012551387974894399,0.022442813297752936,0.010129074455373692,0.013379982739138558,0.1232809591113024,0.014499779493583383,0.006678403648801198,0.018106602821761783,0.013255937653433369,0.011624895924029049,0.10351708793993539,0.0804917764726944,0.05769595589426102,0.19103292788809814
112,0.04138398664427823,0.03235624831437423,0.2132992846609689,0.023071323971678225,0.03777872895313079,0.11381731890218964,0.046518706960423185,0.034980211691763546,0.028656747140472977,0.02374775796676785,0.04559901279497984,0.049657339627078786,0.017158531186262097,0.03553808990415763,0.019772861562914915,0.06728851660186208,0.0896129894905257,0.022751544386446342,0.03730317871195309,0.019707620527771964
113,0.13595886147356195,0.02745669714795249,0.04750682356794421,0.08637972739160792,0.06624045891993909,0.06908661006071874,0.029335807900431075,0.03817604016294649,0.020847254828078903,0.014598196055795841,0.0441700564965343,0.020615852404937577,0.009324138728160458,0.11033527193042217,0.07670910221588663,0.08210285649870418,0.03211187112872619,0.03227188258932451,0.036552533969779484,0.0202199565285478
114,0.08332653877157788,0.06646002213925378,0.024571383464270076,0.024521733896029286,0.08551609984008313,0.04744427152412431,0.01818747859039093,0.0607377967385188,0.018789799818323547,0.04359590103926323,0.026317269853645728,0.07385219563109434,0.04204419888328211,0.05549839685088446,0.03276964223919987,0.09441382393401875,0.05685509781678009,0.08382417571668922,0.04227307661517559,0.019001096637394903
115,0.022348889826274865,0.038791279207785155,0.03452778786910552,0.06618537296899933,0.029109493617041484,0.023628578942214585,0.02659959016254126,0.05006364186380311,0.03187807641707802,0.30286596886334893,0.037980633912224226,0.029624858146780196,0.03989385929186534,0.029833349759424106,0.016299812636142882,0.03376050140431214,0.019112944708221228,0.027535168122223997,0.04123349121291901,0.09872670106769461
116,0.08460046148844307,0.061442994489920945,0.07572153255725349,0.21155771563511944,0.0348333088239453,0.04721905791488067,0.04121430038342809,0.017873788254390222,0.04638094430770693,0.054092984691897494,0.03169060288405652,0.03178201202173159,0.005060832179260665,0.07078538645827002,0.027740284022906896,0.030144901410326025,0.024200993683896752,0.010699462286080232,0.039019342682821645,0.05393909382366402
117,0.17094947668258811,0.02030998902409375,0.0188639897882695,0.06512279879572377,0.02301292947733648,0.04412147907670255,0.012805069167782063,0.053124931566633574,0.014366028335222299,0.029520630427158214,0.030353581195151618,0.018267322727102,0.10536683532290285,0.08502575402210683,0.007522980595725208,0.10855314467050212,0.05197337008190787,0.036953079527740275,0.030717177680411725,0.0730694318349392
118,0.08933272978381221,0.13629272312347038,0.02999228711005851,0.017642077846295724,0.026114198011348184,0.01242977659270689,0.05010997532062347,0.06921471069899356,0.026964689239891045,0.020240185616017876,0.029619475788326282,0.03923693730906291,0.006857062700703485,0.04795561341780294,0.02740289173842604,0.017412239567016406,0.04729430101440886,0.045267183159138843,0.10280489665651094,0.15781604530538548
119,0.03337941365162397,0.06402036526775062,0.06752531016196002,0.020871031855271397,0.146865299932641,0.011228993910203218,0.016930213006312003,0.03639814286075051,0.019688936109262357,0.06594319532194953,0.025248582460016898,0.054580657392454796,0.009642575029313087,0.08277330789831677,0.05209614938158458,0.02639684682407993,0.06046799487365578,0.12415538116386865,0.036107027828571225,0.04568057507041369
120,0.03521817906694344,0.10645390203081222,0.013084614909921428,0.0853379216832729,0.01316081360634259,0.10101073321069066,0.03159186499079107,0.04764371867268913,0.07442040803030289,0.0507071969151361,0.06754296984706079,0.07939753110061963,0.016905877809559856,0.020825929692396328,0.030206014195040428,0.08009424532143407,0.03674349320140647,0.04959409605019308,0.04207101452996758,0.017989475135419333
121,0.022312123417965315,0.02650508813479658,0.02818701984421898,0.031073073643113965,0.02455891680732821,0.01960320802943894,0.02452988330055872,0.11240508219279922,0.02355806570396563,0.1792517459259122,0.0398625686849449,0.020866225876673607,0.01257089234222299,0.062385502637627724,0.019875684668730378,0.016257930791606333,0.013970998977963004,0.26332335605838847,0.037182597451429954,0.02172003551031487
122,0.06494615238577249,0.008504070313986506,0.008506169941007124,0.03639404278854241,0.017441301796972664,0.04538580111478856,0.12959374321933395,0.03538261657751195,0.008019652640220292,0.005843698374749968,0.08365059800740694,0.07932716769699298,0.0034667673974306573,0.07624800192020384,0.021528652774903574,0.05678194261658914,0.048458075099010046,0.0897363558720178,0.12163891037501667,0.059146279087542414
123,0.05229010288063982,0.027456849840936364,0.12213049770072464,0.01906762543819374,0.02112370585578007,0.10906295475176599,0.08678379154479378,0.012591250279636727,0.017479431901656555,0.014399491806996456,0.09841852516319394,0.013144831819349155,0.03983879746608814,0.03596093301861138,0.005791967933525641,0.0947914538624279,0.08127414214437767,0.03859034594833819,0.0406577706093634,0.06914553003360047
124,0.021014765422657258,0.025749640108681165,0.02195787705960214,0.03221214144454494,0.048380859059621674,0.020767225869097787,0.025110029309132524,0.19978955139606772,0.027157901196691005,0.17730604692462076,0.03845524575353359,0.056807577730574065,0.028545972005941944,0.02669066945358867,0.057347441539964635,0.012819076053561366,0.07105643358747024,0.02936628838420675,0.041234275822507105,0.03823098187793465
125,0.03236295193987615,0.34643813121543937,0.03018114346274163,0.03238220395661084,0.03693185684038818,0.05253502013558299,0.02734261536943506,0.03027934998736261,0.035886526335621574,0.02406128589420408,0.04593967270104471,0.027431720583844025,0.02061602269886149,0.030850927862076473,0.061132119653210824,0.018282399898792795,0.02319359721659473,0.028823987709241373,0.05033719820994827,0.04499126832912289
126,0.030844694534819205,0.026918746162879006,0.06899110526554658,0.029578107286272626,0.013706528342386295,0.05707698523958853,0.024188907462832133,0.040095133814117674,0.027738884199444567,0.022113765738190693,0.04342040725278682,0.019875865725719484,0.013282889000120006,0.03323789605313024,0.10449903619063908,0.049048647510050024,0.025911820292946697,0.3107373342175626,0.032188423221036315,0.026544822489931424
