site,A,C,D,E,F,G,H,I,K,L,M,N,P,Q,R,S,T,V,W,Y
30,0.05076186546073918,0.054248523362104326,0.0773411859511217,0.026906359534859068,0.12838505343598333,0.013994413251743273,0.04152405534088686,0.033483018718719976,0.06492335273852172,0.04068132194744821,0.03737424424198461,0.03437599061710402,0.018376127511189708,0.008465224034526946,0.05272790473857565,0.07965918227706763,0.0937988899140822,0.06352256141608302,0.027028587531362537,0.05242213797589608
31,0.06115197997050886,0.031159388389539276,0.044857334389562714,0.06674719982440036,0.05234270452098039,0.08128430645677862,0.04970236143782679,0.01844924268710503,0.05430620470718946,0.03367724730064212,0.027738738387310214,0.020781246258118103,0.08877196519911934,0.11709315145467183,0.056034095841490855,0.07146491373212689,0.04774660438463955,0.02751640023801404,0.016875797711745345,0.03229911710823028
32,0.010908317465114873,0.010775809672635263,0.04340107624214495,0.08119482479152626,0.06080218024137154,0.06657335514575902,0.042798000007124144,0.03155550814779564,0.015329410372516896,0.05452764884625983,0.07164584095757712,0.04306732216442075,0.03464715872749248,0.04781356068631783,0.0273947267217229,0.027154059855886648,0.07268438499844541,0.10760068900336332,0.1092980662594598,0.040828059693065334
33,0.048923433838666534,0.02253250779076772,0.0217362157177712,0.017940888661480046,0.05618329453886388,0.10336209928406188,0.04020709302539767,0.03921412495018108,0.03203538677194475,0.10218457630184179,0.0404993840749428,0.026640011173914166,0.044422809793082454,0.02263107342527048,0.06658531385643147,0.07281225550759642,0.03336544566099217,0.08847553335713088,0.0737009850132535,0.04654756725640913
34,0.024248157231635405,0.02974002044886438,0.030689707463088446,0.030715240606207613,0.07291257202123265,0.02888934909338961,0.022552691968233056,0.02455979784427114,0.026369151947085914,0.045458882969896953,0.03580440947990339,0.022813599828811613,0.018392425530959162,0.027080840723457227,0.12468821346327957,0.016229967444674587,0.021735505015145196,0.022023356878723258,0.1678878627746015,0.20720824726653933
35,0.07865091324136142,0.05587445909895299,0.02095795166136073,0.04933548791104293,0.029163244038242307,0.015756646858364438,0.018433123010414103,0.22654311143066852,0.018632284084687502,0.028731481909039968,0.030858024557196915,0.016115588891820187,0.04218494883461942,0.023391804611904342,0.009825118828732594,0.008487843556779395,0.12401708853855409,0.13965102858647338,0.03831626648844038,0.025073583861344395
36,0.05962443645541786,0.033001589483345105,0.0293668015299972,0.07769764960037413,0.024069989428877673,0.04982554852294653,0.06876954921455555,0.021066251952694716,0.02182897751119816,0.01108811897159869,0.06058674441456772,0.061226934660390385,0.011487655581730136,0.023752603040453714,0.014656350110038614,0.1003361308407665,0.19377846676376756,0.04111541339176649,0.03837497331977079,0.05834581520574249
37,0.15582567318217855,0.05940880788819609,0.04005751827163389,0.05294475033714163,0.017837677495397223,0.025447895013705937,0.04382373384314503,0.030314962827116976,0.07165854257485614,0.04403639971239494,0.03965713409179751,0.030542710435738394,0.01748192689894744,0.02450147802536137,0.024686361865816867,0.013618440624534253,0.016054778277000675,0.22019912320252824,0.04748511967719542,0.024416965755313418
38,0.010586013091312643,0.029551060521502574,0.056090228789591356,0.01965867682104096,0.12380065380353344,0.015931592768997267,0.14462985651588037,0.04029512965580809,0.01451562657658076,0.015239971482625299,0.06071806341139621,0.04967773803847719,0.009701694473201128,0.020342669506551708,0.026996223336578272,0.03281998355623866,0.009471670561273803,0.028278980272239494,0.12473363738112819,0.1669605294360426
39,0.02665556655373481,0.027073680252581573,0.0292620463950209,0.027580568749627214,0.03723620234664433,0.02755094781151414,0.11417100910793967,0.02331054437161793,0.029600493179404424,0.01381436194215237,0.03820664202209205,0.028732707346847963,0.025272530080380152,0.08139973989443829,0.03732718559731434,0.020272016227724014,0.039163913436454596,0.03299502386914277,0.07102304440957993,0.26935177640578856
40,0.03398590425222814,0.02832341558596848,0.04638099079031675,0.10907471182251606,0.023673224677152074,0.19620043733843148,0.02476871042453015,0.02192692327312002,0.025754454144801105,0.0137442432916489,0.037730182259114294,0.026541386522009963,0.06956995390049031,0.0841587981757661,0.024133150103283655,0.05964202636156258,0.051744107825543756,0.05584515214100853,0.0430841773855981,0.023718049724909512
41,0.05305718547586523,0.039387295059545066,0.025543764932318507,0.02118392763762435,0.03147231684266269,0.045115538326124575,0.029093967067370892,0.2986518420449662,0.02241393122299435,0.03757569301987159,0.037749453611533354,0.03267991340592011,0.01613171087092437,0.03292630745705953,0.017678737027039704,0.016514397923932354,0.01772637997734138,0.1626834123359859,0.03333479346991991,0.029079432290999945
42,0.0578289031708443,0.03606870070975202,0.036178614688952566,0.036123817465229614,0.031610775645748414,0.029193867918975668,0.0735305400663103,0.023449234680907413,0.026343011082671904,0.027041074441520197,0.03335441026568991,0.02460674800131854,0.33904589916548816,0.025389187244616692,0.020277660352039414,0.05792093716414979,0.016347996987573946,0.030011637973292312,0.0481342966315723,0.02754268634334655
43,0.031941845406215266,0.054356120927430696,0.013658015802768176,0.01965036091361303,0.01998800942196104,0.011181181469090461,0.03800701745953266,0.29204250676401133,0.09627570593699057,0.023620707213716733,0.0384698433192331,0.062240753747274696,0.01226816785322568,0.03370501285875906,0.009737067553506253,0.039112141129057885,0.057184602370738365,0.09888465107255606,0.027564473004815522,0.0201118157755034
44,0.028539175501365196,0.037489740551844696,0.03020329642591092,0.029128501406284743,0.2659533841978261,0.014643724521610193,0.02686983945161363,0.019716648260947753,0.02325470316031368,0.02767091694921446,0.0286885382770717,0.022309548990613503,0.01889947541958838,0.02064619504742428,0.03137702140545999,0.017739059984188066,0.018673700314607043,0.016738030312887273,0.1970854781539812,0.12437302166724719
45,0.022188648986350624,0.054461260977132234,0.02735030761483762,0.07547266661477747,0.02407933483981272,0.05373767512470858,0.018697302993573518,0.10134273300133707,0.0725073086944294,0.010460445449089001,0.02288060119703702,0.030762771456201824,0.010214159001242723,0.12816467148810165,0.12929462901228334,0.048133354811358005,0.051460435003859405,0.01483635261920664,0.027998298528445802,0.07595704258621537
46,0.026608804568178362,0.012329584974784976,0.05149602395000436,0.07457329896293598,0.034953590931641,0.04566045455571385,0.17625367462853495,0.0341812290758097,0.009409966217364141,0.0281680429507207,0.02670660391965164,0.07963334766515427,0.07589975285177852,0.033758181884772635,0.05463498825857348,0.08733531911935727,0.04391520866762637,0.056087305178484086,0.019777161119906957,0.028617460519006765
47,0.08518324868458507,0.044861008078393085,0.01354674866180142,0.011461637295499651,0.024945378089536643,0.020306471309063125,0.015951154495223604,0.13775882299652564,0.08003467136190881,0.016191833097289686,0.023580412771725172,0.01417946461159953,0.009053972693139062,0.08210681083325877,0.048815792049019834,0.09007847705301335,0.12920887804291348,0.018631033423486532,0.10031999460870221,0.03378418984331536
48,0.05898167428572098,0.0592271409939717,0.04721246481036475,0.03625060209200798,0.1268157044658413,0.038561854767316266,0.027610864135323425,0.07771202379546857,0.03142985636755422,0.029221358356421284,0.07163143341338508,0.03613181555294705,0.036854394185629115,0.03554716624667955,0.06391559963357268,0.05530602332765879,0.06218678785545274,0.04195275118004771,0.03428244522190383,0.029168039312733
49,0.02317293692537375,0.03365052680831266,0.025141299975282357,0.023668218933641124,0.021950240178259122,0.023961396338118196,0.08386618605379294,0.10611348118214983,0.02645321005697887,0.06925585690586701,0.03670592952141715,0.02502411386356359,0.10747382143452505,0.07731329239094624,0.012634967328238805,0.0733041141696279,0.15413106218422476,0.017928812143975344,0.03509676570050841,0.023153767905196822
50,0.04344126524590795,0.04973597369423736,0.0179905594960013,0.02188589043230495,0.025737013709741678,0.015559548033708999,0.018371648357981267,0.01684808122136813,0.1354518401878389,0.029402749695505086,0.10708864908278679,0.019454273234430566,0.03479332831071282,0.06603637046410096,0.029359019223351653,0.0790256895595325,0.1113171497182096,0.029498637160708777,0.034078412636636794,0.11492390053493395
51,0.0844117314285397,0.03527908915411715,0.025406051289375804,0.03287870961298637,0.05174561537770656,0.019444747390474505,0.031125749437635904,0.11213496242210674,0.03442458014985495,0.24119776543115184,0.04189794229091819,0.03263182426373312,0.017477896282747797,0.06361825405491847,0.021545395249236116,0.02145988989618761,0.018216592507571135,0.05362616217572751,0.03657709525743638,0.0248999463275741
52,0.04869329290072493,0.028429035566527552,0.03233157041987624,0.16481906813616257,0.19012223352279106,0.032404685549343906,0.029733776679680045,0.09026134402991821,0.027153759447519802,0.019352660996314715,0.03761406332301781,0.027108341940300755,0.017295286784523693,0.030201238085058032,0.027176742084227892,0.02105413402344854,0.03935601035057662,0.05930500820452795,0.04729906396800767,0.030288683987452
53,0.029928847823723733,0.2692099004532171,0.03646729544026876,0.036397637647310035,0.02543545110900333,0.021859117086972465,0.027666781839591117,0.02620590115987893,0.03453269278251881,0.02598254024021782,0.043568168710253846,0.034305405864757305,0.025296880033143506,0.13254837171816106,0.0431230881763685,0.029861802725668008,0.04876365288381082,0.02803744277470163,0.036957476384764126,0.043851545145669094
54,0.14789587434171103,0.029966008305602396,0.02775069671193578,0.01994769786496881,0.034337493845859914,0.018744084961399676,0.024311698160016028,0.03841953534182666,0.021718354804385873,0.05353847377153768,0.03680719689596802,0.027004820887810872,0.012076753349446516,0.1101881576124291,0.018398596756714725,0.03731013879824855,0.1812360853946632,0.0801166959422177,0.04482242592958137,0.035409210323676055
55,0.24637949523149696,0.0358531352150124,0.020933831305354575,0.02514422550891889,0.02669521470612117,0.08512391783172037,0.05455100732820423,0.027829812556266022,0.017885904072056615,0.03696160414625312,0.03523970782866299,0.03326391493064504,0.028644452327681074,0.09352522740524334,0.016260044338299872,0.11913859192370292,0.026553573079014983,0.014983696286040219,0.03262010925828365,0.022412534721021546
56,0.01624013262735447,0.02422881174441763,0.08222918446934373,0.021324802440621706,0.02559607060924433,0.025975699305952914,0.08614649230600599,0.048917570639908016,0.1812300821405291,0.04967032738837017,0.03274691057531028,0.026758738739197548,0.008005071970421617,0.10085272793799831,0.011686055180340597,0.0877547194836056,0.05425502200692706,0.011112981436591455,0.07916825173479351,0.02610034726306598
57,0.06097462703642154,0.03253246260462437,0.07472822204810016,0.036229560905487554,0.2073113800092569,0.16266652193004483,0.023250071607435852,0.015988798145231648,0.022894499973269773,0.009096852075059263,0.03679083583045188,0.045814339854308904,0.020216504277718844,0.022837420475163833,0.014095577574209272,0.033797745760503324,0.10924468887189287,0.02292395287132347,0.030718814069054357,0.01788712408044139
58,0.048580607094180175,0.04880238384323415,0.04468379140197517,0.04572207991618454,0.050727659880150884,0.05567820361382349,0.04642154240469223,0.04415690371561689,0.11020030085087881,0.035028650177921235,0.055388113257910924,0.03560830580097626,0.04788085481600848,0.05615460272401651,0.036970901149778065,0.03547043226821865,0.062051997518944906,0.04629307377556161,0.04454529147685423,0.049634304313072815
59,0.07711477504132169,0.01864527064900246,0.02298947221550177,0.012780415540288192,0.1889403828910814,0.013126464847974287,0.09746637450391052,0.08367610192987403,0.013002571394207376,0.02991895771501643,0.03840254238654853,0.017661548140764607,0.04502708355251935,0.05591528723561804,0.018982925822585806,0.043429785488090324,0.03395102507431022,0.08239762771047593,0.03234263581014908,0.07422875205075993
60,0.09193917587280867,0.030503782064262942,0.02722614128313553,0.017735993939552927,0.03116712885884275,0.036588631749337845,0.12471460890150401,0.07316704750927072,0.0164031811477064,0.06509489463710408,0.029148958807583756,0.08932357871581419,0.01604519155353847,0.0175872323585112,0.008613221301467636,0.07028187401675437,0.10241126047826402,0.0777874634528383,0.029349395676313672,0.04491123767538852
61,0.06869960532561271,0.03515362937798736,0.02488176389301212,0.11061527519265717,0.023803589985924085,0.08637035320360908,0.024399570814287858,0.02159779873019548,0.05195182846391784,0.01903001713774822,0.06527556233017635,0.024925428738172776,0.020193565063557933,0.027968394797016856,0.020628547960671196,0.1617711381557412,0.06181834412590945,0.08352846534901533,0.03368984652873734,0.0336972748260496
62,0.0522890641468846,0.025626678842134373,0.08844915309721955,0.023581509669121734,0.019865241767835946,0.0186665791217103,0.07317643300125774,0.10668075961837696,0.06257242090136035,0.04386635873227682,0.10783641177046834,0.014818386383846525,0.07594644792591677,0.08543621284246505,0.031247530946064667,0.010743089434330553,0.05912020819029536,0.045541894093740674,0.03812512526615724,0.01641049424853643
63,0.02743754310336355,0.0426224499524943,0.08434910908899505,0.272221277137192,0.03976272900759521,0.1034365096587541,0.026002950841985343,0.021669184605975233,0.032739582176922244,0.02121561335492454,0.04128666501488758,0.0512786886071662,0.01810347359358642,0.05370736749620039,0.020078800523145257,0.019883133312786475,0.020145208180491106,0.027153417372779126,0.04513550038706199,0.031770796583693875
64,0.030713261782112505,0.03904049486826736,0.03529171498908671,0.03763393089361775,0.03574347925819612,0.03702987896364532,0.09026810010866537,0.045948915032420476,0.19642389711101318,0.021517500974835433,0.040200261496530984,0.01940964748871379,0.02047010461896541,0.04921696493110161,0.0571627242375558,0.024273103335207345,0.06383174955830166,0.08298874868565458,0.043063754869170835,0.029771766796937788
65,0.03165718443415189,0.033506393003951,0.033226212436649354,0.04238531624108724,0.03785558401343655,0.0261027073741388,0.13362100954462425,0.11434646776355764,0.030271912678085232,0.015162851979930246,0.04278659880975649,0.016021455960413412,0.013743928641529377,0.02587165918417839,0.06915768475664774,0.019965636240201225,0.11988946082783243,0.03374379980010791,0.09277495927788292,0.06790917703183787
66,0.032069444508358906,0.041001136461549674,0.04988861958853244,0.11309871348283744,0.049486539528546196,0.02500447272294034,0.10431134337257374,0.07280511651258471,0.03379593547555641,0.02113307039152898,0.06761689688302436,0.13007110114029416,0.028265760172470043,0.03189758584798287,0.0172864768831617,0.04621960786485388,0.01947744419788552,0.04822751247277824,0.04517675611489835,0.023166466377642025
67,0.03451226245203641,0.03585624887875764,0.045864230554252025,0.027144649652992042,0.0439259317752785,0.02468509407388279,0.031808397774705975,0.04973105188538527,0.022999163057043852,0.06370048004694312,0.03610714896945218,0.18993007854979557,0.023668462083439538,0.03358266083252378,0.05556698691765271,0.01648985393068489,0.033985677289597914,0.15544526437975875,0.039164593157361455,0.03583176373845556
68,0.033054181472116625,0.07266162783337103,0.040994372105396776,0.034082117919699624,0.04554890058215069,0.027504510981196297,0.05635380010723552,0.03212825942309204,0.06511775127953551,0.018026271564638045,0.03682509869709229,0.03957108616727233,0.018473895692021302,0.16383561225522866,0.023200498689296647,0.05834800872159607,0.025083265892873966,0.030546349093650223,0.13447113108074932,0.04417326044178699
69,0.14742801061939348,0.0424982195606445,0.032210905236315215,0.03937470745249851,0.03789889173521317,0.0876649698735104,0.026953055322902778,0.0326547715801209,0.03187290130223338,0.02537087826631579,0.04029545412157895,0.03717812996325164,0.015319641796702015,0.06878299584629903,0.07705959905413963,0.034972327162185055,0.08132306918748558,0.054183942895966335,0.04302439316841722,0.043933135854826444
70,0.05714065591064026,0.03462331660045946,0.023344522426911395,0.026546439628259373,0.03159364751938306,0.02280660022608255,0.0736235627972608,0.031071390738408842,0.010960214768400653,0.0357354480522242,0.025645114454514215,0.02981051518172924,0.008778838047848625,0.06635881249071499,0.09632805113726856,0.023422400632313243,0.07314695561353234,0.08824233401467776,0.04783025744048107,0.19299092231888937
71,0.17012808645276756,0.03074740778082005,0.03170683396265242,0.03813310876038323,0.021890245324811396,0.03761108042319852,0.07289939194457609,0.02119413193179533,0.08031204807291414,0.047175515966549564,0.02866483849506716,0.04495662523853137,0.03683573423543989,0.06116489339999815,0.08615562260518878,0.023602832675648867,0.07862638737107533,0.027691168842486895,0.03558704394081897,0.02491700257527632
72,0.04925206964212969,0.050732891636931676,0.010765589255968098,0.0509044001130425,0.05064900484486402,0.04440930908303083,0.0532362135238134,0.04923282781100795,0.04776411839984226,0.05026198949221055,0.048761364613075876,0.04766711563274599,0.05196547939367114,0.04446880341551504,0.048602778776679394,0.01923180143478018,0.1260225987044762,0.06013555951421811,0.04742960386668561,0.04850648084531143
73,0.037628929248263804,0.1819288274725121,0.04224145025491902,0.03943308305652552,0.03198096734592746,0.050722396032442406,0.03762891591876036,0.03223490598131748,0.041858529573557034,0.029085414319422596,0.04712443781256591,0.04800752119996506,0.03238245376891685,0.03874157112318852,0.043594311414134376,0.036626597422577546,0.03908154893555862,0.039152651105897135,0.05373593295350936,0.09680955506003885
74,0.029203100677278986,0.03369659995660278,0.033941081226040316,0.040785260271655105,0.029940013320090587,0.047564987462497856,0.029363615560324182,0.021910454010342934,0.029321382410401407,0.07793293737042493,0.04499495463988069,0.03069815484221118,0.05646679610165304,0.03210724394478401,0.06393453279361791,0.042919761352841916,0.07208519768769206,0.13653489611716257,0.04773538518905707,0.09886364506544043
75,0.028894513126009207,0.04400207191051619,0.046846375685490244,0.04280789389959572,0.04184862717607842,0.03696712916336947,0.06956438293910903,0.032765038239371644,0.03888471077137693,0.03784350519386394,0.043905389190027594,0.034918346937137815,0.21053928844492775,0.029147618823699657,0.0227974518725115,0.02078830232168979,0.06765899221607473,0.038971029430985064,0.04404298946475992,0.0668063431934054
76,0.012518777004208568,0.03272167084766031,0.02627136949469483,0.02110651675335892,0.022149912086663802,0.026196666451541978,0.06705506779224506,0.05496510229884866,0.019377547690661356,0.09372483696145696,0.0280415054065388,0.10672354093627573,0.04726475124327049,0.11638263094114983,0.012046075804704983,0.024437937056561214,0.12663911398403171,0.05538518254257101,0.04832053418729749,0.0586712605162583
77,0.019371466598775776,0.04271500810152009,0.028634674335574834,0.0894902943095514,0.03279781557682453,0.012685967635677028,0.047349591990260405,0.033357848859438044,0.030972063404908066,0.030283345926451353,0.03807044398602469,0.19649518981636052,0.14962347406447812,0.042529603243644916,0.02242324344614818,0.02247944066354883,0.07722582717068062,0.028213227102951693,0.042127981735643104,0.013153492031537824
78,0.030578922617907005,0.042140187291407824,0.04899154628391149,0.04200906044547156,0.03939932255607063,0.03759813175057933,0.053672507507619024,0.031786408707756945,0.03482654945171226,0.15631149211875217,0.04149216618309625,0.06453073649741287,0.063593734741056,0.0472561577202032,0.048915088544523276,0.021765389611619664,0.0621636148270055,0.051347069250198635,0.04516007950193169,0.03646183439176468
79,0.04875894384434614,0.053375855168395867,0.012222727864469115,0.027494041353303623,0.0752836103757114,0.02544698324079456,0.03237475486838489,0.03263103620022646,0.07935616124960503,0.025293013214796156,0.031170768962412478,0.07784581083195868,0.019948836989842175,0.1736517428207725,0.017391361247036434,0.013711362841096838,0.10306841795862472,0.03599957811540238,0.04365979521879828,0.0713151976340223
80,0.028365437976163844,0.042028877384571936,0.028903314458487664,0.03473374461717371,0.034718004244140184,0.06959114354418189,0.07057315351081929,0.0848384222542454,0.0787275149514093,0.01591981237368852,0.040968773544026026,0.0672541211093346,0.12113845991316673,0.021472144550482512,0.027802335080069025,0.06736274546965754,0.0348149349959651,0.031908839240880754,0.041508608403896904,0.05736961237763908
81,0.06207818945063755,0.06552783266124669,0.07144324298684303,0.014416855027108036,0.07988763916000569,0.02448700838415073,0.09854170898855613,0.03536668238719626,0.061751437508652966,0.04946732771215983,0.035482463380130835,0.01700661039989251,0.016922477130295793,0.061192300919773734,0.04842556748059829,0.043965615017742314,0.07000811182016448,0.07875774884534932,0.03225371834813923,0.03301746239135662
82,0.08827649024403812,0.03841767026396616,0.09862288993900324,0.10660655492371457,0.019640294626837387,0.01670120185689827,0.06463654666728759,0.0807957419195385,0.03427448989980289,0.010571166381775512,0.03620406959608608,0.032333776454646135,0.04997429421923392,0.07050002523790046,0.01884056889814202,0.0436258598045858,0.05354761597875802,0.07766393247035516,0.04142243348474971,0.017344377132680437
83,0.019198628934912566,0.05488587617046777,0.07745252406062368,0.08185520902557575,0.036671245455516026,0.07102308540441625,0.08704729987664465,0.029155697666474054,0.04212488645294768,0.0632910385961532,0.0789136312296582,0.010559567599218531,0.006872001041679874,0.06327247429345964,0.03933255740665891,0.04652347910686093,0.08570627881671597,0.058097219743893314,0.02264135926941365,0.025375939848709315
84,0.025012667699727563,0.03825326469377708,0.06000797993687732,0.035416940602246094,0.13290861949930782,0.02826947830777471,0.013753247583747023,0.014130907550174484,0.09514123056792391,0.07634428732357855,0.010565150691669778,0.06529261675017904,0.10092148687827492,0.07047080260417964,0.04781144535860862,0.044264853629570645,0.0038048042446308843,0.03450226086180209,0.04099463876525764,0.06213331645069222
85,0.11768327223109279,0.027025443652221294,0.013056890022553629,0.03981392433163887,0.003114003862973288,0.010471447817901686,0.011901244339943528,0.0394324421934784,0.013128675814300366,0.06342951123349928,0.0353739582442324,0.08888444619706953,0.010825028832349027,0.20778800246676618,0.008729379276412728,0.01966872932211118,0.039177058433499085,0.21204471728461408,0.029179288055478703,0.009272536387864
86,0.031193425271357773,0.011740640716476958,0.024831339908314477,0.04524880148975086,0.24475326058328686,0.00416526843560996,0.01995082525414973,0.016634649597726887,0.045300105140918354,0.09380450014863659,0.023753911311565238,0.07602768189870338,0.046331269191803595,0.04249819281497318,0.09244941901412021,0.06188296856912659,0.035114181450866776,0.03795989888317316,0.0222654291074198,0.02409423121201962
87,0.08305946938016123,0.04205341910493216,0.06866776627246167,0.019875640481240745,0.08719610223586129,0.04763514670998847,0.1281465154895464,0.011478383191101863,0.011220471724167898,0.023159607776823764,0.038213006272953355,0.009245778021632919,0.008768580403725704,0.06302964947508335,0.10802955700719268,0.09514514541401839,0.07699211852986608,0.013406292305865148,0.05989441205546196,0.0047829381479149264
88,0.04025827267924179,0.031211035948280102,0.021291546353265876,0.033581094573444034,0.07403404044526032,0.017213402138777815,0.02271769214009921,0.0692614711451024,0.02135095631928198,0.07230344661381179,0.07948385523411562,0.023155351780970668,0.0420206620484317,0.022391600902559657,0.015543299080852552,0.03940093906399645,0.07850423642913071,0.0921633651956377,0.14026466875300697,0.06384906315473268
89,0.03500661556974402,0.02543129892819005,0.005810779598810902,0.055379787573478834,0.07219067145126846,0.02487383211852143,0.0740043008364196,0.14455614042445367,0.09516555028952337,0.02699242751040199,0.07351246967097987,0.04106261500541719,0.006014188138383544,0.02120539434341276,0.07352695490426871,0.02297947758920117,0.007664642880383053,0.06843212647323486,0.04468340912782567,0.08150731756608087
90,0.07096999943151233,0.08804371563940466,0.10470791591246698,0.0511684575300007,0.020961852467804236,0.036760531082281195,0.043899485918189166,0.1291606924097664,0.02494797492515134,0.014769925466183553,0.02734066692387397,0.02566977283052422,0.03914734571744662,0.04453355499788083,0.019547037328548025,0.03426535774753617,0.027110740336188592,0.05206760454730227,0.08366122820198073,0.061266140585958
91,0.10645772237681822,0.0892006291901253,0.02721787456177696,0.06287663866138753,0.03548814170463684,0.019784290518264826,0.06689778165373243,0.09788879366943948,0.090429705473362,0.04698018179187824,0.032336459273162255,0.025444927415536715,0.02127816752872639,0.04542871531193259,0.024117497157771478,0.044463062714648616,0.040332044417112294,0.047925998418725205,0.04533647019382682,0.03011489796713581
92,0.024667723513715923,0.028680760568093423,0.038997193285323445,0.03667296915858552,0.149931406185256,0.022610510077788856,0.09956406279307489,0.022652484132658742,0.026113534932831618,0.028918402282291943,0.11938235133411022,0.028554372905528622,0.03168264136483141,0.0358158602070594,0.02314082997236825,0.0843100305231445,0.02794230121272315,0.046021108739973615,0.08448648581009302,0.03985497100054744
93,0.011560083874646725,0.09219363571823337,0.12436083933836407,0.022600596500434673,0.07051661066471601,0.03134645177497005,0.044535862858957456,0.018060892924950354,0.029362201832565687,0.022740163179949126,0.03991385085931655,0.08199983162559613,0.00870483231354375,0.018106919606304294,0.04129796014080421,0.12238401923640209,0.06644552286346336,0.07647885472765824,0.038364086415399616,0.03902678354372422
94,0.11376329838484485,0.02164605298305499,0.02514340509219366,0.020094383526175652,0.0524629469302144,0.04103825615560561,0.024060045627578013,0.12060011737670563,0.030563834480718043,0.12285949391758749,0.08704757822508515,0.01891651086681151,0.01968265932808589,0.021064888230752418,0.00711077098704264,0.0626747346378085,0.08849306430517902,0.05673079961960717,0.022892011194777417,0.04315514813017197
95,0.01958549069128095,0.01776057965173008,0.034320014062281225,0.03449424570296849,0.18495377242928226,0.028558056734858974,0.08722443632156486,0.041041617402419635,0.02173164877760471,0.10077768704519745,0.0425036892731891,0.02752784534026914,0.013499021207249476,0.027176688873960405,0.03230694259737653,0.015465088964537188,0.016866057486643424,0.044960187519589974,0.14008952128143148,0.06915740863656467
96,0.06146856526153205,0.054563124820286545,0.03278682851348347,0.10201671025418411,0.023037772521632333,0.03656433836025394,0.06938386513906358,0.04143435901321811,0.04905739887324449,0.0558960052224718,0.043229441867855836,0.038703018558519486,0.012572876476162637,0.058282302903253126,0.048359493374365535,0.034251935932233774,0.10031546137565509,0.06733833756059147,0.03288987672324733,0.03784828724874526
97,0.08169277222362302,0.023449186132367465,0.026564816301608875,0.12924189002633923,0.020183827682280355,0.03998176396481474,0.09292514471818793,0.05691824834682681,0.04070436189779326,0.00879820762396013,0.05200483008547879,0.06836933495704764,0.06673739667111248,0.0868291609149837,0.011233162147396447,0.044384926617576106,0.04942643380318601,0.018033478671432235,0.032258804805669235,0.05026225240831554
98,0.028343561533946387,0.01287645478720897,0.011409924997702959,0.015438140333444931,0.047471412581379664,0.04491534188236003,0.24384067723611794,0.03592045037663476,0.040713772765240186,0.015540143580389494,0.027010847974529982,0.03458115323412566,0.044887171243113366,0.09741185922612666,0.08776703063924987,0.04847303410598671,0.0995781997032891,0.010386389778663673,0.04342475786932596,0.010009676151163743
99,0.06670154829804052,0.027264095601268745,0.03143602778239146,0.03384386605031073,0.057228887772885526,0.017996911609491486,0.03257838159095177,0.16298319039192685,0.0187173000279229,0.028358025224512706,0.1235145603238233,0.020988300508658745,0.08167273858114901,0.03412618243644288,0.014780869780130582,0.04608674396436672,0.017505808206898885,0.12627725065975073,0.03299277784687675,0.024946533342199713
100,0.1390307754991441,0.028664690343547364,0.026349491027130374,0.024629378301393026,0.033094440484189226,0.024742562457864024,0.029849911880470308,0.13605146236330057,0.02170423143007075,0.030239597794864126,0.045461512735563044,0.07615412712700523,0.06731908931304284,0.027950304821242583,0.03369590577064798,0.014339713500608874,0.036635548485385146,0.13907427648156764,0.03679342391988879,0.028219556263073976
101,0.08693072492262731,0.04266242923591547,0.06884928852790025,0.0669279035384269,0.07674839475794798,0.07709780285347528,0.017819233936534992,0.024184668784948713,0.02326184148133994,0.00963881039693688,0.031991815766325614,0.03492957372752045,0.048372761877428755,0.048500326369058766,0.04799515088732253,0.10496048687897712,0.08025516080200149,0.05510032880154457,0.038600384277965305,0.015172912175801688
102,0.14549818760984926,0.05201441979891039,0.022631953932447983,0.02658214307319555,0.03658358749171773,0.08097743910310205,0.052783480574576096,0.01851517247043945,0.03444198927599795,0.06870606238500065,0.027940568513942277,0.0379480249585505,0.012388300336208096,0.08282843652887084,0.0685923254535141,0.012049567589067894,0.04103527533876165,0.044326374570345974,0.04090430868818776,0.0932523823073138
103,0.04831714755832268,0.03159067715674454,0.02978938049276867,0.032350360814764466,0.028282273768726395,0.02256728023373553,0.027651830649641704,0.2187486537824051,0.02283305314251537,0.023879441950858848,0.1589500911817486,0.02524842623357537,0.020446161252137544,0.030599123896450597,0.018662006881671966,0.015535562106791377,0.051234613494656335,0.12367596409914419,0.029959944746908593,0.03967800655643217
104,0.021244836774146212,0.025111501523712932,0.052259297479718726,0.06191228224880023,0.026605549788285242,0.05479828102200079,0.1748556683213346,0.030639317847524446,0.03731905652989245,0.026860727220801208,0.04292331298406858,0.14853520897061293,0.023005052192704847,0.11449459710035877,0.012711707493697117,0.01750012664253786,0.017115382609992538,0.02148333201528649,0.04841694443458297,0.04220781679994106
105,0.04652556428873572,0.06811001479890397,0.06524493380993637,0.04798812664394867,0.07719862303098907,0.08324703673852203,0.06442450103716023,0.02733966896433011,0.06385186228198156,0.05421650822185378,0.02190431977760839,0.032549344101579274,0.005601395941888783,0.04464258901834893,0.017476781948674053,0.048828036898394794,0.04896639691601463,0.03513440404070701,0.12832941316511287,0.01842047837530977
106,0.04537418218072563,0.03266353169745406,0.22003056826336223,0.0459546768275511,0.027459953806499834,0.02027189137469729,0.02161284928406131,0.018903538870252874,0.0817059735208299,0.03208450742283842,0.043201027889171385,0.03461732891852626,0.018473812108667186,0.05882167376898014,0.01737467920382617,0.05605587277120423,0.13584685911563532,0.02827243283512844,0.04272844668804041,0.018546193452547807
107,0.18249677525398697,0.12544597223516962,0.026244124172534463,0.021652628814101786,0.02225495773236849,0.014446596438655371,0.02188109335063778,0.15865251011946657,0.06948871192899975,0.04917556930080714,0.023589506971513442,0.022467574386939877,0.011890640679215067,0.021935203578092984,0.01286663766545173,0.048417376254553446,0.06010248238037577,0.05603477933885567,0.03016563942847762,0.020791219969796403
108,0.013791770493192352,0.04474227534845002,0.021681576156700702,0.04591537755684541,0.01979355244670865,0.014292628012335223,0.03312519740196615,0.13473019197993416,0.04039195110418541,0.13722392245127946,0.06496536232784782,0.07989306731638438,0.011486099217599554,0.12645895793285553,0.044953220438027394,0.029647304585620305,0.04172542397255087,0.029346671178101254,0.0356530560625162,0.030182394016899167
109,0.03300935784727999,0.04574788064883925,0.08965768131919959,0.06284993609508742,0.017188293427065328,0.08529486564920719,0.01949344383813389,0.044132852493314036,0.08947646732207584,0.03270285440921982,0.017411274112016283,0.05660074130574303,0.009977575809756004,0.03394217401094527,0.023924125441712046,0.09875409010624675,0.08873555762616621,0.04573007117434461,0.03896579528749482,0.06640496207615262
110,0.026463246322178138,0.036282040415210035,0.03324265989386276,0.045381472576350446,0.03004221397140381,0.03196589225729827,0.09351811872654013,0.03366337935948545,0.039414137419453724,0.27202643892690465,0.045526311782477,0.030340217577262466,0.04420332015424921,0.037277507661840605,0.014133695287651335,0.024133196484954014,0.02315314609150283,0.027504152299750454,0.045673884560967125,0.0660549682306575
111,0.03635421743777097,0.05277609469683965,0.052867894997777366,0.028163594305557184,0.0833165040723532,0.021859440151988083,0.025311115106704512,0.019133650032864862,0.02419263820484241,0.03138780149498158,0.029706503320858512,0.08301906003858578,0.016323791982269107,0.020725506233388494,0.0269682993794675,0.015703812193868964,0.13049075165138665,0.021396961098797823,0.20494828113609392,0.07535408246360341
112,0.025696571990796828,0.027562481334034505,0.11144741868339536,0.025655732303952242,0.030924842100874605,0.01793063204585788,0.07116757969364114,0.026092359846912997,0.019709169765787175,0.017490296473676312,0.0428362068931695,0.21199740665295727,0.012286502813569342,0.130641397832294,0.012092834979473688,0.10195076216709584,0.011841208167349782,0.029219463420565518,0.03946693807022647,0.033990194764369576
113,0.015028210654154805,0.030684442441237934,0.025967473275396766,0.07741253412191484,0.022869608813921152,0.018365731523131097,0.03044328412677698,0.15600494665771078,0.04980456903389959,0.017038918414120502,0.049453511325194335,0.09587267986824537,0.0101542715779866,0.1538204509243322,0.047201167341315,0.02595001322359763,0.025654827632003753,0.0567347102425099,0.043967754354200604,0.04757089444835017
114,0.03819895343660491,0.028554305119441244,0.02578960373410415,0.030884332943929428,0.13083736807828722,0.13409981632019352,0.0814657840339712,0.013555891196056996,0.035607091014172775,0.04327476133436667,0.031204593485508678,0.03171086901539891,0.02777449707973252,0.023674423415520347,0.02279399518251273,0.1442942546419072,0.022817334265866886,0.07126970307967068,0.03756324365086369,0.024629178971890233
115,0.01725993679570589,0.03131762721744417,0.07997387126866155,0.04694325203774147,0.07563718775597641,0.01772778073021319,0.017488304648911487,0.17482071908794297,0.04938737380240478,0.18526186097197134,0.050315699127090045,0.021994685971543356,0.04931083622903682,0.02319665836797317,0.0218783068216618,0.013573857530686701,0.027813144765979177,0.01817022962603654,0.049752896660680605,0.028175770582338545
116,0.07723138880314674,0.02397771781033337,0.02324949971821375,0.03051752907735947,0.058572162609149436,0.019622773227130155,0.04294785477107515,0.0945233357499001,0.09780293680271769,0.10169368753916609,0.030945589265742285,0.023246589066908928,0.00882151962134999,0.012662040641462978,0.10000628755385585,0.04466097550146647,0.06251508455780026,0.0629359454496232,0.025574341067030805,0.05849274116656724
117,0.05047134804188016,0.0354517672605504,0.026269374641403512,0.03291440253935788,0.10208934870256273,0.02597676778124214,0.023839436963851945,0.021859187902001934,0.023984099567199418,0.06475228130153259,0.03258244440677597,0.026703204967311444,0.24411945202480134,0.02660730239309613,0.013929688772685165,0.08989488533334403,0.02783915167400654,0.04344742578691499,0.032819337875594816,0.05444909206388687
118,0.01762457256826425,0.28529215339616476,0.022629478688190968,0.027282878164854016,0.02431340206698062,0.03742250148530677,0.022535718675150467,0.042174503880736104,0.04247732011123404,0.033001834516598064,0.10675190661597812,0.040543031425270104,0.05344703837827034,0.05234417297436153,0.046225462281194576,0.016851630581256,0.01687988535625152,0.016756599013385155,0.03743402297259868,0.05801188684795401
119,0.10348984931000291,0.027091861294501935,0.01855961217563236,0.05244140626594208,0.029424197019293837,0.016251351722320163,0.042492972515015284,0.03210091277305599,0.026915169586750737,0.10518043409415088,0.035264727782578595,0.045427035285727016,0.015326053429814001,0.01986343704410061,0.013564016039949854,0.010750693032905408,0.02252092188948288,0.24265997390055294,0.04523702772037762,0.0954383471178449
120,0.05193005975616696,0.01398953369044165,0.013374596918758815,0.02924494723191101,0.03306974539245457,0.009871654711257241,0.022999880832571824,0.08214395143869332,0.0916293449566676,0.012487213791661188,0.14721929382630689,0.041315739646728765,0.01198105817935327,0.1383732813195348,0.057730535459817316,0.10916179314942553,0.027986145980694408,0.0726380105386845,0.02239996652355522,0.010453246655315157
121,0.04621344415300795,0.03106501601163819,0.03240569414033111,0.037789218136631164,0.02461904849475049,0.02553219163820575,0.028435985240809054,0.07914004796252315,0.032190924039965645,0.26517008579780765,0.04489029537397532,0.02953789346327012,0.01663519662506666,0.022411952146893024,0.09866441088777755,0.03422790910870618,0.016887164285971795,0.07062648066371789,0.03949093197719237,0.024066109851758843
122,0.143983203562769,0.01927217196629294,0.01903980238759367,0.11416993204849214,0.028296500170914077,0.013049606339482146,0.022741401487431766,0.10838183294349951,0.033159134903813774,0.05105228790984518,0.02883377012435633,0.044485687131296976,0.04314944873563217,0.021955756012017668,0.010472877780918976,0.07038015611948573,0.14467407084005635,0.02399777643404467,0.0374409670256364,0.021463616076420517
123,0.013762400871866266,0.049942394006022406,0.018987658712284333,0.04504904996530849,0.025064896383970362,0.04191490102468084,0.03797564760242137,0.017693945007790597,0.02405476937993795,0.022106489812241142,0.03886397840592468,0.15656854377947838,0.06262221377357581,0.06668408386610639,0.025082231356942514,0.14999823296041465,0.067803484115592,0.08605247973261274,0.033767619204329795,0.016004980038499296
124,0.04291247892743873,0.028793851137732508,0.026997631371749774,0.0319582330688012,0.043607561987657334,0.020403890866677203,0.04590285571727427,0.020607722141132698,0.03134727179968296,0.22122840736143648,0.038612697999459066,0.03044028920537811,0.029717050381153392,0.026523240134548945,0.016733485331463554,0.07559103322990011,0.043119174972588936,0.04608753248367682,0.03757371734153667,0.1418418745407112
125,0.020132031210534748,0.2457654079986436,0.024662925180746118,0.0315787439410891,0.03527976496599373,0.04277516753162353,0.024326003562857086,0.02378279459815245,0.02885759667155529,0.01706718993689009,0.03664581035600598,0.13642505130592134,0.013944029942721852,0.029455352150547766,0.02669477705111584,0.023363451607897635,0.017575137998189685,0.021230641082077152,0.15816022805421284,0.04227789485322417
126,0.053042722882662145,0.07381167376149433,0.030021814221060095,0.021325941456905837,0.012040429061029525,0.015633875686213463,0.01631816206790972,0.04280768228914411,0.030598154707673336,0.033076605826024896,0.11915803948230268,0.01406606160948773,0.008595757854089158,0.04764533815534649,0.16417604048770687,0.03267631722760858,0.0433770508961505,0.19531219768103716,0.023670640792163827,0.02264549385398953
