site,A,C,D,E,F,G,H,I,K,L,M,N,P,Q,R,S,T,V,W,Y
1,0.046332649005353596,0.07635965676228693,0.04775215513070427,0.06228005719093986,0.0451387869648989,0.04692355164690985,0.04582791889068958,0.0048046380082703965,0.05018718625888226,0.052157436560880004,0.08270866543422443,0.04690049873158865,0.04776811576951449,0.05500533776218972,0.0458881604295397,0.052105160535058266,0.034220844293682745,0.053715323982496045,0.05281966867432875,0.05110418796756159
2,0.7495175181108656,0.005575548361452372,0.004411600812824382,0.024084375770894097,0.006341897748168657,0.008364834216801134,0.003448950436763679,0.004568873529334453,0.00800178870781259,0.0055452523134554964,0.03933470682361531,0.009320605895477454,0.0037202423473070233,0.004025956180438375,0.0019925033859651857,0.018412859379563575,0.018275848933937203,0.06348089713392938,0.015532066076214966,0.006043673835178969
3,0.4006306358087818,0.05656677485699123,0.002063541509210166,0.003776762036243182,0.08166979950603982,0.03191357715342113,0.039287013625093105,0.03749728027496895,0.014239063602426367,0.06534892693981693,0.01573952056637519,0.009805073336774236,0.015959430945210802,0.0720395981495261,0.002606695981999618,0.09357565857423196,0.010656019708204057,0.005997548171409805,0.011522452379261423,0.029104626874014154
4,0.023370885124252345,0.04817283160939673,0.001146393875212167,0.024582684340868025,0.08099399522963138,0.0025177981876147,0.009547598659083717,0.0791586885838244,0.007326581726459366,0.04379887865977592,0.05078200161540664,0.15240839154630406,0.0011160436946117394,0.029256998208729543,0.0011571396581061453,0.08241625552887716,0.030824196206146293,0.05716199629242075,0.008802852911535927,0.265457788341743
5,0.0873863766660426,0.03718248415438492,0.025518901813427225,0.011268602226405966,0.004849576299080458,0.3924835691325648,0.001984412290641139,0.0073282316044311615,0.02418761436106331,0.003857656030307863,0.023288826032506232,0.00639975180834507,0.012820302871210365,0.005322184554932273,0.2572305785048311,0.014954428634854083,0.022050476081872075,0.019369708876305163,0.014169128292605793,0.028347189764188256
6,0.027984245679223398,0.0077760026000596285,0.005787870533175368,0.005316811394077578,0.008252573883929295,0.003523819257811855,0.005285682323414214,0.021939099896856183,0.020094738368708065,0.0022433751065251088,0.010525256609964506,0.016075276027846173,0.00924034323356999,0.009262912851152737,0.004366825835020438,0.010900025789497914,0.808943817170253,0.0031124028371505635,0.012990989625954148,0.0063779309758098205
7,0.0024691414602301537,0.009252976698998768,0.005069795052122566,0.06320211008329539,0.014934925547819932,0.0027244846129965664,0.0038229703020277624,0.019623124529584375,0.7690391981488581,0.0019432962289607082,0.011627038005855059,0.0330020297264106,0.0011006324332554303,0.009693294268464108,0.015943525266300575,0.001346377758412347,0.005206068936850454,0.004312726848483925,0.014472942058061307,0.01121334203301183
8,0.004940861867116068,0.013667161266150495,0.009512896176227324,0.005688902357505593,0.0074029865819668144,0.018045845789798624,0.004189661087928988,0.0036376574442913757,0.005114293479258155,0.020363595322790737,0.00778548006041212,0.015068264582716524,0.018252768518593712,0.025325853300385025,0.7924088439050381,0.0029968490971651655,0.004695447791927308,0.011267928029656156,0.022263639330245815,0.007371064010825916
9,0.032482362309096506,0.030130860459626468,0.00459011494597619,0.005244465171628386,0.03101778321180522,0.004018513127544668,0.0062508379750623915,0.08584228973848454,0.0034837004236186585,0.044673891346259244,0.009459059668889375,0.11796995147953526,0.01637614764871281,0.016126485558506258,0.0031204394947075033,0.507660995324589,0.046283057027498443,0.0030395045621996785,0.01703108717972923,0.015198453346530161
10,0.005622308139626675,0.026521651441649443,0.02386598162572089,0.004761977890246972,0.07588572141706942,0.010004709561130141,0.2074402628496613,0.06038474481341665,0.0033126591680329833,0.02997166419092528,0.00871986352968894,0.09236528605997321,0.007976666508731122,0.027052978965690568,0.000984884468199361,0.005677994166489241,0.036858951336127904,0.053170708184708614,0.004826043922026866,0.3145949417608845
11,0.010554416904312986,0.005590174824214318,0.039630287017183095,0.42049754689689073,0.011920274039008635,0.21851920651074297,0.01942244972608548,0.016865831129997403,0.018020051200398363,0.005890570552972994,0.04057600967974138,0.009346173353367068,0.004364535369681713,0.03381081164721969,0.03729099188875615,0.0068952795435113234,0.0031788645662568825,0.06917209445061313,0.01484684071818216,0.013607589980863576
12,0.10724570602204225,0.014945682018158353,0.15868236831430896,0.011214601116841274,0.012736608587229541,0.011133352267873344,0.07004748673436613,0.012583972065367585,0.00756840039800764,0.06183924083023725,0.020891069521171663,0.04865589759204428,0.003496808244976879,0.0980819372792481,0.13738336987323674,0.13738987864782043,0.030648082731136707,0.030426582080766644,0.012280841397802006,0.01274811427736421
13,0.010560015774861528,0.020404820343188603,0.006457334163893961,0.02524436606340154,0.017553923758743564,0.0032876013165880464,0.004636738881033229,0.01376036411035385,0.04621400697974722,0.011455029329882079,0.709593186279713,0.031231743637395056,0.005055979051264652,0.008638886184212834,0.011583693525313177,0.0025486136216959616,0.019183931183658257,0.0335060319372619,0.013609547006818795,0.005474186850972786
14,0.009637598826502298,0.003984571643443965,0.19877433394238117,0.2610357343206013,0.0031894020221017506,0.010979975362473226,0.016468033019327668,0.012574223704505214,0.02760403310517907,0.2528793229938825,0.03515411665680293,0.09110602499341905,0.0009141046968415098,0.00823587858562074,0.00093869637503036,0.014059471200128536,0.0011422030589253425,0.01584101212548673,0.03210062447260188,0.003380638894744767
15,0.03402972109930334,0.13680158777567264,0.0075421779840555685,0.06614876061050567,0.008202312843838561,0.003109982604087498,0.11358985529269278,0.04383006025557541,0.02911445530792678,0.07080595579780652,0.05040225930729427,0.02169530820224883,0.04032626323256602,0.0039016161560433945,0.0023154134332197865,0.030667255786819055,0.2840894792605592,0.039382857627908364,0.009420673897464552,0.004624003524411742
16,0.003939971064134069,0.05696090747415567,0.318025071889399,0.11538272529985559,0.2918068911331599,0.037129998390659696,0.0185796865412823,0.006415040537347828,0.005692424743339739,0.012075023205550395,0.03258987662058985,0.024955822236604246,0.006108054724253746,0.007816812112551372,0.0014078556548338733,0.00973039166751337,0.006014411278816102,0.012824076837467814,0.020900038983490948,0.011644919604994525
17,0.012576827941077534,0.04426959114178701,0.007679495744919602,0.0072170811539051275,0.002498069307265353,0.2133185407105712,0.05570586300740267,0.006066737884056478,0.011279949692207799,0.006865473021014927,0.010974303050220036,0.42870409013781163,0.03328893625744596,0.039924551664946704,0.005810908672023439,0.0580255812837203,0.019448768219475193,0.006141130870061123,0.028666767822390755,0.0015373324176971358
18,0.08661028714217187,0.045224036868882746,0.09940288054189422,0.1479893921607068,0.04662376777239465,0.008441787743076766,0.047894832715829214,0.13420259531750925,0.005632256575379313,0.025792203788862843,0.019280463858275247,0.004021335772084332,0.04810616691370042,0.04359355589857422,0.007582528334490412,0.038024378572309135,0.06660126832570001,0.0970725885964657,0.00971447474800817,0.018189198353684675
19,0.0049677128596842665,0.013180632652409437,0.01255679398005372,0.10933596355734321,0.017180728760567084,0.010722116864054521,0.038856192008754696,0.009021858635270384,0.04840813001816606,0.021022224226299,0.03032017062256018,0.0059037110233727715,0.012629091259833865,0.002586101639932998,0.5881597277471743,0.011041372710603596,0.020648562291790806,0.02467370480371499,0.011371764535223056,0.007413439803191126
20,0.003817805471601839,0.0035993080545594714,0.017707044716448347,0.010456571956655454,0.005295855521181363,0.0035702270457143633,0.01895346039569492,0.00702029485683374,0.013736249532759997,0.006917549002998304,0.0085461681272919,0.0065541472021415585,0.41237653371386157,0.4201166657413838,0.038920556910885105,0.005156475115341499,0.003947446090900278,0.0018449537776034745,0.007781903689123213,0.003680783077019728
21,0.0029617125214699137,0.2287135230581309,0.006202406638011537,0.0025706692613628027,0.0037183857575892234,0.015483949226887736,0.011833779998253927,0.02824177362020385,0.05165735334676876,0.00657370735565262,0.005520196399446359,0.10000166240872568,0.0062384645306214955,0.0299386678121023,0.02833218157264392,0.16755140821167175,0.28574988423370223,0.010603637947282878,0.003480693185112903,0.004625942914359159
22,0.03955599403057728,0.0008618287672314677,0.0002328989214469668,0.0009230306435872324,0.002770766642882335,0.0006719393017963623,0.001085761661345274,0.001216107768264613,0.0037123950593500525,0.0007694234554718021,0.7406448712391619,0.0005757483426125688,0.004267564266218877,0.0006298508778971519,0.1520002120957876,0.008495743794614367,0.006773989846786971,0.03237844304698301,0.001527209452028189,0.000906220785956025
23,0.20794706858590079,0.03214537908695059,0.001720886515073115,0.003409015523238289,0.0021885678429891947,0.0714725367392187,0.12269806628782058,0.01551540642117152,0.010500511007190627,0.019838042251466403,0.03691444054572002,0.01892793025578603,0.06910712149164361,0.044515696982825946,0.011806181467279183,0.14232480143608106,0.1290119639545424,0.03871127919893079,0.005323493353030204,0.015921611053140963
24,0.4543274499135603,0.006318713053468103,0.06887758639889378,0.19364949004706844,0.005784638519534473,0.015280649486840618,0.0027302472936476317,0.02396676583408091,0.021818142957790793,0.013650639197532524,0.013765870296734232,0.02823150779523844,0.000870239193630423,0.06400309499274849,0.01922683847222481,0.0023641238225193986,0.03032656457764874,0.02147311726455745,0.009426696508433731,0.003907624373846685
25,0.0016298309027916315,0.003986857367198484,0.001763930137838094,0.0032095694434121995,0.37407154479178506,0.001966213994570955,0.007887359840709715,0.14773947144389865,0.0036916068690094426,0.005755287398319534,0.011424960853447779,0.00354079781267686,0.07823870845724902,0.0019882920459339307,0.0585386290134771,0.0016119368253604662,0.1208033274946916,0.16594987321338406,0.004862823792430554,0.0013389783018148457
26,0.004516175695013423,0.0027640343402799018,0.005177835960340559,0.30918121101490104,0.02055779366685241,0.019349089682793585,0.004702675595845919,0.017155793667941576,0.03465455965063664,0.005394312735592254,0.016764773773115697,0.2608903719923171,0.0008652913369015403,0.005814342474879903,0.18059688276558367,0.009057779563762943,0.07887922844730703,0.012787949547110227,0.004439651509168456,0.006450246579656162
27,0.16446595856339222,0.004000775017788412,0.005453767366891476,0.04573226286177138,0.026895903650261784,0.023316267056277772,0.0389283811812905,0.010127417341711062,0.3227873366765528,0.007381227218344279,0.05831019756736985,0.011518551810157212,0.002261164025870899,0.07784126893134376,0.04195008467662505,0.006332714132280825,0.018087087762979678,0.008487484818783987,0.010651648244506918,0.11547050109580018
28,0.006723610287863542,0.024025713491035466,0.0016581309965251962,0.2811597498294608,0.025919729179137017,0.04735732254621081,0.08565940429750914,0.00266816908537658,0.18922076997056028,0.0004625010030760055,0.007304026448205644,0.18570502503252045,0.008976699452964547,0.0006523539452120493,0.03586792044012825,0.06848886148433397,0.0025784997060187623,0.0006298098771393595,0.01756323447118471,0.007378468455537468
29,0.00751387301094359,0.01548442452529174,0.01916954922488658,0.07377196180741522,0.01641605969714485,0.00447924887036019,0.0013707472040033418,0.5574996555077276,0.0064455815563476,0.006148653337586128,0.01363413468200425,0.013540126529037548,0.00276029411857987,0.0015027657522140882,0.002336725812006997,0.004819823641879391,0.005220855131679144,0.17591598701784913,0.05655650858410595,0.015413023988936868
30,0.03678495406854483,0.012419967242710597,0.011810042530151157,0.026633759427419818,0.04175479167196687,0.31241401366447846,0.00430234891392591,0.3114142767476207,0.024988658972317584,0.00549051720765987,0.04249910784349221,0.024273389907414303,0.009984372790598932,0.004798931554028201,0.02960852990538396,0.010698008712919593,0.006113647494550588,0.02528962709076797,0.040027944365141684,0.018693109888906836
31,0.004773332949490547,0.010423256262045,0.03615754615973832,0.016645014539370118,0.052546167639738406,0.016299283833948762,0.009641054262245699,0.025535390233694555,0.4282250108349391,0.019010135256160625,0.052182480536605624,0.05446011761172664,0.004737265720047825,0.06017801861007074,0.10505504098766444,0.01495710233407936,0.02574901336642568,0.026863117753697492,0.024993723683035676,0.011567927425275378
32,0.028869583922281505,0.031499231340986596,0.032840828351217995,0.014428440143662928,0.009287945751961879,0.003130145808173518,0.0069700276860659915,0.01846985647162668,0.024697756774165098,0.03511855626126277,0.4810357758671382,0.14584782231874718,0.020013474958194305,0.007657834225947046,0.04490199486256184,0.007023945379792438,0.043144386243930355,0.01915911507538128,0.016560775314177798,0.009342503242724585
33,0.060125209530689526,0.02718227312062604,0.01960117771626113,0.02876224364776159,0.05631647190923463,0.006924137328379874,0.1697918976471346,0.37013513527815844,0.003911853313228243,0.01009712082147374,0.06134683006757049,0.014701853999473647,0.03611061934743343,0.005369198852363733,0.003784449359800928,0.011170955416335702,0.04926744590805115,0.04290519668890894,0.015554764109194293,0.006941165937919822
34,0.06078574826876743,0.007804706295817117,0.10824272761384567,0.29483241126756304,0.06844538008610025,0.01810562771141216,0.008696590257138129,0.10894501034972998,0.017890739049772533,0.05280469324518092,0.038851716164714944,0.032240263924594344,0.0011326183259041647,0.01928176658285636,0.06361464471959077,0.021634558080213247,0.023791537270120757,0.02567619946934591,0.016291166077501692,0.010931895239830607
35,0.013905670066891525,0.009294055753564808,0.017316938173323977,0.0414252445730255,0.020423604954561584,0.36712944902010075,0.22453220556757483,0.03394612939688553,0.017942481617435793,0.009370145186010299,0.037427622402106515,0.022765929873943297,0.004878896096642678,0.03784454427674426,0.03907084345069006,0.02103279990582926,0.014682178948950164,0.019996426381225032,0.010024353154130682,0.03699048120036348
36,0.021729024247062977,0.024920654022900147,0.025976512957710488,0.07214434735561438,0.04156035808878398,0.007512492567742433,0.012577197025457868,0.42095143656996015,0.02865452685247899,0.0398591391491275,0.03988958348472098,0.034869538959992966,0.014675018899929651,0.00960823858284565,0.035315158354623045,0.019089219844370175,0.031784435204337984,0.052427499549723484,0.04386232328891198,0.02259329499370521
37,0.04928225831199767,0.031005338608978913,0.06420632681432832,0.05340995485990617,0.03325791727845023,0.47767896076454625,0.01246802907021768,0.03169215746507378,0.02568630986844047,0.022647942459077808,0.023203012056297604,0.009057852390130976,0.008510721291734183,0.018607420345676595,0.03295893211532167,0.013105899838058866,0.008244947102119642,0.050007861879006306,0.018874128497845866,0.01609402898279093
38,0.02195782032959522,0.04248159390495051,0.012053432741030335,0.0156493313739085,0.030902005339097895,0.051201859118501475,0.049976889656307415,0.05170771073578516,0.024943621637269434,0.03764694860228777,0.04763824489391437,0.03524286972423724,0.005868493004970227,0.04941390162967868,0.38280370837406574,0.01781543572701605,0.05356933110946176,0.015055986266820108,0.03930396659470885,0.014766849236393296
39,0.0070127539943102505,0.22650052632366682,0.009179117628655621,0.025102193605064438,0.18645495481683536,0.0033913526828228484,0.016037255063266122,0.020746267365985182,0.042879565100437556,0.00995267491001895,0.20563682673630437,0.008196445702042754,0.0015375570359948936,0.0716040620962885,0.0056767071973625885,0.015286085766264506,0.002972262923165983,0.0038304166224325358,0.03393920274553626,0.10406377168354446
40,0.004558740396179622,0.05042709963421802,0.03302736938631811,0.037022524692129286,0.05019767039525519,0.019018580540679727,0.0976595481612078,0.013304929122600175,0.006714770846225432,0.015181460723285389,0.01490023815204551,0.029583572687718378,0.007749012943704773,0.04063874088041982,0.005054466669562332,0.015516764156868795,0.0496091201006498,0.005719359762094791,0.05162321772746656,0.4524928130213705
41,0.03446524897724532,0.02930827859535397,0.006800854030445041,0.01728909785203605,0.01835181811315008,0.10447795133339151,0.021713780828249398,0.13720957168128153,0.011632904077893965,0.19673029411756177,0.05013110073021658,0.016234392063783996,0.010030544832846173,0.02357261565051864,0.08425456512955215,0.05170189339432405,0.11056961133905142,0.036654023397645216,0.020450135234353104,0.018421318621100018
42,0.024351127571887857,0.007406365927371411,0.016717128272260434,0.040122760942091086,0.017429359476338665,0.09284903816333137,0.03703950861881657,0.023094905565065264,0.02696955451070983,0.008917968468726015,0.05906631021157868,0.048342672116661524,0.009332504575213084,0.48456053441788915,0.02974754629786499,0.018574187585228028,0.006795226673027385,0.009318125666332732,0.030941304347018462,0.008423870592587406
43,0.004551001573657699,0.048122208363962464,0.013938812241371614,0.026542560453410857,0.03769782598439372,0.008345500347915384,0.0310429079319769,0.017910897727810373,0.07095841645597172,0.06298705175136671,0.3724513863501583,0.0277010945946014,0.006785134244914252,0.009908564821997994,0.009780990319297904,0.030612795379444314,0.02906824183758759,0.09827621011868763,0.07894563008037805,0.014372769421095149
44,0.04094126669864802,0.08849127732682747,0.007059276227626944,0.008577124889361267,0.040560171477300795,0.011172523910268182,0.006531961994905538,0.01463298901298761,0.30892535461584375,0.021135194688147042,0.008712588886636442,0.016373197015304798,0.00701970563744114,0.0066524452374143095,0.014951684610706553,0.004332325960907569,0.005332643855810027,0.3222843570300299,0.04665394386230233,0.019659967061530257
45,0.024012710195265338,0.009963399028888369,0.015982331565400312,0.017621977664980054,0.011687271365935293,0.01914730108172117,0.014013343041648857,0.03422088883306937,0.014196200121462567,0.01475446547127616,0.010807557409867555,0.038880592559105004,0.03960854106161623,0.02604713558806117,0.030200415410826593,0.02007840119912354,0.33655178804692193,0.28259234441970893,0.03263759141456984,0.006995744520551726
46,0.04820652485516167,0.04595741807625385,0.05321236884124198,0.38707083327530845,0.01969303175233824,0.033269016975266845,0.027286469032401492,0.010035532271308878,0.01955920227524798,0.014878622232171825,0.015611695206461707,0.11838476380368927,0.013152260352650809,0.03987822892354017,0.06739429005138871,0.01682129389534036,0.02273655041857797,0.010389279279812216,0.022248279070553375,0.01421433941128424
47,0.010316168101756737,0.021209480663943767,0.015906104835797873,0.01876513308192475,0.04279245006364422,0.019014867758040753,0.045421077975876384,0.03178630750218809,0.014578630763250937,0.21369693063827136,0.06126064500785763,0.01646940848598275,0.3046970799171616,0.026588206582820163,0.010390814692726087,0.014546456257072689,0.017795195037848287,0.046846192825050585,0.04204937125994085,0.02586947854884445
48,0.004555751809621648,0.03673732282794711,0.053161162115197884,0.01959492128565911,0.009093722330758185,0.4850462025636854,0.01156446213692161,0.016069206800686794,0.11172515223439115,0.019005565450852,0.013192749688453808,0.02139891603535224,0.007658317845411208,0.014744926648883777,0.03176883678399881,0.048852828325761655,0.04135527275924438,0.01805566867062662,0.019011715273087457,0.017407298413459116
49,0.009759071202879124,0.007934100726952536,0.02741011446745192,0.03574096051903658,0.02275572461113246,0.01002381250081491,0.006840766444352646,0.05599580929329324,0.007299441254371822,0.5194959212220351,0.026137749230871647,0.03043701799860179,0.008823375793831885,0.022621676260931832,0.013701578504298453,0.015494606376726602,0.025052109654582294,0.1308536419180941,0.015762974276066745,0.007859547743674313
50,0.14557381832646657,0.07021651514677417,0.027189958074781417,0.013786700312728373,0.0033467693031405204,0.19872400337162976,0.039534692335138004,0.002237186254920826,0.060150741758225205,0.003961026993074281,0.07354967214747794,0.016724382308277833,0.08449104670998005,0.04013501837226429,0.02196775438035133,0.07333715314884068,0.1167744670014248,0.00413769530310383,0.0027951512568335397,0.0013662474945666087
51,0.030405615156073366,0.01622522653225315,0.08649059476888123,0.032446929897531306,0.015271810915445147,0.07039853259626826,0.02157781706374447,0.016107659155894186,0.009286452178033228,0.010277009039912542,0.006080419521443595,0.43962018156586236,0.04045350245392176,0.030371273525831192,0.02942014575526436,0.03350123268804814,0.0470858653506899,0.039695799078405584,0.007175370960201214,0.018108561796294994
52,0.017416387318189838,0.028289140920129442,0.005464134238203874,0.003198472257498985,0.03830658361767914,0.01581537344695377,0.018046175182035207,0.0016430738081160427,0.0036028604271267,0.003615990081472762,0.1771337126702301,0.018120080693039255,0.0007918709964037585,0.0031887609630571493,0.008376855711507989,0.011027568063863303,0.48798508305504684,0.011121988090710166,0.01151658534998476,0.13533930310875095
53,0.026014496393682442,0.005860145168203916,0.02036602196173454,0.5382106379646104,0.03288024761833298,0.02479759050485212,0.009503169508433126,0.08499755299037229,0.04786088006924202,0.04889280505443726,0.026111150685620213,0.01538086638069376,0.002741784574998939,0.038878545744629504,0.006877339361112706,0.01253874846932114,0.009245539213793912,0.013704201439362318,0.009533971467011557,0.025604305429554775
54,0.13182679625400112,0.00938202429167923,0.012688880679399848,0.033239782531846514,0.010585730574345363,0.25090137265321505,0.12696102705655266,0.004876360513838452,0.005769606704719135,0.011944294797415772,0.024541803571962804,0.027594721868024658,0.004902750542873543,0.13411370957286362,0.06321323573989812,0.03994199819817327,0.06476890725737541,0.010102354560683084,0.025174859950932018,0.007469782680200308
55,0.020124539327142615,0.012068373402055322,0.0538607414017643,0.011482230787622316,0.009916921054605664,0.018318160249500982,0.1569608573595683,0.008739121090313464,0.021148356030039433,0.03030864037967293,0.016366147659819624,0.01977025689169161,0.005394924659118574,0.04440830897814228,0.4946072052012254,0.026076544260291153,0.02604955359823806,0.006938697093257263,0.006069161524231621,0.0113912590516991
56,0.013316689355060885,0.01887331052118991,0.010371036442465195,0.025277994922236462,0.009845048316217984,0.15451473643531619,0.02256480502024919,0.0674238241120805,0.009356059192553027,0.40397663313873844,0.033451547278463854,0.031450110352470535,0.015171915804759212,0.022207382979269608,0.0036903206037630872,0.013455923612185111,0.0663905994319793,0.02567901456191854,0.03497673886292107,0.01800630905616181
57,0.004717394359590707,0.0037529865660156474,0.010149076000650709,0.010139384177460358,0.03142132919106481,0.008362357955815395,0.0030598872789359176,0.34572529337705826,0.014608614635874725,0.24200124024225603,0.03224169070388453,0.05028393401849286,0.008776194952484922,0.009788142575279822,0.006600547442548803,0.018100732670905364,0.008756315998242545,0.1754549559313687,0.008638677455728746,0.00742124446634115
58,0.016021776939646976,0.0043415750181524946,0.04973608283768326,0.02131085024214828,0.08446417730186907,0.010573518606082423,0.015394052803761719,0.014581036434072329,0.03915282742262634,0.013227890508134815,0.017066377258189446,0.02265669011151548,0.012513024570771362,0.5975524236609123,0.035516538796495044,0.005991234251460473,0.011936354727718701,0.00844597157705306,0.008836028244513884,0.010681568687192524
59,0.0060373717200587875,0.004504925934893813,0.029643444634372632,0.025749315613652686,0.012620101324929711,0.003767093562091079,0.009290256489167143,0.019679739663392797,0.10314658450825925,0.17603745619630076,0.025203533732617262,0.48132375294417773,0.026378667267858327,0.003888840032168156,0.01642986952381508,0.010863997717024714,0.017046793888311415,0.004487593119249628,0.007925505280218305,0.015975156847440757
60,0.022830390486889743,0.06812662305211503,0.010372420455424768,0.008497251413212288,0.014362494493362538,0.04940824946745677,0.013565281248057266,0.02473207511750988,0.042761996431057624,0.009364901677796996,0.049407724366739666,0.023952641846435092,0.00412373979082545,0.0049807269131290485,0.013653024876268767,0.4842831699668352,0.08386589586028355,0.00432698200171739,0.061872082164305606,0.00551232837057737
61,0.0026999324988475153,0.08857655625985232,0.002145146957817262,0.03978276475289071,0.07557695279141959,0.007453204900651505,0.041230963983491874,0.08118706324117589,0.015354579127635094,0.16370135234089367,0.0182772739286456,0.006230909667078961,0.0025565410900162994,0.004189322442651648,0.02823822468735529,0.005648420464365307,0.013211641090263461,0.3427105126279212,0.006889213101024673,0.05433942404600226
62,0.09438823656875023,0.013924230451770728,0.018878821339617765,0.0139058772620768,0.005992831784997377,0.01502739894641438,0.012297594876901328,0.029261144507406085,0.011651374943047325,0.008746950517088592,0.015495572632054592,0.017737754884695926,0.005500081023735705,0.013651201351448447,0.007266130203938127,0.3392412389349042,0.3450435946464435,0.014275898049299659,0.013568581090748972,0.00414548598466011
63,0.006060431607033682,0.04218327267215646,0.6401293765680912,0.0029530992494385686,0.009179893490654501,0.0042568010639455695,0.002224180708280191,0.13415241251235288,0.012960981258125469,0.026435470269887712,0.045100553705343605,0.0027927768179860776,0.003522311734045472,0.006688549398997037,0.004028489429798692,0.0037716719054421382,0.006967862034502741,0.01516514885086328,0.009306570211447221,0.022120146511607545
64,0.027803608302443217,0.010653082823686544,0.017113649386894417,0.6299369292877566,0.007357261846312177,0.016493330513787426,0.010180761469972932,0.019203986567452227,0.037547997192302264,0.010936048180574965,0.021866925019779798,0.009309257721175359,0.027302757305170122,0.04279544742779609,0.016446669609635072,0.011966844658468864,0.008358731713751061,0.018068892879837716,0.03903856138014352,0.01761925671305966
65,0.007145393293751531,0.013471323732717201,0.01574165176037413,0.01238823357875635,0.022987826139524825,0.02995134693807947,0.011740875712322987,0.02774922169790438,0.05427390465991042,0.0042969864453381,0.02141076317116853,0.02497737404013272,0.012332722179732058,0.016260102272816768,0.6470056909880937,0.027172773352836754,0.014207078633653291,0.010060444607026583,0.014414193206421188,0.012412093589438976
66,0.010078485553571707,0.04667746413365039,0.04702633070841133,0.04403587370518993,0.025742669953049056,0.03563802681924946,0.017580628859277084,0.02651514849042661,0.046390825438179926,0.03898716451329701,0.3629627987274759,0.04020064534174038,0.02778290085082163,0.04220052590871321,0.03635434828331297,0.011509213390173753,0.02678233874056308,0.049465604531336034,0.035978030772622495,0.02809097527893802
67,0.05256146972288053,0.03717677424747317,0.02019164035022522,0.04800365953671429,0.04412349407731158,0.14859124527009646,0.01997899000974843,0.009246477900513882,0.03155492961639295,0.021389590071890233,0.04834173167897623,0.041007892595262885,0.01419165466207783,0.01825899734267973,0.010101621307761021,0.049572656086611815,0.05257101140212303,0.26689103283188825,0.04945291828078196,0.01679221300859049
68,0.01699404682619817,0.04783448659195319,0.020435397949241763,0.01276985708814745,0.10049714794466695,0.03777974858589482,0.013558007101907757,0.10789558646612009,0.014717732289999586,0.3045307297611474,0.0675530621588049,0.015764030971740086,0.014117981678648585,0.017431242263172525,0.03885089662295989,0.014158943711745838,0.05407850382901097,0.017298795473302944,0.06914225259985943,0.014591550085477632
69,0.03958288199525914,0.01905309586562041,0.008826285308680425,0.03681837930598413,0.04940707074143472,0.14847432451856388,0.006079958853434855,0.01462186394787403,0.023005242932745612,0.013196499270066633,0.018761701441998634,0.018973354778954298,0.01787113087669917,0.007216160505548784,0.007033713074584969,0.47435194797589436,0.017232211346322163,0.006800540622439275,0.05206009773477633,0.020633538903118195
70,0.5029922213076016,0.04471351979376032,0.023659885609603463,0.023302669369530803,0.03467318666210119,0.01907314682741978,0.013147268980079603,0.01900732394316518,0.005416211671683041,0.006465357488417755,0.011620653731088067,0.014635564193200765,0.018192165789879384,0.021842036565810678,0.0024557584910694106,0.08923837638878378,0.05428286979170837,0.029876874684064605,0.06061609775143625,0.004788810959596
71,0.049522921156989835,0.04053181012124232,0.013606776845885795,0.009404513773094758,0.41962007086110253,0.011240911361411022,0.04308727602136728,0.019375413901102156,0.011477281278815048,0.01586794790799671,0.035339221688748125,0.007191448328503225,0.005694702505504756,0.0211257772359979,0.006151439155070973,0.03157355420043317,0.007244386265779642,0.030981658438517128,0.13424424728819234,0.08671864166424531
72,0.013160522945295332,0.010502107091585437,0.5974609951439827,0.037579546652384554,0.012199640268840236,0.04135946647358127,0.016084917859312743,0.009161632479096909,0.035310396290191344,0.01827469285034925,0.02316038818845087,0.020081981092531218,0.0074472769911777875,0.04337225247357262,0.01863304204525137,0.005013027409254333,0.007720876320216732,0.024437485731160585,0.02433842619655194,0.034701325497212894
73,0.05691213098986723,0.04657995987647387,0.00713571932496171,0.06613709004376221,0.013814006555640322,0.024414370337676575,0.06287706605384531,0.09113717068681365,0.03461264178174936,0.07091239659583723,0.006696766935556282,0.04174220739768722,0.002157834510400243,0.043918053303237795,0.029405752413075727,0.1067826654164279,0.17033728327555317,0.02678111631653619,0.023948327447934487,0.07369744073696352
74,0.03678143718021033,0.02493469302038248,0.009983997021602692,0.04071361085718905,0.02022665885988838,0.03712283589926141,0.15239383444998506,0.01494291979014096,0.04504319616386404,0.03865789247011621,0.020448174499386965,0.019751665274760893,0.02418550650408746,0.014689942276413626,0.38376622427815066,0.024664258115724702,0.016954457232299113,0.012498727490744786,0.02344910943147003,0.03879085918432118
75,0.03351558904892963,0.007500764057263983,0.026014230147128507,0.041364513087427064,0.00791550677214024,0.010515924026278036,0.00964580488633075,0.1907891972090425,0.05804246564254953,0.021118767716207368,0.014160356668226558,0.024228372055807027,0.005777238459736762,0.02484529406407588,0.4087473610084347,0.025804426800968658,0.018489141083950132,0.008728161616112513,0.052545726369037996,0.01025115928035214
76,0.055587138651173845,0.007441964451120739,0.047371119328008846,0.03175275593356128,0.006233693689915414,0.011832563682157479,0.017382188738974076,0.03849114634079012,0.016838986412418207,0.031240541648524255,0.028281656817597173,0.14099151115616015,0.004388405728964972,0.02318967544100563,0.003986379163141406,0.02031418104214261,0.015789579183796938,0.04121566229112626,0.4114495524049603,0.04622129789446024
77,0.013029814380899988,0.04840312282731216,0.004194083291439627,0.009724638023682484,0.0059530687796134334,0.038032709695510314,0.1326472270792105,0.086569804468974,0.04585254610904034,0.08834846510129432,0.008711387193037231,0.023554235598609075,0.0013645545538017458,0.006858142832978533,0.2880391948602288,0.03318526577775317,0.004995192657881858,0.1551484451106344,0.00239762172607593,0.0029904799320221442
78,0.013491414261414172,0.04229453287539952,0.012799777466807537,0.010256553028679257,0.01562859841333411,0.022340090756236573,0.4141515594525751,0.015390334339244152,0.012090610855756152,0.00716252268588071,0.005013934269829888,0.020788671195194886,0.006952000130974068,0.0073913962263094934,0.005143962310086099,0.008575886190617084,0.013670786508000424,0.004897301681207407,0.10781309384013503,0.2541469735123183
79,0.010754959069502194,0.032925135308255415,0.013143206016829523,0.010239246868987043,0.02019840758037868,0.009175188466722408,0.011070220130433591,0.06509117547709628,0.018693375046161,0.599459855435982,0.026313715899432502,0.005177785279494749,0.024770383627605266,0.03519543882019195,0.013629272660243913,0.024090228260998298,0.005402455571969171,0.03277057091413851,0.03170272245472214,0.010196657110855453
80,0.017615136828252848,0.16676925599196782,0.039116987658973756,0.1793615973336349,0.03408134800615849,0.09011221649161474,0.019437067371735443,0.12781532931112566,0.01918356966251572,0.009333158791236992,0.004202746010799497,0.01624799109597733,0.000646280752055018,0.11667698856760837,0.003542766456067609,0.054743256962707355,0.02957825937097164,0.05349013190559006,0.0035105299076045823,0.01453538152340218
81,0.006482351174034692,0.03591025837693709,0.052993377126078225,0.23096322836256267,0.08070286581653276,0.0857449906378283,0.04256134019367226,0.04740437551629781,0.03607513547434307,0.021454772894624073,0.022273054640275965,0.04572257327829336,0.003041852213150971,0.015275317619986404,0.009917165720189408,0.01850954295880978,0.017616334632923124,0.14125299917769052,0.01918925372512707,0.06690921046064242
82,0.02751256052110209,0.13089731299328633,0.009210450567610329,0.001966024801632909,0.1750869199838633,0.0006008311173727014,0.0417552915582946,0.0030217642990648134,0.03074056284230254,0.006599638341664425,0.021700398900815408,0.0173040189357646,0.001540221245183368,0.12736566009984543,0.03706467261700843,0.050640024092919476,0.0330205456520953,0.006716296501160488,0.02377384988348835,0.2534829550455251
83,0.06917019041763868,0.06693109910252537,0.0032281769084945436,0.01734436825013565,0.005162834568938808,0.1080951935053735,0.03657336109159178,0.01523945422708553,0.009475682261802737,0.003688204261471754,0.01957629401585907,0.13416417250518095,0.09594770036398113,0.24937881947973686,0.03517029863155131,0.06508681625835529,0.037323893492494965,0.014096682149671408,0.0026010664946114733,0.011745692013499197
84,0.07049597211848284,0.03060816286343415,0.0009209603552259758,0.0006076986621525935,0.00423489367383035,0.06822742964554421,0.036635551178528174,0.12761147615439367,0.005208173314868039,0.08125343187567421,0.07626159273923294,0.15529711753528658,0.011328382274015114,0.051804880733399124,0.0038693464466978858,0.05129014218236393,0.08487870338375911,0.011895842611593597,0.12456317298801912,0.0030070692634984646
85,0.07864429384428892,0.005990716729398271,0.0072047614302301125,0.002616530790452979,0.005087918827632959,0.07385499341860512,0.11317708735297631,0.059875552610688804,0.05968702412879479,0.04241886657548789,0.0047027784513232074,0.0033860920565829495,0.07548065704220448,0.03610284505308107,0.03252289481742596,0.028312026881239342,0.0554041254739117,0.2009628167116188,0.0073609169409651716,0.10720710086309115
86,0.014099157732363659,0.0028287356538412847,0.006560250354118607,0.006696078912760194,0.05639355545376729,0.03955786360480045,0.3159432345356212,0.000998281179772184,0.18945693446342915,0.06761336835236188,0.05925855205700018,0.0694962971116958,0.006326502602650971,0.03941998583194859,0.041225106544627986,0.022089584815784075,0.031183239575396236,0.0017935318380841525,0.023360180629452297,0.005699558750523825
87,0.001941884712359029,0.03099797235513948,0.006462424785366974,0.02684026468487782,0.007590439260219238,0.007523245953963532,0.005181858862862649,0.015305804908869016,0.4738600534225021,0.006539298608096161,0.03149017185336383,0.015521145029425995,0.0015154904863546492,0.19151789996008395,0.02231978444286899,0.13390053694946477,0.0020305808492958803,0.002331120576397228,0.009510084397869071,0.007619937900619669
88,0.001038308150568751,0.12547542837237427,0.05103243721268418,0.004500600698225345,0.004482304685784722,0.001811211647096869,0.009126816773844384,0.0015178981940854055,0.01622355687465513,0.00865647721181857,0.000799849977379833,0.7594230467473098,0.0004196233455143159,0.0010832774472670484,0.0013072762543454332,0.004660928421555826,0.0007838692172420664,0.0022496774668174396,0.0016590176247971193,0.0037483936766335058
89,0.3274227802333903,0.08519113214887346,0.013027848558323125,0.004373770732743119,0.13579924664857743,0.04109730258601902,0.023083725426585655,0.005103014387755872,0.0027272437525898085,0.003188515910597282,0.015134491055125316,0.005247206078892718,0.14459880437992545,0.0037035115293645054,0.015155132729518567,0.054326594013396255,0.005332626004915067,0.0067323887836353,0.05879539143432904,0.0499592736054427
90,0.03238318108182841,0.007151147144374742,0.004040446529778711,0.04738575118695502,0.0034324808552101105,0.11472004886745367,0.17262758797544347,0.004031998290161422,0.19069867217596856,0.013646551385310863,0.02614698104929092,0.03075514385756447,0.0036221934436455874,0.023766954479605595,0.09234868555017925,0.02113983171824161,0.15315090519485594,0.011742318475841073,0.0363003092700956,0.010908811468194966
91,0.004376715846200132,0.009938037423792496,0.021465814403625143,0.02655175706524782,0.002747766823769718,0.002052941939417923,0.007099420533390111,0.009489552741570841,0.3029022425936938,0.0024798343144233756,0.012672239318941481,0.022638772883139195,0.002934696821385699,0.015502922671849703,0.5288365821775778,0.005429200917146409,0.002833477003326193,0.002167584980859324,0.014932599970991669,0.00294783956965116
92,0.049154135290824706,0.01942909788219911,0.0652755125077779,0.026137383809731546,0.03044813967295629,0.018614822190606322,0.024387858950107564,0.025493789587900113,0.013921095994813708,0.011172903878285505,0.01676028759957046,0.022336964421247406,0.011857406671517232,0.008260034980333569,0.013391856884145077,0.01595937603368535,0.5814999026743137,0.005068614382641558,0.02766399462044952,0.013166821966893366
93,0.01570122011718874,0.009098185247699248,0.011744924300693071,0.03129437142407572,0.012493049192018678,0.5657103123967756,0.010408515012813022,0.02164657133570228,0.0360813984619497,0.010088692396874006,0.07756179782958356,0.03222100753292259,0.009390456999373359,0.03884053094248713,0.017468081129715343,0.01635016472217997,0.011512966501005743,0.0177160488746159,0.0294088555064111,0.02526285007591531
94,0.02069326027460755,0.018035606825985012,0.03860280664910712,0.027403852278821448,0.03020097787442357,0.5711158097665089,0.013354110320757067,0.024206448248310197,0.0372233798912753,0.006594177657583248,0.03754947056324554,0.013495462654502207,0.009209473797671697,0.009941484676479963,0.030625367882148327,0.014720024646913495,0.016814898316041042,0.038423678612010057,0.02064160794578982,0.021148101117818435
95,0.4250314564844917,0.054098530001826815,0.007408538952348133,0.13138736661694397,0.015000922852643617,0.017048525039007126,0.00942901795140241,0.004640485933978529,0.008269659933341444,0.012132518330517426,0.01802811161629652,0.005354154411558067,0.14476474295042177,0.021218356809943738,0.011501799531714343,0.06131135500857494,0.011953684101134732,0.012147908053926904,0.025194550291488337,0.004078315128439463
96,0.0056968761461457015,0.0073602232159011806,0.008059983684893662,0.015502749465141585,0.014109606863390732,0.01477243876191635,0.00940054551021444,0.24862135870669727,0.02524526529831817,0.17630538750044134,0.04755824880836872,0.00639665224911767,0.0034485560596886904,0.004208822742066584,0.010940668068439467,0.007098839968319037,0.014968446575514304,0.33432466401113614,0.021341609654528037,0.024639056709760992
