site,A,C,D,E,F,G,H,I,K,L,M,N,P,Q,R,S,T,V,W,Y
1,0.05271552148449963,0.04765190635179257,0.05287635000779521,0.0515963631535188,0.03528242740650965,0.050011422908700254,0.04864587205665855,0.014024757541807105,0.05223059078446229,0.04555851874829714,0.10034585136838145,0.04568688813412437,0.07460254972537869,0.05102017332344638,0.04586482562061855,0.05230017058225211,0.021658251831231608,0.061295263282934435,0.04772832714436697,0.04890396854322423
2,0.6084473367912953,0.02393279969209872,0.0035728664744394613,0.02746366544929447,0.0062492159506268435,0.009227178772602037,0.0009321458211653926,0.003448091742318429,0.0033487300084657457,0.0019434318567718733,0.014441932348717608,0.0029394123165192867,0.002370811797591762,0.0025145120786541166,0.0018482132112318556,0.009380118785993492,0.0045848475152265,0.2675291512839856,0.003735576802766799,0.0020899613002346943
3,0.04772196748571389,0.003927571564014317,0.005446356571180124,0.0022468243671124647,0.02540111232409344,0.02916850950475313,0.08342421371013486,0.07490311889601076,0.004954512361826981,0.0942181063631263,0.02651622574795743,0.2361081066398636,0.0033227607955047204,0.019637638713728253,0.005037966460980764,0.12807209107859074,0.13931190665878743,0.019746251801003215,0.009154191549075735,0.04168056740654183
4,0.03647278600515354,0.013076007751713099,0.0034173531595179975,0.015200759239562848,0.2380233941375755,0.006523499370930149,0.010732497709862713,0.06876959844659829,0.03494526202917583,0.04810503771202816,0.05760022317828843,0.1341833532290268,0.0007230974491517135,0.054644207306753574,0.0017629356477581297,0.07035072009566504,0.09218997304721052,0.05981956210255821,0.0027006850613049273,0.050759047320164494
5,0.12851364335771503,0.09410766876999828,0.011483593420179017,0.005746153696846383,0.005109753775615373,0.3417995976692105,0.005414780448475575,0.0025492277719770806,0.008324370589390319,0.0008648437165559726,0.013947063410525483,0.01163043053598064,0.0013808187673476867,0.0012231912449652373,0.21594951721885386,0.10741809516358028,0.004900316372980686,0.013418380354864968,0.01316542569695406,0.013053128017983607
6,0.029360427661379255,0.0030192089929227707,0.005793730479469006,0.006166440849103094,0.009007330994350556,0.0015079796554024146,0.004810014831671726,0.015201065527109063,0.007870348291123645,0.00110226854461205,0.019209252038008738,0.03890685265118442,0.004433623174527298,0.002451939899165858,0.0017891285075969936,0.009795662566030207,0.8218826093696596,0.001887393747395225,0.014226384317717021,0.0015783379015710851
7,0.00098710233179717,0.0023904772668497942,0.0034186141434532514,0.035446765188781044,0.00396834872731447,0.0012497975805755184,0.014869813489354677,0.01985668563447899,0.8083555026507067,0.001468584200255512,0.010443993489904171,0.04789812372680801,0.001103578141345158,0.00593140336572041,0.024030045802213264,0.0009018664534992299,0.004775687470671275,0.0022718197610134623,0.007918017078187446,0.002713773497070504
8,0.0023943630493750085,0.017532108172498537,0.00496486809106766,0.004039505280183921,0.01735070197914894,0.011680950366895038,0.024776661208651733,0.002241976764519681,0.0019892366379086817,0.044670682347021526,0.006810139543815519,0.004295610397300733,0.008094185513060933,0.02666457956129998,0.778496733198786,0.0011905500247870002,0.004414062337638013,0.002036558128677297,0.034429423488812026,0.0019271039085517025
9,0.08023223182969447,0.012371532655199224,0.0010569448341671852,0.004096725526838539,0.07517708944390313,0.004337033911385925,0.0037859905194283384,0.009563754542899199,0.002075198314025389,0.06713169774622556,0.0667037009824122,0.01238355880272308,0.018671630045150486,0.0187137122543447,0.0019542761635876114,0.4791576598808446,0.0888636819046769,0.0033307800742469296,0.004303237128115024,0.04608956344013154
10,0.024125562711004286,0.05626028486925353,0.057759470988640836,0.04456876245450202,0.062545147947382,0.001972070537479754,0.1413795424188598,0.10361755993586516,0.0033037932543418663,0.02100675797423017,0.003600842108255131,0.015524891371578833,0.019129108007861027,0.02218916974391342,0.0012071822024898302,0.030963993384223766,0.01115423370389132,0.06173837463460204,0.0034379971808210113,0.31451525457080415
11,0.012812531598486472,0.004613532349434184,0.07841830856244048,0.6127541774709031,0.018042232408992318,0.023547516444213313,0.02438935942001142,0.006018001796157022,0.03381476476825696,0.006688085846883912,0.03373429990095272,0.004220213001564508,0.002971603953716057,0.0646803721399582,0.004234151480162788,0.0178288509980599,0.007785585024608562,0.0121634522912704,0.011490584842092364,0.019792375701835396
12,0.06490363758596623,0.05794507295042091,0.008696068122670948,0.010241093310180801,0.005223042900453663,0.0015150859054542567,0.09684599246533099,0.004321458514813209,0.3009804910272911,0.024131660287484126,0.049907710281620214,0.036030753196923074,0.002495028992017562,0.07159368605337088,0.046669059514879936,0.16303291880070528,0.035173050005056675,0.007757969505629365,0.0038062786771170514,0.008729941902613786
13,0.006634453374255963,0.015567927435910654,0.011267353894220698,0.005220832346184371,0.008200300536582559,0.03497283109723146,0.005565347078555603,0.03007948221249719,0.17706850750305028,0.04095595411943228,0.5744255043169684,0.0032986129345750088,0.0013099797628587347,0.0017249608339454958,0.00838003675972187,0.007670415774291862,0.021378148520426073,0.015633435984241172,0.004506784166508049,0.026139131348542254
14,0.0003853228791989242,0.00060457640292954,0.009744497108443238,0.0450643295941459,0.0031080282018158116,0.0056120488424392465,0.0007220724856642556,0.0009008533448041691,0.004109116674485331,0.008785363482305639,0.004276418074343613,0.0009636231870094001,9.536655507551968e-05,0.0020508616883178807,0.9086689258455828,0.000710282868360653,0.00023691134793788838,0.0030989722793265725,0.0003707435147167768,0.0004916856230967432
15,0.032554259390634,0.031555191229626675,0.0488312727614859,0.05399318134506888,0.036345406605486685,0.005758718504039153,0.09038610211676491,0.05791110441458967,0.005121286692219691,0.05071918905614796,0.004784512260349369,0.04967370966509802,0.016089821016067752,0.006655919534110951,0.00478320101505356,0.02265250381320034,0.4608155810001724,0.006079319248759708,0.005596740372888464,0.009692979958235967
16,0.005342739095981791,0.025269239525117507,0.4480693737565446,0.011140860715263051,0.02030980419227055,0.042158285637768994,0.03809978181974611,0.010740520742713153,0.004354253203792342,0.0027558760162798793,0.06964600439200629,0.011513220564895104,0.005956735565189951,0.03500957400179706,0.00233878935082144,0.00391190398379185,0.15836449720206364,0.01181829279946141,0.05123391153850198,0.04196633589599331
17,0.03811818693413667,0.0450277407705517,0.007838290617304448,0.02573976417308928,0.003584294155179017,0.323381300380183,0.0076198916880743225,0.004507538682166812,0.15232680098958454,0.004278256413966884,0.008094762587410062,0.02845093974799696,0.06980475890159676,0.09840607826468523,0.013115525014675541,0.031965920734675135,0.04239882569770948,0.047787675699117745,0.04627996169586419,0.001273486852032252
18,0.040697614082963886,0.0012138629060025718,0.1091130453399095,0.09452704270075964,0.003511663467844778,0.02243604538658561,0.012550971335289674,0.33206190166145094,0.009212991711067039,0.007584872315434376,0.010307843821623327,0.04305184560462436,0.05983569003463261,0.05325555062648823,0.001888695360556132,0.019290787756906975,0.0391405574426541,0.09248379113018441,0.008363996026384492,0.03947123128863738
19,0.017930834239333313,0.012752768592211654,0.0033864788963235753,0.17757186810146705,0.010310784485743347,0.025928932031869516,0.2664429107409518,0.009830697481121106,0.04624949082267984,0.02372949695489879,0.010358270980263878,0.004363568451810332,0.004613759471469052,0.002748927107974423,0.3331225765598423,0.0225670291081228,0.009730710895080158,0.011792879275531987,0.0045104973491278426,0.0020575184541772725
20,0.0009492058681558739,0.006140210642324042,0.0016208190618521958,0.005050108954403595,0.00271646766393094,0.0005834237942112851,0.02664245307040329,0.004061281198060079,0.00484678047866155,0.002143527566528429,0.0035780549449962386,0.0008207945149984793,0.13092508769470665,0.16539019214812836,0.02475041538161205,0.0020298711507897122,0.0024067009325517623,0.00156874822310233,0.6128788894884689,0.0008969672221141992
21,0.005376509672817916,0.006910957583956363,0.029573363806776727,0.1566908638698592,0.012032951733471377,0.024308351938304645,0.016311162290342292,0.008198115048934066,0.10250077278692409,0.012767276378078745,0.024466843830021696,0.1005542802613758,0.001614618362982932,0.020687740537613294,0.06208833130956926,0.12733799686937028,0.2666645985610363,0.011316990004301912,0.0009724349338439312,0.009625840220419147
22,0.13421988274688454,0.0033826883918941916,0.0018439566604639697,0.007613887639441513,0.004222780710938923,0.013178490924858633,0.0314357127361599,0.0022142588431765097,0.10431276175531085,0.0024246696913259678,0.00432608628125414,0.032967630210184305,0.013710681748133622,0.0077194933471889755,0.41679037482367615,0.04160667789918585,0.0483219129770891,0.12140218863980362,0.0012569756899950349,0.00704888828303419
23,0.04348510658503677,0.021215368764983204,0.007214919693548739,0.11287467429542483,0.0034018195602234782,0.05970467232895612,0.03211514465295652,0.005803508269726109,0.02022174777924387,0.019135767945305655,0.00881893932968419,0.0558032601735431,0.0046243685903128535,0.032471151030839994,0.01859212980840338,0.39647948726555204,0.13342954310006477,0.01099139948915521,0.007785132054220312,0.0058318592828188204
24,0.030410497936775294,0.002667802947971258,0.01479017332419098,0.23777669900370715,0.01170743232855054,0.09040495133066963,0.00829383493682808,0.012479253873948949,0.035127422479160585,0.008119763587358235,0.06983470106107469,0.02279762676281079,0.0008409109996670485,0.2000747641513642,0.007300245847969335,0.00813678024932047,0.07335662629460192,0.15478562404351145,0.010011079945790927,0.0010838088947284392
25,0.00267796095880353,0.003698073012732985,0.0601171928313397,0.003412734600491824,0.03322537398345271,0.01826271679386774,0.03291963395254017,0.43539014862290326,0.037761199395457405,0.010424568918791122,0.09429259566521514,0.01263167104190499,0.039750736051950494,0.057393579981166384,0.04905989824146003,0.010505935452670936,0.05883000400778841,0.02298651178129178,0.0139242140097007,0.0027352506964707533
26,0.014497794292076547,0.0034976389737578317,0.032124596389875824,0.06044063984815691,0.01081859717696701,0.05474969430809605,0.011508871766101722,0.054385767188860915,0.04762849701979064,0.004003073482744601,0.05092695235043023,0.009337513060357256,0.0012200648663408611,0.05214121066862048,0.41708714642534667,0.006640121674642728,0.05480633325120379,0.0022798314041731402,0.09618831748810715,0.015717338364349603
27,0.17707357573418775,0.009450907603172435,0.018185528002927567,0.017343497556846565,0.004554118440475817,0.01674601934642741,0.12551784676212624,0.009676136948314836,0.19021890401784067,0.004535306806908001,0.03718185587891915,0.020471053082342285,0.0033313361298896735,0.013886732762257853,0.1766916320915601,0.06101577095763746,0.019515598961508597,0.054242605526127696,0.029311860328904083,0.011049713061625778
28,0.01671264597492127,0.049926764182093165,0.002709571969266257,0.030232581935409814,0.010174388251628435,0.06387435192520305,0.008202055927194774,0.0010927128090264346,0.17451914546447614,0.0012938303870907984,0.003554545745586238,0.5639660680717211,0.017342999950853893,0.005261366099589121,0.009453907577093454,0.0352064208515208,0.0007794704169490389,0.0012128729805103247,0.0005270546590744616,0.0039572448207913025
29,0.014459379767423015,0.0181438646739927,0.08676746987753989,0.005563876201471377,0.03178654055455565,0.05306166796285988,0.002603869543274439,0.44052373455357047,0.010351071625509625,0.00908347905566882,0.004237467597391438,0.021045046819488537,0.0024736064567617323,0.005315422579998207,0.004288415895444399,0.0018211092542895287,0.012561417276301248,0.1932234237993549,0.08118333328641202,0.0015058032186921022
30,0.0016450966874012487,0.0009081325116180202,0.0014390336579070723,0.0028446963937681096,0.0012220300468959535,0.030203364129225672,0.0009109044296931026,0.028504905139295544,0.0021392115221813934,0.00026218840222737923,0.0018141674207936204,0.8604257337811154,0.0006121078115557649,0.0006005158567172593,0.006102179145314138,0.0004834384939382183,0.00023031244041653892,0.003912064207055497,0.05513747301959361,0.0006024449032865558
31,0.03139416923770479,0.03297489055404668,0.01739148377372974,0.040155041536933556,0.013152308497528839,0.02225019498246141,0.012591418219377872,0.008719297880686448,0.4490895197384596,0.004109080588172469,0.057025184287372875,0.0388726815760606,0.015290762495340551,0.009993085903380447,0.172978195280133,0.0110736869024271,0.009138420872782918,0.030195182165624966,0.01718063441774629,0.006424761090029853
32,0.008468241997254794,0.006467784244933587,0.06359773642863793,0.008327809192516335,0.007074763061389268,0.0035551265548753783,0.004678390190824541,0.021388075979850714,0.018675417744519997,0.014389775697430027,0.6333468477431267,0.02982552372322947,0.013803087751530841,0.005876622065248069,0.014606690119267449,0.004790363836045183,0.040490033215217526,0.0693436597421618,0.009658196883694225,0.021635853828246187
33,0.008014803652860303,0.049004381420762154,0.015208521647958159,0.031765123352723336,0.04214852106829779,0.006373833046407769,0.0035774785578463236,0.392269583461749,0.006688804511085203,0.08655049692782735,0.05042193809800961,0.05401190986921065,0.004778256460458579,0.015802657331413474,0.0039245943331954304,0.01877802884748298,0.04906406839148666,0.14706049869869356,0.009118759946227229,0.005437740376304417
34,0.14720537086263788,0.011730429085553431,0.07667597103900863,0.07043675515785068,0.09826165679227149,0.15671373179448386,0.03648827134728423,0.08397587651070773,0.0019202374401506223,0.09884484705121366,0.011373565801726474,0.0049667018228814076,0.0006237954241805195,0.0014023249201872922,0.00919150157405022,0.03144462130235739,0.01997250335216691,0.08892228192484367,0.002603681781857042,0.047245875014586866
35,0.04300792519149632,0.014410304191036317,0.010948729382743147,0.04269309543686979,0.015710339175628613,0.49031455438777083,0.052298775720421006,0.02309852383494525,0.03649995894624219,0.02027388708077782,0.025367627051603316,0.01711708248168116,0.006879826679738096,0.04775541597038823,0.035898048850730405,0.03582674887299389,0.009580206273727514,0.041644494351276526,0.023678311216472094,0.006996144903457465
36,0.0024269907154518744,0.028814207217896706,0.6232337063527601,0.0022779528162435348,0.02566620693551813,0.0019172294327864695,0.0011513367231882515,0.07521120474346192,0.0033258992844576733,0.01716022545562118,0.04644658662767482,0.022032952871897687,0.0012009503966023572,0.004032827547381903,0.04915677596445931,0.002886184822216411,0.0057837308915721026,0.043258798243542985,0.04184257854053232,0.002173654416734265
37,0.02667432585101909,0.36598476454507683,0.011511825531217887,0.05010906576618254,0.01898087295463469,0.2816289784660109,0.011487050794794836,0.024959601676996932,0.04554453857614888,0.01244435909775859,0.009676617590098828,0.008559529102020885,0.004896369872118694,0.012853955069195604,0.03150175877420786,0.02490790374612336,0.008859588175766831,0.021208537711126258,0.01786982660554218,0.01034053009395825
38,0.024772623930150173,0.011085284872835891,0.012244757274551543,0.009272022082800481,0.009731560733828888,0.041387461759868065,0.014043672992592258,0.007401190142200838,0.3459390482790236,0.009526865497328547,0.05161604207210929,0.028391876454360476,0.004885075373924276,0.0366350360294302,0.22850812576296067,0.044573836727050106,0.01615476108401212,0.009064535611475149,0.07322553826813184,0.021540685051365527
39,0.07256588228236334,0.1356611542775138,0.002135270186189541,0.0018081094217031008,0.09834148067753665,0.0009310446403095517,0.0028334122161921193,0.008966657930605252,0.0033098969669778954,0.004566232657104929,0.4741803356635337,0.006614833150083796,0.10626114993109745,0.003487046519430207,0.001289785718941848,0.004217764180730497,0.030106830159421723,0.006822394082755937,0.018337603281653504,0.017563116055855164
40,0.003013548134852829,0.01322909640821612,0.018991176321954767,0.0023548146323080195,0.0696965646895741,0.0020655010179295905,0.27944354629217194,0.008006704934519958,0.05711622420289551,0.01912776160240997,0.007723261926190606,0.04387724380871851,0.005012321751956159,0.04609184122807468,0.01232734715616149,0.01022754451556493,0.0047715695179464425,0.002234147451403872,0.01263333923612913,0.3820564451710214
41,0.05333005001109009,0.03583553720831503,0.005306282159346121,0.0019239541696758245,0.007642673995295169,0.10198733311028244,0.018522642059317168,0.08471613870059906,0.038987353715340886,0.2584663665614472,0.13072725009078887,0.024604877373965568,0.004546199531057956,0.055671687939523304,0.008823580194706176,0.011286388868434928,0.108794678950449,0.026887201541943847,0.011563252103667244,0.01037655171475412
42,0.03121260052066084,0.015518899848345294,0.005805721128340452,0.060890254449193194,0.008329258933169551,0.08257704917599393,0.02457411886101333,0.02072106167908952,0.031165130339892103,0.09049466973965603,0.01507771051615248,0.015528666373005711,0.015702123710886105,0.46779076412247034,0.03254305907616926,0.04488459980816868,0.010988087813263245,0.008905773238186403,0.008207284430931877,0.009083166235411637
43,0.004430195694864723,0.0065457397814361155,0.002723215399452674,0.0018984923774495997,0.00739878274429575,0.0020577594843608047,0.004096146725956471,0.017938363098777062,0.03124220451233384,0.008950791411431973,0.1066830254553184,0.7537857931614224,0.0007301959621954615,0.004455533554814558,0.001405830429751531,0.0027605775889247655,0.011208443950978319,0.025035622035219987,0.004336525942054466,0.002316760688961206
44,0.029123628037029493,0.2487471107543397,0.01822559253000637,0.011628055016400208,0.02633140392047805,0.0998598325136527,0.007994934663780697,0.03605992102060397,0.052882258673902525,0.07139373507744813,0.06012357639234375,0.022989633269350596,0.005313714008537423,0.0065649005827630065,0.030925318198201022,0.010321379569850018,0.042453873018165986,0.13701620416696,0.0549702499216723,0.027074678664514046
45,0.011053120062425426,0.1543196581592206,0.015075714750884168,0.0032943740518313652,0.012529903235047027,0.010824762746628207,0.02759518350564796,0.028976754808930996,0.00646474492397354,0.010373890645614127,0.007065903183477723,0.02776849360533118,0.0013176822711727352,0.020047595827174285,0.030297768611971726,0.01305776014384316,0.18174401265408538,0.42955127441851393,0.003690414322952856,0.004950988071273654
46,0.03401083678325965,0.035985064533146066,0.04730065880299777,0.39358999484045026,0.019295614209867456,0.03938885077949252,0.015144886840384697,0.16245239818533153,0.01772562167178493,0.015059728433259891,0.04258522855018725,0.0421902961473859,0.004157171643462566,0.026867300158594145,0.011435025161120445,0.009842091340866705,0.030974226660560215,0.03094634802322502,0.011913143358330464,0.009135513876292495
47,0.01871771093945706,0.24208233804453674,0.07634395758351514,0.035487641458470706,0.05162336284279112,0.01553347073068041,0.014064087879475587,0.02600640295078253,0.01645214347643309,0.3210046413544752,0.008968184763592513,0.014027027648928032,0.013992307824673395,0.010838718695554991,0.029330901989109686,0.00518905118066253,0.006919264312925841,0.058077099101308746,0.026357566840920218,0.008984120381706498
48,0.041538400001054146,0.021929398965002102,0.007915962339057954,0.039841917709076656,0.033951657737417054,0.00703888272988986,0.03738488881061699,0.02006561523027805,0.3035418921838623,0.005520313553984257,0.021426268549495184,0.0905141762251096,0.05625866117659793,0.09317541633021721,0.023326029086867796,0.03554538059315458,0.05890806287869316,0.04307969795085872,0.047993625921951534,0.011043752026814893
49,0.010207480876592904,0.025266242606914766,0.010831375112471687,0.00936055561173308,0.02777900661955365,0.005450351331153817,0.023840475279597487,0.09966376825729237,0.01114248942870219,0.564989285673863,0.042541434952322515,0.005950898642134511,0.029984099374844142,0.01785762460911388,0.013831893555949703,0.008360062323741722,0.0149727591774154,0.04397227410069282,0.03233465839973341,0.001663264066177004
50,0.23580029331937172,0.26026812692609336,0.021509010844010603,0.025929909299349133,0.0009075434070735116,0.10529521124095334,0.011805919994449908,0.002278734136045361,0.02038618070692502,0.00421277478849359,0.01268038675306142,0.03461443286919099,0.035543123062583615,0.0733571563721753,0.01565754822345367,0.05347651167456418,0.06942867118021386,0.009224330183577503,0.004596122570166839,0.0030280124482471265
51,0.1283344609840054,0.026395228238679874,0.13122386020480803,0.04161221937084222,0.0007339456321419072,0.045661290714148935,0.01239837314150777,0.03204935437141453,0.006906084611390455,0.022432868002361883,0.0018879810961318,0.20512228227417686,0.0382407597488418,0.03428332695866024,0.056155442980789554,0.032512819771505636,0.13901545518025857,0.02469667865641437,0.004633658430405163,0.015703909631515033
52,0.029140764124717753,0.019009951138439913,0.008027894687369244,0.0027166612186815308,0.13632471396956408,0.059251117090183325,0.007640700576608083,0.016899268654645246,0.0057690190039582775,0.050664258563101555,0.015551953849969425,0.018139091375561772,0.053739548156251905,0.01563011460316963,0.006974053923841396,0.09442363704586401,0.1581106263979102,0.013104017810223773,0.014353962226189496,0.2745286455837494
53,0.009583843742318326,0.011776023914602295,0.08740941491380584,0.5499037548198946,0.03470640207610868,0.009049260115701464,0.005838977935988552,0.014649246862068855,0.05368057871109026,0.0285654589942053,0.011904952093557034,0.013604685777189261,0.020012845460729237,0.03527639192954284,0.009582356936315725,0.03012617250621655,0.01716725757528505,0.03867331560753982,0.012793972754229903,0.005695087273610394
54,0.3291020384305021,0.017650542429670374,0.008695307147652766,0.016888735159524184,0.03372920338010528,0.2762173400052094,0.06317489949366839,0.009745220466124733,0.005084864153308348,0.005817408665275447,0.008741617081524947,0.02477497259234331,0.008035236423534792,0.04171871030941527,0.012372743989641888,0.052043152918956954,0.019818616071518868,0.022305357023727802,0.034898713104117414,0.009185321154177714
55,0.012500755603998343,0.033466793089570235,0.014577043653363228,0.01748163819896057,0.005119493615441829,0.022953985717593803,0.0412165419881811,0.013507546869142222,0.04809349702358529,0.0649390115922044,0.020893140201604144,0.010627581061858933,0.004462201968926713,0.07332082294418184,0.5380450834520842,0.0212815586420389,0.017800685993797045,0.012679442891702477,0.00668961672674513,0.02034355876501954
56,0.007657490759791781,0.01367323262393805,0.008268682769635998,0.005685218552866468,0.018318912960442607,0.00585554002819346,0.02665178895707884,0.042681481008059706,0.004796055617217064,0.2866387104858136,0.11611233182305648,0.18971283397846087,0.014733128196845604,0.01096073877362956,0.004893829966972646,0.011574209877348689,0.14668190034324027,0.07981037739406324,0.002493834334409869,0.0027997015489352114
57,0.008332065199526208,0.001943090839766808,0.0030368793856869105,0.0020977660692345678,0.012395508204513845,0.013672082908423568,0.0019582186093092236,0.25797048674892775,0.004215098964363268,0.2035879336964112,0.025163668670550393,0.008163657729326469,0.008124128328625668,0.0070906776087277775,0.0013456034213009784,0.01033738733131353,0.005958877795228542,0.18566263356821336,0.011538178206548445,0.2274060567140015
58,0.003057469767381794,0.010058234877062231,0.017032016642061772,0.014962928376972207,0.026445825743559487,0.004722271172113793,0.03900682476165174,0.002137420637244334,0.14213999481392914,0.020521163599053757,0.008892120420801801,0.04361287513438044,0.009000163461348989,0.6310622450800583,0.005228569071450988,0.0035000727200197915,0.007953801179669227,0.0013490057713175221,0.0034780889717893728,0.005838907798133297
59,0.008611627555666027,0.010908279638503353,0.03195888534333306,0.011189481201116576,0.021075866089159383,0.0045502366625309746,0.02084751153181819,0.012957729145002915,0.038749408560206464,0.006882786051327165,0.03240105309884132,0.6838598855149017,0.008412067738129983,0.006251278193494886,0.01924549834509022,0.03068483243857771,0.01703335527767991,0.00514737745302521,0.007524706159929717,0.021708134001665217
60,0.02560608679982203,0.03970672749895558,0.006023863701810173,0.017763031111932462,0.011395609973784504,0.027742375848021562,0.007464111545798227,0.035399906705736194,0.011742676408579312,0.025997154074283838,0.14670373777315093,0.029971998803304496,0.036740611449229445,0.017785769408038745,0.050749393736669195,0.4341843635827402,0.02599196048575143,0.002699945120400374,0.037056142723559365,0.009274533248431877
61,0.003986009548295359,0.009700734037215336,0.0015243543083606793,0.005998948061595807,0.033102433208781874,0.001521846660459247,0.021937799717219666,0.39884061708568513,0.0041946980955744955,0.10971249391440112,0.05199442458121025,0.00636645187762805,0.0012685224557865279,0.003400874990942584,0.0030183187232632014,0.0029721649281117877,0.002970904927087026,0.2928406182039494,0.04237136893217564,0.0022764157422567066
62,0.05723121906373934,0.03414417837650518,0.004064288911011824,0.0034879810657455408,0.004378216968004284,0.006464003171080256,0.00426776898644565,0.015856029668514387,0.05262802615220719,0.008917857169562168,0.009790610442366893,0.017443016199428507,0.007505963945436892,0.03402032905516133,0.011810878836254275,0.3332556809087655,0.36042384026297425,0.008843344448946923,0.014644267697261987,0.010822498670587655
63,0.03743324126005777,0.023480112448830318,0.005128190133283227,0.006012666894726779,0.008245943075035185,0.002563909698465998,0.005107442028019803,0.4211894508424578,0.027665454626382972,0.05932549799060291,0.08409959382420532,0.004792002957194214,0.054776541342457234,0.033155474405138545,0.015218424846418627,0.002982591564377367,0.008152317667568245,0.18271463854066275,0.014680276900747089,0.0032762289533678286
64,0.007140234998908717,0.02130255141233883,0.029045581142000544,0.5610476264292175,0.01579054232678864,0.02337697471738428,0.002005486309521529,0.05413908813483284,0.020578598356989282,0.053565869688715635,0.007033110720417633,0.007627327530439382,0.023133860706414894,0.031197174856481432,0.026946234805460118,0.011466240394217581,0.006163745882584966,0.04141853390338102,0.017929646182205817,0.03909157150169934
65,0.01318030918287958,0.026535947244908237,0.01839613987578416,0.06898000516113927,0.0579413979640507,0.12027908574453804,0.00801519178036923,0.018617898621327636,0.05662194495564243,0.007208485926397674,0.00505982170964098,0.03983209767347463,0.010566633117400463,0.010579924838442707,0.48665505546337406,0.016239986131880397,0.01288559758558371,0.011614549473169344,0.007541810617632964,0.0032481169323637597
66,0.05097600482794957,0.02522747136141409,0.04907898662463499,0.09463983386605879,0.04559605730674339,0.013776774784638275,0.025927356599282757,0.025816689510712545,0.03558445032209991,0.030688083587080705,0.37104015413173064,0.013036593211984695,0.007499463841356303,0.023939151975578523,0.014430681259051462,0.011836635993433554,0.0393712290774781,0.04486910655038277,0.06635094748866016,0.010314327679728789
67,0.048522007932316674,0.03849770889529601,0.00995231539022646,0.04733203832920292,0.04296357754678863,0.03034470086834957,0.0498408519568249,0.3042389200045338,0.010016983859859361,0.043786212858011576,0.04794873431212575,0.020325494907018574,0.009345755409073389,0.050670664752887395,0.002151835808907143,0.021513211418487267,0.025086899956022,0.1318416065917129,0.024203032089960195,0.04141744711239551
68,0.01422739983143461,0.025703019909603456,0.011861995932626934,0.027349735253796456,0.02848137274391419,0.014609699248006302,0.006002542218946317,0.22887686010181515,0.01409938007101154,0.24635470951860816,0.03734896676321373,0.12335554208308101,0.0072650056847459454,0.042927422218921284,0.020636213597122473,0.00803539006890057,0.01817986530470001,0.0820070554178709,0.02820140171985938,0.01447642231182158
69,0.01700715981797017,0.03698073364359678,0.0036886597928564506,0.029692660744712333,0.02612840647441283,0.07764512648632876,0.051569621768318724,0.015560068320763155,0.034663004044782626,0.01775574295898338,0.03217960333038036,0.014400653507256974,0.01815168348384134,0.023191835484649925,0.01463071865932678,0.5043201725409517,0.0236693809399554,0.008107542848762365,0.02597607349768546,0.024681151654464533
70,0.29332155087066236,0.026244713825363804,0.0855961730664251,0.012089898822741097,0.006904734230722655,0.036105079650850885,0.002710376186602688,0.027324978598104833,0.0036468165034715993,0.024559480469530236,0.02039919382659009,0.00149318640420842,0.006183216001682226,0.003236731622118436,0.005654887993713201,0.1847325872723285,0.2208406522925579,0.02029217399006373,0.014550533921541828,0.004113034450720381
71,0.025215092259104434,0.01412863081116877,0.003275874423942826,0.005883498066228522,0.18133229532171813,0.0012785256411658361,0.014957106733063451,0.013478667419483788,0.0045004642169442464,0.05243644560571711,0.006868604106342619,0.04006873671033956,0.0007084703633758708,0.0028086677449513948,0.0009387883771698684,0.0071721109308751675,0.00928678048302383,0.03291879562138806,0.10772539877892216,0.47501704638507436
72,0.005189450920367328,0.005133485049697318,0.49245314436395754,0.10740650741697338,0.023239833051750817,0.014443668520082237,0.03551357408301273,0.0038091366203788666,0.06749124999909424,0.0040265680360409145,0.015482857477522717,0.017361005795868894,0.002586215828408459,0.011422763178053347,0.004574578157462749,0.011113073582624047,0.009634729653950253,0.08388470665093559,0.036472204336813564,0.048761247277005024
73,0.05811327242532995,0.16014065751085235,0.005771167897333004,0.039476686665726825,0.032459820374316856,0.034243521439703314,0.011278980225383444,0.008429835844561018,0.0104740656024976,0.12334865824596489,0.04558336952024542,0.014450248711828642,0.0011540590371664225,0.12452964044738025,0.01750665472471168,0.015001297122316362,0.05212247734424645,0.09766908800026838,0.013272356259485224,0.13497414260068194
74,0.020220915392503792,0.004545791971352858,0.002199705013226596,0.052985829974293464,0.008159913767572349,0.02330521231144009,0.028396281587761557,0.05867145688544558,0.37841825945364554,0.02107111493826192,0.0933528075955196,0.012863335898141856,0.0017624119270487982,0.010687639931820498,0.22760260801889284,0.021018013163832058,0.02433915328463328,0.0016164156170439547,0.005751769081845801,0.00303136418571757
75,0.023804435660796333,0.00655250412823361,0.14382961241741196,0.028624837728210166,0.005590076939702759,0.0314960115147185,0.007072264326974164,0.01543016342900967,0.027630586763413227,0.002801127635949306,0.02984388619441403,0.04306520162174383,0.006176811892934415,0.00953465343672975,0.49824075372508714,0.029662673021890466,0.012836442332178507,0.01931254765421631,0.05284775144781796,0.005647658128567908
76,0.006327204127010996,0.005821055436066796,0.05131256914567041,0.008196011087300007,0.005291394173918937,0.007834681564431767,0.009825203078462491,0.14807699585571238,0.019997405292941375,0.03158942502579953,0.052204439954501865,0.14991327601387405,0.00715237998158575,0.016698858437612565,0.0132277385305086,0.10128433688607244,0.006902326825956541,0.3254421863972234,0.005702993206872012,0.027199518978478072
77,0.03707926040481734,0.3212808109220925,0.00969772390516368,0.006916741960704125,0.0010325935206995053,0.037249250973130865,0.045599387802824694,0.00728435513503526,0.05586509801261422,0.025952326011102825,0.004212888720955515,0.013455160714792013,0.0020541770565238753,0.04779853442232755,0.08817499515757429,0.06287644609366427,0.041627672610232834,0.18051945573942402,0.002326401869495292,0.008996718966825334
78,0.014335132176007263,0.030289081397075757,0.004963673891959635,0.018151699527368968,0.1676299192068121,0.00394485076357819,0.3555283191204568,0.004569048098917915,0.008113371609272023,0.006760495028048062,0.011762869629764413,0.025220576235406723,0.0022201708527310737,0.006851791476458005,0.00399115937339041,0.0029258012632910387,0.004513179930916304,0.0050100470947216464,0.02061751527107189,0.3026012980527517
79,0.01656031440758199,0.02187606345076649,0.08242119662680866,0.010486497417386005,0.019317111911821776,0.009970254484832509,0.00382002265615105,0.05495159420473127,0.007848505297800729,0.5391689321403834,0.06731985975130712,0.0026854464290413417,0.015539868705182886,0.019648815487824944,0.005572432159073492,0.0058566457598971155,0.02790978709371086,0.05849527498523886,0.013632854499931162,0.01691852253052834
80,0.02537327225648188,0.004373501699016346,0.09176202399991225,0.23486411266035503,0.05645831127772555,0.03261066699381451,0.07015994288984645,0.03279659348048789,0.0219346519250409,0.008495806328974991,0.030816589885244952,0.018937010412794213,0.0005198954365866556,0.014654173436219978,0.012645949945494998,0.14945049996188445,0.07739902892277263,0.06423251408680414,0.018460060978807133,0.03405539342173505
81,0.0110098563931955,0.0657857629253237,0.0412895114699948,0.2838182807207758,0.04091278871709293,0.05936541317671406,0.042768363508170724,0.05983965186368743,0.023610229181913283,0.023712514765369445,0.003422052106803708,0.05599651465160118,0.0019586857873756243,0.014589877181868579,0.015577466351257032,0.01252351340297738,0.007148795189926874,0.13337698533070821,0.04906054004968271,0.05423319722556099
82,0.007040790167172377,0.01458876844536876,0.0024154990788273515,0.0010288952344978245,0.14361939123120984,0.0003977476659986773,0.04226436418639554,0.025462107103010206,0.01995300327708434,0.011708556270380156,0.06167889169354817,0.0742550386694073,0.0007350460848706403,0.24886503645432737,0.042510526310385696,0.06913568216982934,0.037545785106666854,0.027494357160262915,0.04860377899461854,0.12069673469613813
83,0.10903185980525945,0.0411807895170256,0.002537216394854413,0.005776557933254227,0.009948075558873547,0.15674867786177846,0.06537633688632889,0.0071008347602137065,0.01722252903771323,0.014078737710035896,0.035473884468769645,0.030696256047434384,0.17361031497092352,0.12785274934189264,0.017949073908316262,0.08814865289251796,0.02680595395365977,0.055330524258481284,0.004148462444378315,0.010982512248288816
84,0.1417289617712314,0.013697186238277174,0.0032297474379575013,0.002247580719721829,0.01133972119872003,0.07759508450156184,0.1002412719283428,0.026586641456383394,0.006174325741557172,0.06852423305740697,0.2602736221063069,0.0625378528337814,0.013242377421791778,0.035580570900365184,0.003309891484227554,0.09693479657448108,0.0487850407996694,0.022786480234750748,0.0033121421627985213,0.0018724714306672873
85,0.07844840733827817,0.03453797963782526,0.012883345120212426,0.013077966371705066,0.003914404126888429,0.04984117737762417,0.10057760721057409,0.027283609091166477,0.003702794426226484,0.007741182365691859,0.002468125995607947,0.05549856259436802,0.04551965085234983,0.13934061196278777,0.04299548312117452,0.06550778852892981,0.1633927147796292,0.01847844922734768,0.0010274676061168102,0.13376267226549596
86,0.02503611024179342,0.011951172859685184,0.00037088078478102513,0.00794702547394053,0.01253673568401407,0.047332708545538615,0.3202796142217031,0.004390685978273295,0.06726004944565041,0.04703951870573962,0.02298614232076956,0.1019964525070779,0.015299762709140132,0.14030654516513513,0.04450801190892024,0.016804688264795854,0.08167293056266907,0.0029721838494705046,0.020858904154511058,0.008449876616391292
87,0.004281657023499429,0.014160176563079708,0.01067615040110909,0.021650982891803845,0.003133651115121348,0.013053503594425002,0.004771517253086684,0.020320642304478956,0.5066289746377406,0.0062368311707548755,0.04714496546947959,0.06670476933115167,0.0037760416070797918,0.04588654590620731,0.025842993948456364,0.17474769843875942,0.004978141786688653,0.007871563465861693,0.014081765511201463,0.004051427580014548
88,0.0009302003778759226,0.07290022759530741,0.052025530713303035,0.005090501251095024,0.007918402376710168,0.001233573239938952,0.0024785792903953417,0.0016403670625869306,0.004200048680566184,0.011175276496234302,0.004457197063385198,0.7699742666143097,0.0001172413410107412,0.00137844313477859,0.0021733873281858307,0.05474483084158512,0.00040840013451553316,0.0019251811727419312,0.0008747063891077747,0.0043536388963663075
89,0.19474860994061965,0.09050316857018044,0.003090824661145375,0.003079870216629001,0.18259688828012105,0.06506735852664591,0.010935716791808905,0.003826945525601256,0.002929558706507277,0.01558449741732706,0.011060435944214048,0.006269018600813153,0.15966837491182348,0.009445682019499947,0.015861546065121686,0.031653364226872614,0.024064299802534838,0.01766162256517792,0.05856549241672794,0.09338672481062847
90,0.02364511567393241,0.005626925587805744,0.0023229426284600996,0.010314513265293661,0.00190875893095359,0.04673611737188325,0.15301933017229877,0.02016309812985424,0.1338259978916794,0.04270595842208983,0.058731721951742304,0.08788920783604454,0.0044002576992106185,0.06065432153389247,0.24888114946778486,0.020085919275839362,0.05778789346526759,0.01695508740017073,0.003142663732409302,0.0012030195633872002
91,0.0026526049591537827,0.0043695242823442665,0.002744223799125904,0.01465828127137401,0.008265061146715668,0.0030605137754232356,0.0038052486805985196,0.020870721486896407,0.31430845890398984,0.0025442163069390425,0.0058905836418256695,0.010469241888197062,0.0009612850781015958,0.005318001375566208,0.563306089526362,0.018237305160943667,0.0021819422677091652,0.001382545553288682,0.01221884492628973,0.002755305969155572
92,0.022034518020526223,0.030579636376533232,0.013134881741346374,0.00874769766894485,0.018753760057539273,0.014715399041866275,0.007204500203957679,0.014187155211996113,0.014694834002714355,0.013119334951009544,0.0668381494753929,0.14042502646341123,0.025660204278350862,0.007581347083153685,0.006021779251462847,0.0218528528217595,0.5077455826789665,0.006722659226642425,0.05263580192955411,0.007344879514871958
93,0.01746208979456,0.01078109244705618,0.004576567767186805,0.0479468061904041,0.007375165092073805,0.6529258015151249,0.01441483638050475,0.008376405139601877,0.007779003295401937,0.033906016900014026,0.010728170495175382,0.019720800392851897,0.006957426547795483,0.01898008470948603,0.01281042600691203,0.011501305568731681,0.0421028954752482,0.020814385986721657,0.04100784745298085,0.009832872842168397
94,0.01774349224460382,0.007842811041048172,0.052117502098509294,0.020556413059294808,0.005273125345143285,0.5516266411660327,0.015767777268009837,0.00577920273316966,0.023565712424838244,0.031098189826584,0.04855287534572232,0.04846027513551054,0.009806139443818689,0.01059641571068697,0.034897084604689176,0.023463719140766334,0.016912330867646,0.024212908616765658,0.010189173547441198,0.041538210379719366
95,0.18625085559840826,0.0065275164398910165,0.010811240893406867,0.025397746218132466,0.0432028082023874,0.030024043152706143,0.019692008531435493,0.021000967654358202,0.014038794564668266,0.010199809039175322,0.007145633085148209,0.01209255526874864,0.29784731565347344,0.005673372676186463,0.03161676867453136,0.17312398946964308,0.049584514506979184,0.011828784734027343,0.00869836015411055,0.03524291548258228
96,0.013269657033875358,0.02259673438822193,0.00490972471198308,0.022515258024826897,0.05722232615886086,0.002224124470879183,0.02380331091248734,0.37508667479059943,0.03656342086051045,0.055196043052130016,0.04869831725241521,0.011850976869391246,0.010809333015407239,0.00918354039851775,0.003219324995625741,0.0168215591739148,0.014701700264353747,0.23760166281586725,0.009865058929414883,0.023861251880717572
