site,A,C,D,E,F,G,H,I,K,L,M,N,P,Q,R,S,T,V,W,Y
1,0.049524085244926616,0.062005781557039744,0.05031425256924974,0.05693821017222933,0.040210607185704274,0.04846748727780505,0.047236895473674066,0.009414697775038752,0.051208888521672276,0.04885797765458857,0.09152725840130294,0.04629369343285651,0.061185332747446586,0.05301275554281805,0.045876493025079124,0.05220266555865519,0.027939548062457176,0.05750529363271524,0.05027399790934786,0.05000407825539291
2,0.6789824274510805,0.014754174026775545,0.003992233643631922,0.025774020610094282,0.006295556849397751,0.008796006494701584,0.0021905481289645357,0.004008482635826441,0.005675259358139168,0.003744342085113685,0.02688831958616646,0.006130009105998371,0.003045527072449392,0.003270234129546246,0.0019203582985985207,0.013896489082778532,0.011430348224581851,0.16550502420895746,0.009633821439490882,0.0040668175677068315
3,0.22417630164724783,0.030247173210502774,0.0037549490401951454,0.0030117932016778233,0.05353545591506663,0.03054104332908713,0.06135561366761399,0.05620019958548986,0.009596787982126674,0.07978351665147161,0.02112787315716631,0.12295658998831892,0.00964109587035776,0.045838618431627176,0.003822331221490191,0.11082387482641134,0.07498396318349576,0.012871899986206508,0.01033832196416858,0.035392597140277995
4,0.029921835564702938,0.030624419680554918,0.002281873517365082,0.019891721790215436,0.15950869468360343,0.004520648779272425,0.010140048184473213,0.07396414351521134,0.0211359218778176,0.045951958185902045,0.05419111239684753,0.14329587238766545,0.0009195705718817264,0.041950602757741554,0.0014600376529321376,0.0763834878122711,0.06150708462667841,0.058490779197489476,0.005751768986420427,0.15810841783095375
5,0.10795001001187883,0.0656450764621916,0.01850124761680312,0.008507377961626175,0.004979665037347916,0.36714158340088765,0.0036995963695583573,0.0049387296882041215,0.016255992475226813,0.002361249873431918,0.01861794472151586,0.009015091172162856,0.007100560819279025,0.003272687899948755,0.23659004786184248,0.06118626189921718,0.01347539622742638,0.016394044615585066,0.013667276994779924,0.02070015889108593
6,0.028672336670301328,0.0053976057964912,0.005790800506322188,0.005741626121590336,0.008629952439139926,0.0025158994566071347,0.00504784857754297,0.018570082711982624,0.013982543329915853,0.0016728218255685793,0.014867254323986622,0.027491064339515293,0.006836983204048644,0.0058574263751592975,0.003077977171308716,0.01034784417776406,0.8154132132699563,0.0024998982922728942,0.013608686971835584,0.003978134438690453
7,0.0017281218960136617,0.005821726982924281,0.004244204597787909,0.04932443763603822,0.009451637137567201,0.0019871410967860423,0.009346391895691218,0.019739905082031682,0.7886973503997824,0.00170594021460811,0.011035515747879615,0.0404500767266093,0.0011021052873002942,0.0078123488170922595,0.019986785534256916,0.0011241221059557886,0.004990878203760865,0.0032922733047486934,0.011195479568124379,0.006963557765041167
8,0.003667612458245538,0.015599634719324516,0.007238882133647493,0.004864203818844757,0.012376844280557879,0.01486339807834683,0.014483161148290359,0.0029398171044055284,0.003551765058583418,0.03251713883490613,0.0072978098021138195,0.009681937490008629,0.013173477015827322,0.025995216430842502,0.785452788551912,0.0020936995609760825,0.004554755064782661,0.0066522430791667265,0.02834653140952892,0.004649083959688809
9,0.05635729706939549,0.021251196557412845,0.0028235298900716873,0.004670595349233463,0.05309743632785417,0.004177773519465296,0.005018414247245365,0.04770302214069187,0.002779449368822024,0.055902794546242404,0.03808138032565079,0.06517675514112917,0.01752388884693165,0.017420098906425478,0.0025373578291475575,0.4934093276027168,0.06757336946608766,0.003185142318223304,0.010667162153922128,0.030644008393330847
10,0.01487393542531548,0.041390968155451485,0.040812726307180865,0.024665370172374496,0.06921543468222571,0.005988390049304948,0.17440990263426054,0.08200115237464091,0.0033082262111874252,0.025489211082577727,0.006160352818972035,0.05394508871577602,0.013552887258296075,0.024621074354801993,0.0010960333353445956,0.018320993775356505,0.024006592520009612,0.05745454140965532,0.004132020551423939,0.31455509816584426
11,0.01168347425139973,0.0051018535868242515,0.05902429778981179,0.5166258621838968,0.014981253224000478,0.12103336147747813,0.02190590457304845,0.011441916463077212,0.025917407984327664,0.0062893281999284525,0.03715515479034705,0.0067831931774657885,0.0036680696616988853,0.049245591893588944,0.02076257168445947,0.012362065270785611,0.005482224795432722,0.04066777337094176,0.013168712780137263,0.01669998284134949
12,0.08607467180400423,0.03644537748428964,0.08368921821848996,0.010727847213511037,0.008979825743841603,0.0063242190866638,0.08344673959984857,0.008452715290090397,0.15427444571264937,0.04298545055886069,0.03539938990139593,0.042343325394483676,0.0029959186184972206,0.08483781166630949,0.09202621469405833,0.15021139872426287,0.032910566368096694,0.019092275793198006,0.008043560037459528,0.010739028089988997
13,0.008597234574558747,0.01798637388954963,0.00886234402905733,0.015232599204792956,0.012877112147663062,0.019130216206909755,0.005101042979794416,0.02191992316142552,0.11164125724139876,0.02620549172465718,0.6420093452983406,0.017265178285985033,0.0031829794070616937,0.005181923509079165,0.009981865142517523,0.005109514697993912,0.020281039852042167,0.024569733960751537,0.009058165586663423,0.01580665909975752
14,0.005011460852850611,0.0022945740231867526,0.10425941552541222,0.1530500319573736,0.0031487151119587815,0.008296012102456236,0.008595052752495962,0.006737538524654692,0.0158565748898322,0.13083234323809406,0.01971526736557327,0.04603482409021422,0.0005047356259585147,0.005143370136969311,0.4548038111103066,0.007384877034244595,0.0006895572034316155,0.00946999220240665,0.01623568399365933,0.001936162258920755
15,0.033291990244968664,0.08417838950264966,0.028186725372770734,0.06007097097778728,0.02227385972466262,0.004434350554063326,0.10198797870472885,0.05087058233508254,0.017117871000073236,0.06076257242697724,0.02759338578382182,0.03568450893367343,0.028208042124316886,0.0052787678450771725,0.0035493072241366734,0.026659879800009695,0.37245253013036583,0.02273108843833404,0.007508707135176508,0.007158491741323856
16,0.00464135508005793,0.0411150734996366,0.38304722282297177,0.06326179300755932,0.15605834766271523,0.039644142014214345,0.028339734180514206,0.00857778064003049,0.005023338973566041,0.007415449610915137,0.05111794050629807,0.018234521400749673,0.0060323951447218485,0.021413193057174217,0.0018733225028276566,0.00682114782565261,0.08218945424043987,0.012321184818464611,0.03606697526099646,0.02680562775049392
17,0.0253475074376071,0.044648665956169356,0.007758893181112025,0.016478422663497205,0.0030411817312221852,0.2683499205453771,0.0316628773477385,0.0052871382831116455,0.08180337534089617,0.005571864717490906,0.009534532818815049,0.22857751494290426,0.05154684757952137,0.06916531496481597,0.009463216843349491,0.04499575100919771,0.03092379695859234,0.026964403284589437,0.03747336475912747,0.0014054096348646938
18,0.06365395061256789,0.02321894988744266,0.10425796294090187,0.12125821743073323,0.025067715620119713,0.015438916564831187,0.030222902025559446,0.23313224848948005,0.007422624143223177,0.01668853805214861,0.014794153839949288,0.02353659068835435,0.05397092847416651,0.04842455326253123,0.004735611847523273,0.028657583164608053,0.05287091288417706,0.09477818986332505,0.00903923538719633,0.028830214821161028
19,0.011449273549508789,0.012966700622310545,0.007971636438188648,0.14345391582940512,0.013745756623155216,0.01832552444796202,0.15264955137485323,0.009426278058195745,0.047328810420422945,0.022375860590598894,0.02033922080141203,0.005133639737591552,0.008621425365651459,0.0026675143739537106,0.4606411521535083,0.016804200909363198,0.015189636593435484,0.01823329203962349,0.00794113094217545,0.0047354791286841995
20,0.0023835056698788566,0.004869759348441757,0.009663931889150271,0.007753340455529525,0.004006161592556151,0.002076825419962824,0.022797956733049105,0.005540788027446909,0.009291515005710772,0.004530538284763366,0.0060621115361440695,0.0036874708585700193,0.27165081070428415,0.2927534289447561,0.03183548614624858,0.0035931731330656057,0.0031770735117260204,0.0017068510003529023,0.3103303965887961,0.002288875149566964
21,0.004169111097143915,0.11781224032104362,0.01788788522239413,0.079630766565611,0.0078756687455303,0.01989615058259619,0.014072471144298108,0.018219944334568958,0.07707906306684642,0.009670491866865681,0.014993520114734028,0.10027797133505073,0.0039265414468022146,0.025313204174857794,0.04521025644110659,0.147444702540521,0.2762072413973693,0.010960313975792394,0.0022265640594784173,0.0071258915673891535
22,0.0868879383887309,0.0021222585795628297,0.0010384277909554682,0.004268459141514373,0.003496773676910629,0.006925215113327497,0.016260737198752588,0.0017151833057205612,0.05401257840733044,0.001597046573398885,0.37248547876020804,0.016771689276398438,0.008989123007176249,0.0041746721125430625,0.28439529345973186,0.02505121084690011,0.027547951411938033,0.07689031584339331,0.0013920925710116118,0.003977554534495107
23,0.1257160875854688,0.026680373925966894,0.004467903104310928,0.058141844909331566,0.002795193701606337,0.06558860453408741,0.07740660547038855,0.010659457345448814,0.015361129393217248,0.019486905098386027,0.022866689937702106,0.037365595214664565,0.03686574504097823,0.03849342400683297,0.015199155637841282,0.26940214435081655,0.13122075352730356,0.024851339344043,0.006554312703625258,0.010876735167979892
24,0.2423689739251678,0.00449325800071968,0.04183387986154238,0.21571309452538778,0.008746035424042507,0.05284280040875513,0.005512041115237856,0.01822300985401493,0.02847278271847569,0.010885201392445379,0.04180028567890446,0.025514567279024614,0.0008555750966487358,0.13203892957205635,0.013263542160097072,0.005250452035919935,0.05184159543612533,0.08812937065403445,0.009718888227112329,0.0024957166342875624
25,0.002153895930797581,0.0038424651899657348,0.030940561484588895,0.0033111520219520118,0.20364845938761889,0.010114465394219348,0.02040349689662494,0.29156481003340096,0.020726403132233423,0.008089928158555328,0.05285877825933146,0.008086234427290926,0.05899472225459976,0.02969093601355016,0.05379926362746856,0.006058936139015701,0.08981666575124,0.09446819249733793,0.009393518901065627,0.0020371144991427996
26,0.009506984993544985,0.003130836657018867,0.01865121617510819,0.18481092543152897,0.01568819542190971,0.03704939199544482,0.008105773680973821,0.03577078042840125,0.04114152833521364,0.004698693109168427,0.033845863061772966,0.13511394252633718,0.0010426781016212008,0.028977776571750193,0.29884201459546517,0.007848950619202837,0.0668427808492554,0.007533890475641684,0.05031398449863781,0.011083792472002883
27,0.17076976714879,0.006725841310480424,0.01181964768490952,0.03153788020930897,0.0157250110453688,0.02003114320135259,0.08222311397170837,0.00990177714501295,0.25650312034719674,0.00595826701262614,0.0477460267231445,0.015994802446249748,0.0027962500778802857,0.045864000846800805,0.10932085838409258,0.03367424254495914,0.018801343362244143,0.03136504517245584,0.0199817542867055,0.06326010707871298
28,0.011718128131392407,0.03697623883656431,0.0021838514828957266,0.1556961658824353,0.018047058715382727,0.05561583723570693,0.04693073011235196,0.0018804409472015075,0.1818699577175182,0.000878165695083402,0.005429286096895941,0.3748355465521208,0.01315984970190922,0.002956860022400585,0.022660914008610852,0.05184764116792739,0.001678985061483901,0.0009213414288248422,0.009045144565129585,0.0056678566381643865
29,0.010986626389183303,0.01681414459964222,0.05296850955121324,0.0396679190044433,0.024101300125850253,0.028770458416610037,0.0019873083736388904,0.49901169503064907,0.008398326590928611,0.007616066196627474,0.008935801139697844,0.017292586674263043,0.002616950287670801,0.0034090941661061476,0.003312570853725698,0.00332046644808446,0.008891136203990195,0.18456970540860201,0.06886992093525898,0.008459413603814485
30,0.01921502537797304,0.006664049877164307,0.0066245380940291145,0.014739227910593962,0.02148841085943141,0.1713086888968521,0.0026066266718095064,0.1699595909434581,0.01356393524724949,0.0028763528049436248,0.022156637632142918,0.4423495618442649,0.005298240301077348,0.00269972370537273,0.017855354525349053,0.005590723603428905,0.003171979967483564,0.014600845648911733,0.04758270869236765,0.009647777396096699
31,0.018083751093597666,0.02169907340804584,0.02677451496673403,0.02840002803815184,0.03284923806863362,0.019274739408205087,0.011116236240811785,0.0171273440571905,0.43865726528669935,0.011559607922166548,0.054603832411989246,0.04666639959389362,0.010014014107694189,0.03508555225672559,0.1390166181338987,0.01301539461825323,0.0174437171196043,0.02852914995966123,0.021087179050390988,0.008996344257652616
32,0.01866891295976815,0.018983507792960094,0.04821928238992795,0.011378124668089632,0.008181354406675575,0.003342636181524448,0.005824208938445267,0.019928966225738698,0.021686587259342548,0.024754165979346397,0.5571913118051324,0.08783667302098833,0.01690828135486257,0.006767228145597557,0.029754342490914642,0.00590715460791881,0.041817209729573944,0.04425138740877155,0.01310948609893601,0.015489178535485384
33,0.034070006591774914,0.0380933272706941,0.017404849682109647,0.03026368350024246,0.04923249648876621,0.006648985187393821,0.08668468810249046,0.38120235936995367,0.005300328912156723,0.04832380887465054,0.05588438408279005,0.03435688193434215,0.020444437903946004,0.010585928091888604,0.0038545218464981794,0.014974492131909342,0.04916575714976891,0.09498284769380125,0.012336762027710758,0.0061894531571121195
34,0.10399555956570265,0.009767567690685274,0.09245934932642716,0.18263458321270687,0.08335351843918587,0.08740967975294801,0.02259243080221118,0.09646044343021885,0.009905488244961578,0.07582477014819729,0.02511264098322071,0.018603482873737875,0.0008782068750423423,0.010342045751521825,0.036403073146820494,0.026539589691285316,0.021882020311143835,0.05729924069709479,0.009447423929679366,0.02908888512720874
35,0.02845679762919392,0.011852179972300562,0.014132833778033562,0.042059170004947646,0.018066972065095097,0.4287220017039358,0.13841549064399794,0.02852232661591539,0.027221220281838987,0.01482201613339406,0.031397624726854916,0.019941506177812228,0.0058793613881903874,0.04279998012356624,0.037484446150710234,0.02842977438941157,0.012131192611338838,0.03082046036625078,0.016851332185301385,0.021993313051910473
36,0.012078007481257425,0.026867430620398425,0.3246051096552353,0.03721115008592895,0.03361328251215105,0.004714861000264451,0.00686426687432306,0.24808132065671104,0.01599021306846833,0.02850968230237434,0.0431680850561979,0.028451245915945327,0.007937984648266005,0.0068205330651137765,0.04223596715954118,0.01098770233329329,0.018784083047955043,0.04784314889663323,0.042852450914722146,0.012383474705219737
37,0.03797829208150838,0.19849505157702785,0.03785907617277311,0.05175951031304435,0.02611939511654246,0.37965396961527864,0.011977539932506259,0.028325879571035356,0.035615424222294675,0.0175461507784182,0.016439814823198215,0.008808690746075931,0.006703545581926438,0.015730687707436103,0.03223034544476477,0.019006901792091115,0.008552267638943237,0.035608199795066284,0.01837197755169402,0.01321727953837459
38,0.023365222129872694,0.026783439388893205,0.01214909500779094,0.01246067672835449,0.020316783036463393,0.04629466043918477,0.032010281324449844,0.029554450438993,0.18544133495814652,0.02358690704980816,0.049627143483011824,0.031817373089298856,0.005376784189447252,0.043024468829554435,0.30565591706851325,0.031194636227033078,0.034862046096736946,0.01206026093914763,0.056264752431420345,0.018153767143879413
39,0.0397893181383368,0.1810808403005903,0.005657193907422581,0.013455151513383772,0.142398217747186,0.0021611986615662,0.009435333639729121,0.014856462648295219,0.023094731033707728,0.00725945378356194,0.33990858119991907,0.007405639426063275,0.053899353483546165,0.03754555430785935,0.0034832464581522186,0.009751924973497502,0.016539546541293852,0.005326405352594236,0.02613840301359488,0.06081344386969981
40,0.0037861442655162253,0.03182809802121707,0.026009272854136442,0.019688669662218654,0.05994711754241464,0.010542040779304658,0.18855154722668988,0.010655817028560067,0.03191549752456047,0.01715461116284768,0.011311750039118058,0.036730408248218445,0.006380667347830467,0.043365291054247246,0.008690906912861911,0.012872154336216864,0.02719034480929812,0.003976753606749331,0.03212827848179785,0.41727462909619595
41,0.043897649494167704,0.0325719079018345,0.0060535680948955815,0.009606526010855937,0.012997246054222625,0.10323264222183698,0.020118211443783285,0.11096285519094029,0.025310128896617424,0.2275983303395045,0.09042917541050272,0.02041963471887478,0.007288372181952064,0.03962215179502097,0.046539072662129165,0.03149414113137949,0.10968214514475022,0.03177061246979453,0.016006693669010176,0.014398935167927066
42,0.02778186404627435,0.011462632887858353,0.011261424700300443,0.05050650769564215,0.012879309204754106,0.08771304366966265,0.03080681373991495,0.02190798362207739,0.02906734242530097,0.04970631910419102,0.03707201036386558,0.03193566924483361,0.012517314143049593,0.4761756492701798,0.031145302687017123,0.03172939369669835,0.008891657243145314,0.009111949452259568,0.01957429438897517,0.00875351841399952
43,0.004490598634261211,0.027333974072699288,0.008331013820412144,0.014220526415430229,0.022548304364344733,0.005201629916138094,0.017569527328966685,0.017924630413293716,0.05110031048415278,0.03596892158139934,0.23956720590273833,0.39074344387801185,0.003757665103554857,0.007182049188406276,0.005593410374524718,0.016686686484184542,0.020138342894282953,0.06165591607695381,0.04164107801121626,0.008344765055028177
44,0.035032447367838754,0.1686191940405836,0.012642434378816656,0.010102589952880738,0.03344578769888942,0.05551617821196044,0.0072634483293431175,0.02534645501679579,0.1809038066448731,0.04626446488279759,0.034418082639490095,0.0196814151423277,0.006166709822989281,0.006608672910088658,0.02293850140445379,0.007326852765378793,0.02389325843698801,0.22965028059849496,0.05081209689198732,0.02336732286302215
45,0.017532915128845382,0.08214152859405449,0.015529023158142242,0.01045817585840571,0.01210858730049116,0.014986031914174688,0.020804263273648406,0.031598821821000184,0.010330472522718053,0.012564178058445143,0.00893673029667264,0.03332454308221809,0.020463111666394484,0.02304736570761773,0.030249092011399158,0.01656808067148335,0.2591479003505036,0.3560718094191114,0.018164002868761346,0.005973366295912689
46,0.04110868081921066,0.04097124130469995,0.050256513822119875,0.3903304140578794,0.019494322981102846,0.036328933877379684,0.021215677936393094,0.0862439652283202,0.018642411973516456,0.014969175332715858,0.02909846187832448,0.08028752997553759,0.008654715998056686,0.033372764541067156,0.03941465760625457,0.013331692618103533,0.02685538853956909,0.020667813651518617,0.017080711214441918,0.011674926643788369
47,0.014516939520606897,0.13164590935424025,0.04612503120965651,0.027126387270197727,0.047207906453217666,0.017274169244360583,0.029742582927675985,0.028896355226485308,0.015515387119842013,0.2673507859963733,0.03511441488572507,0.01524821806745539,0.1593446938709175,0.018713462639187578,0.019860858340917886,0.009867753718867608,0.012357229675387063,0.05246164596317966,0.034203469050430535,0.017426799465275474
48,0.023047075905337902,0.029333360896474606,0.030538562227127922,0.029718419497367882,0.021522690034087615,0.24604254264678763,0.0244746754737693,0.01806741101548242,0.20763352220912673,0.012262939502418128,0.017309509118974498,0.05595654613023092,0.03195848951100457,0.053960171489550485,0.027547432935433304,0.04219910445945812,0.05013166781896877,0.030567683310742666,0.0335026705975195,0.014225525220137005
49,0.009983276039736012,0.01660017166693365,0.019120744789961803,0.02255075806538483,0.025267365615343054,0.007737081915984363,0.015340620861975067,0.0778297887752928,0.009220965341537006,0.5422426034479491,0.03433959209159708,0.01819395832036815,0.019403737584338013,0.020239650435022856,0.013766736030124078,0.011927334350234162,0.020012434415998846,0.08741295800939346,0.02404881633790008,0.0047614059049256585
50,0.19068705582291912,0.16524232103643377,0.024349484459396012,0.01985830480603875,0.002127156355107016,0.15200960730629154,0.025670306164793953,0.0022579601954830935,0.04026846123257512,0.004086900890783935,0.04311502945026968,0.02566940758873441,0.06001708488628183,0.0567460873722198,0.018812651301902503,0.06340683241170243,0.09310156909081933,0.006681012743340667,0.0036956369135001895,0.0021971299714068676
51,0.07937003807003938,0.021310227385466514,0.10885722748684465,0.03702957463418676,0.008002878273793528,0.0580299116552086,0.016988095102626118,0.02407850676365436,0.008096268394711842,0.016354938521137213,0.003984200308787697,0.32237123192001965,0.039347131101381785,0.03232730024224571,0.04278779436802695,0.03300702622977689,0.09305066026547422,0.03219623886740998,0.005904514695303189,0.016906235713905014
52,0.023278575721453795,0.02364954602928468,0.006746014462786559,0.002957566738090258,0.08731564879362161,0.03753324526856855,0.012843437879321646,0.009271171231380644,0.004685939715542489,0.02714012432228716,0.09634283326009976,0.01812958603430051,0.027265709576327835,0.009409437783113392,0.007675454817674692,0.05272560255486365,0.32304785472647857,0.01211300295046697,0.012935273788087127,0.20493397434625016
53,0.017799170068000386,0.008818084541403105,0.05388771843777019,0.5440571963922525,0.033793324847220835,0.016923425310276793,0.007671073722210839,0.04982339992622057,0.050770729390166136,0.03872913202432128,0.019008051389588623,0.014492776078941508,0.01137731501786409,0.03707746883708617,0.008229848148714214,0.021332460487768844,0.013206398394539482,0.026188758523451067,0.01116397211062073,0.015649696351582584
54,0.23046441734225162,0.013516283360674803,0.010692093913526306,0.025064258845685354,0.022157466977225322,0.26355935632921224,0.09506796327511052,0.007310790489981592,0.005427235429013742,0.00888085173134561,0.016641710326743876,0.02618484723018398,0.006468993483204167,0.08791620994113944,0.037792989864770005,0.04599257555856512,0.04229376166444714,0.016203855792205443,0.030036786527524714,0.008327551917189011
55,0.016312647465570478,0.022767583245812777,0.034218892527563764,0.01448193449329144,0.007518207335023746,0.020636072983547395,0.09908869967387471,0.011123333979727843,0.03462092652681236,0.047623825985938666,0.018629643930711884,0.01519891897677527,0.004928563314022643,0.05886456596116206,0.5163261443266548,0.02367905145116503,0.02192511979601755,0.00980906999247987,0.006379389125488376,0.01586740890835932
56,0.010487090057426332,0.016273271572563978,0.009319859606050597,0.015481606737551465,0.014081980638330297,0.08018513823175484,0.024608296988664013,0.05505265256007011,0.007076057404885047,0.34530767181227595,0.07478193955076015,0.1105814721654657,0.014952522000802408,0.016584060876449584,0.004292075285367866,0.0125150667447669,0.10653624988760979,0.05274469597799089,0.018735286598665468,0.01040300530254851
57,0.006524729779558458,0.0028480387028912276,0.0065929776931688095,0.0061185751233474635,0.02190841869778933,0.011017220432119482,0.002509052944122571,0.30184789006299295,0.009411856800118997,0.22279458696933363,0.028702679687217465,0.029223795873909664,0.008450161640555294,0.0084394100920038,0.003973075431924891,0.014219060001109448,0.0073575968967355436,0.18055879474979103,0.010088427831138594,0.11741365059017132
58,0.009539623353514385,0.007199904947607363,0.033384049739872516,0.018136889309560245,0.05545500152271428,0.007647894889098108,0.027200438782706726,0.008359228535658332,0.09064641111827773,0.01687452705359429,0.012979248839495625,0.03313478262294796,0.010756594016060175,0.6143073343704852,0.020372553933973015,0.004745653485740132,0.009945077953693964,0.004897488674185291,0.006157058608151629,0.00826023824266291
59,0.007324499637862408,0.007706602786698582,0.030801164988852846,0.01846939840738463,0.01684798370704455,0.004158665112311027,0.015068884010492667,0.016318734404197857,0.07094799653423285,0.09146012112381396,0.02880229341572929,0.5825918192295397,0.017395367502994155,0.005070059112831521,0.01783768393445265,0.020774415077801214,0.01704007458299566,0.004817485286137419,0.00772510572007401,0.018841645424552987
60,0.024218238643355885,0.05391667527553531,0.00819814207861747,0.013130141262572375,0.012879052233573522,0.03857531265773916,0.010514696396927746,0.030065990911623038,0.027252336419818467,0.01768102787604042,0.0980557310699453,0.02696232032486979,0.02043217562002745,0.011383248160583897,0.032201209306468984,0.45923376677478767,0.05492892817301749,0.003513463561058882,0.04946411244393249,0.007393430809504624
61,0.0033429710235714375,0.049138645148533826,0.0018347506330889708,0.02289085640724326,0.05433969300010073,0.0044875257805553756,0.03158438185035577,0.24001384016343047,0.009774638611604795,0.1367069231276474,0.03513584925492792,0.006298680772353505,0.0019125317729014137,0.003795098716797116,0.015628271705309244,0.004310292696238547,0.008091273008675242,0.3177755654159353,0.024630291016600154,0.028307919894129483
62,0.07580972781624479,0.024034204414137953,0.011471555125314793,0.00869692916391117,0.005185524376500831,0.01074570105874732,0.008282681931673488,0.022558587087960234,0.032139700547627256,0.00883240384332538,0.012643091537210742,0.017590385542062218,0.006503022484586299,0.02383576520330489,0.009538504520096202,0.33624845992183483,0.35273371745470894,0.01155962124912329,0.01410642439400548,0.007483992327623883
63,0.021746836433545726,0.03283169256049339,0.32262878335068723,0.004482883072082674,0.008712918282844841,0.003410355381205784,0.003665811368149997,0.2776709316774053,0.02031321794225422,0.04288048413024531,0.06460007376477447,0.0037923898875901457,0.029149426538251352,0.019922011902067792,0.00962345713810866,0.003377131734909752,0.007560089851035493,0.09893989369576302,0.011993423556097154,0.012698187732487686
64,0.017471921650675966,0.015977817118012688,0.02307961526444748,0.595492277858487,0.011573902086550408,0.019935152615585854,0.0060931238897472305,0.03667153735114253,0.02906329777464577,0.0322509589346453,0.014450017870098718,0.00846829262580737,0.025218309005792507,0.03699631114213876,0.021696452207547595,0.011716542526343222,0.007261238798168014,0.029743713391609368,0.02848410378117467,0.0283554141073795
65,0.010162851238315555,0.020003635488812718,0.017068895818079147,0.04068411936994781,0.040464612051787766,0.07511521634130876,0.009878033746346108,0.02318356015961601,0.055447924807776425,0.005752736185867887,0.013235292440404755,0.032404735856803674,0.011449677648566262,0.013420013555629738,0.5668303732257339,0.021706379742358575,0.0135463381096185,0.010837497040097965,0.010978001912027077,0.007830105260901369
66,0.030527245190760638,0.03595246774753224,0.04805265866652316,0.06933785378562436,0.03566936362989622,0.02470740080194387,0.02175399272927992,0.026165919000569575,0.04098763788013992,0.03483762405018886,0.36700147642960324,0.026618619276862536,0.01764118234608897,0.033069838942145866,0.025392514771182217,0.011672924691803654,0.03307678390902059,0.0471673555408594,0.051164489130641325,0.019202651479333404
67,0.050541738827598603,0.037837241571384586,0.015071977870225838,0.047667848932958605,0.0435435358120501,0.08946797306922301,0.034909920983286664,0.15674269895252382,0.020785956738126155,0.03258790146495091,0.048145232995550985,0.030666693751140728,0.01176870503557561,0.03446483104778357,0.006126728558334082,0.03554293375254955,0.03882895567907252,0.19936631971180058,0.03682797518537108,0.029104830060493
68,0.015610723328816387,0.03676875325077832,0.01614869694093435,0.020059796170971953,0.06448926034429057,0.02619472391695056,0.009780274660427038,0.16838622328396763,0.014408556180505565,0.27544271963987776,0.05245101446100932,0.06955978652741054,0.010691493681697264,0.030179332241046904,0.029743555110041182,0.011097166890323204,0.03612918456685549,0.04965292544558692,0.048671827159859404,0.014533986198649606
69,0.028295020906614655,0.028016914754608595,0.006257472550768438,0.033255520025348234,0.037767738607923776,0.11305972550244632,0.028824790310876786,0.015090966134318594,0.028834123488764116,0.015476121114525006,0.0254706523861895,0.016687004143105637,0.018011407180270254,0.015203997995099354,0.010832215866955874,0.4893360602584231,0.02045079614313878,0.00745404173560082,0.039018085616230894,0.022657345278791364
70,0.398156886089132,0.03547911680956206,0.05462802933801428,0.01769628409613595,0.02078896044641192,0.027589113239135335,0.007928822583341147,0.02316615127063501,0.00453151408757732,0.015512418978973997,0.01600992377883908,0.008064375298704591,0.012187690895780805,0.012539384093964559,0.004055323242391306,0.13698548183055614,0.13756176104213313,0.02508452433706417,0.03758331583648904,0.00445092270515819
71,0.03736900670804714,0.027330220466205542,0.00844132563491431,0.00764400591966164,0.30047618309141033,0.006259718501288429,0.02902219137721537,0.016427040660292973,0.007988872747879648,0.03415219675685691,0.021103912897545374,0.023630092519421397,0.0032015864344403138,0.011967222490474647,0.0035451137661204205,0.01937283256565417,0.008265583374401735,0.031950227029952594,0.12098482303355726,0.28086784402465986
72,0.009174986932831329,0.007817796070641377,0.5449570697539701,0.07249302703467897,0.017719736660295526,0.02790156749683175,0.02579924597116274,0.006485384549737887,0.051400823144642796,0.011150630443195083,0.019321622832986794,0.018721493444200054,0.005016746409793123,0.027397507825812982,0.011603810101357059,0.008063050495939191,0.008677802987083491,0.054161096191048086,0.030405315266682754,0.04173128638710896
73,0.05751270170759859,0.10336030869366311,0.006453443611147356,0.05280688835474452,0.02313691346497859,0.029328945888689947,0.03707802313961438,0.049783503265687326,0.02254335369212348,0.09713052742090106,0.026140068227900853,0.028096228054757928,0.0016559467737833327,0.08422384687530902,0.023456203568893705,0.060891981269372134,0.1112298803098998,0.06222510215840228,0.018610341853709855,0.10433579166882273
74,0.02850117628635706,0.01474024249586767,0.006091851017414644,0.04684972041574126,0.014193286313730364,0.030214024105350755,0.0903950580188733,0.03680718833779327,0.21173072780875482,0.029864503704189062,0.05690049104745328,0.016307500586451373,0.012973959215568128,0.012688791104117062,0.30568441614852176,0.02284113563977838,0.020646805258466197,0.007057571553894371,0.014600439256657917,0.020911111685019374
75,0.028660012354862978,0.007026634092748797,0.08492192128227023,0.034994675407818615,0.0067527918559215,0.02100596777049827,0.008359034606652457,0.10310968031902608,0.042836526202981375,0.011959947676078338,0.022002121431320295,0.03364678683877543,0.005977025176335588,0.017189973750402814,0.45349405736676096,0.02773354991142956,0.015662791708064318,0.014020354635164411,0.05269673890842798,0.007949408704460023
76,0.030957171389092424,0.006631509943593768,0.049341844236839634,0.019974383510430647,0.0057625439319171756,0.009833622623294623,0.013603695908718284,0.09328407109825125,0.018418195852679793,0.03141498333716189,0.04024304838604952,0.1454523935850171,0.00577039285527536,0.019944266939309098,0.008607058846825003,0.060799258964107525,0.011345953004876739,0.18332892434417483,0.20857627280591615,0.03671040843646915
77,0.02505453739285866,0.18484196687470233,0.006945903598301654,0.008320689992193304,0.00349283115015647,0.037640980334320596,0.0891233074410176,0.046927079802004626,0.05085882206082728,0.05715039555619857,0.0064621379569963725,0.018504698156700545,0.0017093658051628106,0.02732833862765304,0.18810709500890155,0.048030855935708716,0.023311432634057345,0.1678339504250292,0.0023620117977856112,0.005993599449423739
78,0.013913273218710717,0.03629180713623764,0.008881725679383586,0.014204126278024112,0.09162925881007311,0.013142470759907382,0.38483993928651594,0.009979691219081033,0.010101991232514087,0.006961508856964385,0.00838840194979715,0.023004623715300807,0.004586085491852571,0.007121593851383749,0.004567560841738255,0.0057508437269540615,0.009091983219458364,0.004953674387964527,0.06421530455560347,0.278374135782535
79,0.013657636738542093,0.027400599379510955,0.047782201321819096,0.010362872143186524,0.01975775974610023,0.009572721475777458,0.0074451213932923204,0.06002138484091377,0.013270940171980865,0.5693143937881827,0.04681678782536981,0.0039316158542680455,0.020155126166394075,0.02742212715400845,0.009600852409658703,0.014973437010447706,0.016656121332840015,0.04563292294968869,0.02266778847732665,0.013557589820691896
80,0.021494204542367362,0.08557137884549208,0.065439505829443,0.207112854996995,0.04526982964194202,0.06136144174271463,0.04479850513079095,0.08030596139580677,0.020559110793778312,0.00891448256010599,0.017509667948022223,0.017592500754385773,0.0005830880943208368,0.06566558100191416,0.008094358200781304,0.1020968784622959,0.053488644146872134,0.058861322996197105,0.010985295443205858,0.024295387472568618
81,0.008746103783615096,0.0508480106511304,0.04714144429803652,0.25739075454166926,0.060807827266812844,0.07255520190727119,0.04266485185092149,0.05362201368999262,0.029842682328128173,0.02258364382999676,0.012847553373539834,0.05085954396494727,0.002500269000263298,0.014932597400927491,0.012747316035723221,0.01551652818089358,0.012382564911424998,0.13731499225419935,0.03412489688740489,0.060571203843101704
82,0.017276675344137234,0.07274304071932755,0.005812974823218841,0.0014974600180653668,0.15935315560753657,0.0004992893916856893,0.04200982787234507,0.014241935701037512,0.02534678305969344,0.00915409730602229,0.04168964529718179,0.04577952880258595,0.001137633665027004,0.1881153482770864,0.03978759946369706,0.05988785313137441,0.03528316537938107,0.0171053268307117,0.036188814439053446,0.1870898448708316
83,0.08910102511144906,0.054055944309775485,0.0028826966516744784,0.01156046309169494,0.007555455063906178,0.13242193568357596,0.05097484898896033,0.011170144493649618,0.013349105649757984,0.008883470985753825,0.02752508924231436,0.08243021427630767,0.13477900766745232,0.18861578441081478,0.02655968626993379,0.07661773457543662,0.03206492372307737,0.03471360320407635,0.003374764469494894,0.011364102130894005
84,0.10611246694485713,0.02215267455085566,0.0020753538965917386,0.0014276396909372112,0.00778730743627519,0.07291125707355303,0.06843841155343548,0.07709905880538853,0.005691249528212605,0.0748888324665406,0.16826760742276992,0.10891748518453398,0.012285379847903446,0.04369272581688215,0.0035896189654627195,0.0741124693784225,0.06683187209171426,0.01734116142317217,0.06393765757540883,0.0024397703470828763
85,0.07854635059128355,0.020264348183611766,0.01004405327522127,0.007847248581079023,0.0045011614772606946,0.06184808539811465,0.1068773472817752,0.04357958085092764,0.03169490927751063,0.025080024470589872,0.003585452223465577,0.029442327325475484,0.06050015394727715,0.0877217285079344,0.037759188969300236,0.046909907705084575,0.10939842012677045,0.10972063296948324,0.0041941922735409904,0.12048488656429357
86,0.019567633987078538,0.007389954256763235,0.003465565569449816,0.007321552193350362,0.03446514556889068,0.04344528607516954,0.31811142437866213,0.0026944835790227396,0.12835849195453977,0.057326443529050745,0.04112234718888487,0.08574637480938685,0.010813132655895551,0.08986326549854186,0.04286655922677411,0.019447136540289962,0.05642808506903266,0.0023828578437773288,0.02210954239198168,0.007074717683457559
87,0.003111770867929229,0.022579074459109595,0.008569287593238033,0.02424562378834083,0.005362045187670293,0.010288374774194267,0.004976688057974667,0.01781322360667399,0.49024451403012137,0.006388064889425518,0.039317568661421706,0.04111295718028883,0.0026457660467172207,0.11870222293314563,0.024081389195662675,0.15432411769411208,0.0035043613179922663,0.005101342021129461,0.011795924954535266,0.005835682740317108
88,0.0009842542642223369,0.09918782798384085,0.05152898396299361,0.004795550974660185,0.006200353531247445,0.0015223924435179106,0.0058026980321198626,0.0015791326283361678,0.010211802777610657,0.009915876854026437,0.0026285235203825155,0.7646986566808097,0.0002684323432625285,0.0012308602910228192,0.001740331791265632,0.02970287963157047,0.0005961346758787999,0.0020874293197796854,0.001266862006952447,0.004051016286499906
89,0.26108569508700497,0.08784715035952695,0.00805933660973425,0.00372682047468606,0.15919806746434925,0.05308233055633246,0.017009721109197278,0.004464979956678564,0.002828401229548543,0.009386506663962171,0.01309746349966968,0.005758112339852935,0.15213358964587448,0.006574596774432227,0.015508339397320128,0.042989979120134435,0.014698462903724955,0.01219700567440661,0.05868044192552849,0.07167299920803559
90,0.02801414837788041,0.006389036366090243,0.0031816945791194057,0.02885013222612434,0.00267061989308185,0.08072808311966846,0.1628234590738711,0.01209754821000783,0.16226233503382398,0.02817625490370035,0.04243935150051661,0.059322175846804506,0.004011225571428103,0.04221063800674904,0.17061491750898206,0.020612875497040484,0.10546939933006176,0.0143487029380059,0.019721486501252453,0.006055915515791084
91,0.0035146604026769575,0.007153780853068382,0.012105019101375524,0.020605019168310916,0.005506413985242693,0.00255672785742058,0.005452334606994316,0.015180137114233626,0.3086053507488418,0.0025120253106812093,0.009281411480383575,0.01655400738566813,0.0019479909497436471,0.010410462023707955,0.54607133585197,0.01183325303904504,0.0025077096355176787,0.0017750652670740028,0.0135757224486407,0.002851572769403366
92,0.03559432665567547,0.02500436712936617,0.039205197124562136,0.017442540739338194,0.02460094986524778,0.016665110616236295,0.015796179577032624,0.019840472399948114,0.014307964998764033,0.012146119414647525,0.04179921853748168,0.08138099544232934,0.018758805474934047,0.007920691031743626,0.009706818067803963,0.018906114427722425,0.5446227426766401,0.005895636804641991,0.040149898275001816,0.010255850740882661
93,0.01658165495587437,0.009939638847377714,0.008160746033939938,0.03962058880723991,0.00993410714204624,0.6093180569559502,0.012411675696658886,0.015011488237652078,0.02193020087867582,0.021997354648444017,0.04414498416237947,0.025970903962887246,0.008173941773584421,0.02891030782598658,0.015139253568313686,0.013925735145455824,0.026807930988126973,0.01926521743066878,0.035208351479695976,0.01754786145904185
94,0.019218376259605686,0.012939208933516591,0.045360154373808206,0.02398013266905813,0.01773705160978343,0.5613712254662708,0.014560943794383453,0.014992825490739931,0.03039454615805677,0.018846183742083623,0.04305117295448393,0.030977868895006373,0.009507806620745192,0.010268950193583468,0.03276122624341875,0.019091871893839915,0.01686361459184352,0.03131829361438786,0.015415390746615508,0.031343155748768906
95,0.30564115604145,0.030313023220858916,0.009109889922877501,0.0783925564175382,0.029101865527515508,0.023536284095856633,0.01456051324141895,0.012820726794168364,0.011154227249004854,0.011166163684846374,0.012586872350722365,0.008723354840153354,0.2213060293019476,0.0134458647430651,0.021559284103122855,0.117217672239109,0.030769099304056958,0.011988346393977126,0.016946455222799445,0.019660615305510873
96,0.00948326659001053,0.014978478802061556,0.006484854198438372,0.01900900374498424,0.0356659665111258,0.008498281616397766,0.01660192821135089,0.3118540167486483,0.03090434307941431,0.11575071527628569,0.04812828303039196,0.009123814559254458,0.007128944537547966,0.0066961815702921675,0.0070799965320326045,0.011960199571116919,0.014835073419934026,0.2859631634135017,0.015603334291971463,0.02425015429523928
