site,A,C,D,E,F,G,H,I,K,L,M,N,P,Q,R,S,T,V,W,Y
1,0.05875908614777459,0.05875908614777459,0.05875908614777459,0.05875908614777459,0.05875908614777459,0.05875908614777459,0.05875908614777459,0.0002097551630647481,0.0850999652453373,0.006007737724493102,0.058791381264807464,0.05875908614777459,0.05875908614777459,0.05875908614777459,0.05875908614777459,0.05875908614777459,0.013040351086524543,0.014223603446928402,0.05875908614777459,0.05875908614777459
2,0.7096593421160886,0.004455018818824895,0.003521280510093133,0.0038123126790675626,0.0056039915688690925,0.0025164532352678925,0.0027581547029522065,0.0037590040888335974,0.007486419908013133,0.001767909891781856,0.12726913843622326,0.00848460922908155,0.0008083223117978826,0.003204618593717851,0.0015176898961730197,0.0014298820006220234,0.0017556250453656579,0.09711588300431023,0.007954321152263952,0.005120022810652659
3,0.5957057343484974,0.035776486706265376,0.0008225879419263876,0.0010768423967036347,0.04253636560495351,0.029613165909349953,0.021058948916014914,0.022703427197168294,0.0026618576098292094,0.03839312030373411,0.016921809091057116,0.006909738712181655,0.005778556750582049,0.046212474154501276,0.0011500258605572796,0.09382258422036764,0.010798531189862026,0.003121527295611952,0.01822348671344613,0.006712729077390204
4,0.017354418323880367,0.06240909281643516,0.000260797236375209,0.02221853922996009,0.06663793943027203,0.004544593929787901,0.007758286022299873,0.06816912028138951,0.004551371605520108,0.037509427315382454,0.04363198415077335,0.2486862766037685,0.0009915376954981923,0.04496846636050336,0.0010788374497717498,0.06814086783881433,0.04969685761293014,0.06517769606316344,0.00468575254366447,0.1815281374898098
5,0.10011877186285098,0.0021431741261086854,0.0027277687641801087,0.017937553681627267,0.003623323547981429,0.5838948957512973,0.002589815452728733,0.004776395493957517,0.04326115887921871,0.001581679918297685,0.04596498130916988,0.008171552232741311,0.008703428413570628,0.006938110386289793,0.10457564228926125,0.0011203161129382335,0.030826813812137883,0.002611439144115753,0.019353676340703105,0.00907950248082368
6,0.09041562979862358,0.007216081913578273,0.005092122900193088,0.004695030747425737,0.00787320540722162,0.0031590021695642304,0.004993398391397791,0.004447927725058596,0.011901357010916403,0.0018954013017385388,0.010888475563178837,0.002954082729586048,0.001174388652538241,0.004110508847143819,0.0037768144019882316,0.0018207250010174978,0.8121116637300001,0.0028273942070132898,0.012798122627880153,0.00584866687393606
7,0.0020781646247145743,0.009524921196608468,0.004718768299237222,0.0824734309980338,0.005590714615400622,0.0025028990005686483,0.0034519848632003835,0.005211309915673586,0.8164208608041876,0.0017117067787542257,0.013021411256122965,0.003793752143284154,0.0009184745439586735,0.012779079172937635,0.002545784028958886,0.001142990543593016,0.00123828141266776,0.0038680136600085053,0.015826022911287915,0.011181429230801244
8,0.0038792464894899944,0.01334917174324498,0.008327923656336318,0.004538718392703294,0.005818869734234993,0.0033212061685531395,0.0034521860280529804,0.0029376818075749476,0.003998870830575589,0.0014904535500026377,0.007147588020005186,0.009455663318131859,0.009360878954399963,0.027832471686670655,0.7186107934963579,0.002120896445188455,0.0017423981156921195,0.0045615260228173814,0.16265021935817778,0.005403236181789636
9,0.05503483325306537,0.00794748499468817,0.004628710105359622,0.005610557703466208,0.03621505916256581,0.0022107272145001178,0.0029505721787152963,0.043129690190140964,0.0035266362707501876,0.018313212897654127,0.04003208739770482,0.11773539550042934,0.007806496391066386,0.00396039367303497,0.0014901280017254315,0.5848775248590316,0.03580434971483555,0.0017482460934988245,0.02468645389525131,0.002291440502515841
10,0.002470388596669816,0.0019847472106645386,0.004283664359718103,0.003433840149371045,0.06116334848946068,0.010215085112545442,0.4985966498679423,0.02191812861300667,0.002274066324086785,0.0034722296876226366,0.006867680298742091,0.04196613734220301,0.009503598467286108,0.008807673449436159,0.003386430127584856,0.006318236913720862,0.011140321095287741,0.027151294204329192,0.0036530214355011124,0.2713934582548208
11,0.002607071122048798,0.00866249124736973,0.015327562799115941,0.7379553709950741,0.009355490547159308,0.037828818300730316,0.01169800401638777,0.025991967975105168,0.00480895497205685,0.0020383438062933873,0.02398843730040848,0.009644835615628154,0.0021606213734779,0.01463888337194787,0.004112303537212882,0.01099504622683916,0.0029144830364982266,0.017484786778626783,0.012149987723583517,0.04563653925443564
12,0.2446375533266798,0.008900125770424157,0.038095283767995244,0.001430650989497336,0.0017209195890213506,0.0006375359584834836,0.03878027068843618,0.014701298864558517,0.0007336446757383107,0.07939077520526919,0.027319569346152196,0.04128529028752676,0.0018289136100948188,0.17340469006871273,0.13741740677440525,0.12402528240744798,0.025625280532089786,0.024270334419509168,0.010473805032228656,0.005321368685729076
13,0.00205972358582102,0.006781038039034139,0.0052489475481408525,0.004160477521957201,0.012285645388367735,0.0017790869501619379,0.002226727412409887,0.0017518596447857785,0.0810128871860371,0.0020265483759855847,0.824150956542925,0.006071394523321264,0.0010889540156694708,0.004424914652590073,0.0014116627425024937,0.002325918974915997,0.0022307670759519156,0.023086049003610633,0.010138639398167549,0.005737801417644271
14,0.0020651953315003733,0.03619106759535698,0.24343188164159552,0.587755978938612,0.0029688891850413474,0.010239099696679004,0.008673976155392674,0.0045656374167550775,0.003455693256540238,0.006713434103111512,0.02661397090876351,0.011290775537051186,0.0005353384952912199,0.005053795230451467,0.0016413902763114051,0.001184768529212021,0.0021725690537766126,0.00825610657345463,0.030415966752872566,0.0067744653222307095
15,0.05013227733548566,0.21055514904911665,0.007133794743505397,0.004954024127434302,0.011146554286727183,0.001541886471939207,0.059456603875443076,0.0934806494844072,0.005095567673932425,0.03067712165102336,0.03991451274123317,0.003663647075647833,0.006049019403366644,0.003184729796207766,0.002572281758475504,0.0038736110736160567,0.4216091227808968,0.02870602210623077,0.013049624530802557,0.0032038000345084123
16,0.003576338435241338,0.007892114761439604,0.6290280526480568,0.14366144576318068,0.01397845387599557,0.11424652152343849,0.005092305635784443,0.006584891495303699,0.009959648386646845,0.003944415202632414,0.02221034708579729,0.004438862601742866,0.0021361176164390013,0.006425579604288287,0.002238123232954347,0.0034202387545191146,0.0023927083211163587,0.00252906903863312,0.013757385636860943,0.0024873803799288197
17,0.0012485219359679566,0.004921302948144932,0.001889115011075079,0.0011227436047356785,0.0029520715027034836,0.3158811535427722,0.0014234192376918332,0.002317295364553699,0.0017256732517228505,0.0009466262538360338,0.006754739879067292,0.53972541748176,0.012910115515344104,0.007511044131361729,0.000445104077978256,0.07958422117185407,0.013943329383068137,0.000997378446560162,0.001905548643293565,0.0017951786165088751
18,0.0902512710603161,0.030551043249567072,0.07654158056480283,0.2349010446975942,0.05038251159948081,0.0005667344060032614,0.02641437540222322,0.09562590440587496,0.0008764545565572648,0.029165148896397958,0.014063178638689609,0.0012916542460707592,0.07315472268397037,0.06533975072313694,0.0006270207036358425,0.025720941812717824,0.05621314087193076,0.12343577893264707,0.0031093188872304534,0.0017684236611525859
19,0.002382661269833415,0.0014968386210626797,0.009291410047405716,0.02062035273215309,0.01473627488059448,0.002021217187216773,0.0012023459708464062,0.011026926594734272,0.0444312248640376,0.0019790202444789073,0.014942284588516734,0.006873450910717697,0.008628735324089283,0.0029459136382058823,0.8237238653904233,0.0020283248996474496,0.0026712751011233994,0.004012018059465441,0.015861809793963916,0.00912404988148367
20,0.0022259245740051258,0.005753559425206232,0.006559057744735104,0.003372589782154475,0.009370082492478721,0.002148163016834641,0.0019903730496560637,0.006648459126954774,0.004322035813068201,0.0013609167418305514,0.01405512373871808,0.010752553679893612,0.0015479014334620139,0.7877045682412723,0.11663939195292367,0.0024352937171046177,0.0019483664587123136,0.002191221963719968,0.013118115489470209,0.005856301557799202
21,0.007889091597954648,0.16412178138350972,0.0004328291739119392,0.0011228262562474733,0.0014974605259794505,0.00047975564048853076,0.0005263847152239568,0.00055787222338906,0.03290589431544512,0.007544594389313017,0.001992780515071278,0.11111596279372613,0.006692809594537011,0.009009449778044609,0.015498325458175331,0.15914630799161494,0.46886071278761143,0.006927466855521104,0.0031638736265084057,0.0005138203777269597
22,0.15303631740483714,0.0008961438971819249,0.00048818443879020877,0.00037722925784761173,0.0013541594995420537,0.0003437660277811211,0.0007452664832614431,0.004343465065708752,0.08899515132534105,0.0024630264562786695,0.025053125475388585,0.0008796237250058927,0.010009523560176684,0.0007888061919975304,0.5190114719016763,0.0011740515824320834,0.03167973556294737,0.1219428226975005,0.03550926144503324,0.0009088680012716842
23,0.02328303387129625,0.04606124843379159,0.0017717687389025133,0.00861722198740086,0.0021897253407831808,0.08732496785141693,0.10089960008306047,0.03809618384311788,0.0012872517947133016,0.013314876589853121,0.019327194347659348,0.0008482957301115815,0.000611684859650836,0.0629411662766104,0.012772065125007418,0.2673697730489074,0.2761873624776968,0.03301198429520319,0.0026032177698352373,0.0014813775349817196
24,0.002809213564812781,0.004189384288673123,0.1193781042410163,0.5860875878948513,0.006235629828507887,0.0015252887710824035,0.004118377775305782,0.02650452245284877,0.0032509534024258036,0.0010783641506396616,0.007010493614457104,0.010248510329536336,0.0015092191847393857,0.07961011189561058,0.09392533204357234,0.0021821163257052926,0.03451276996349787,0.0026211536411708107,0.007077212293486636,0.006125654338059862
25,0.003952743769787768,0.013015550779895238,0.006063144773243122,0.007230861544386243,0.07465314795357124,0.0034495997786539796,0.0038330134038925645,0.7843416204584681,0.005516336482606258,0.010667482106559514,0.006882366662014474,0.0019071862848418035,0.021752835149033867,0.005485338717345657,0.002302611656913234,0.0015705849263029058,0.0028355151425419763,0.018286484099789807,0.020769495925364742,0.005484080384787319
26,0.003901758464463199,0.004771172035349021,0.010838217956842224,0.004647631730864415,0.006805392670575347,0.1705943899714943,0.005931727395298783,0.004424069026482827,0.008410313865107504,0.005074652586338045,0.01726531619380086,0.01393485165879714,0.001028007109752905,0.00945747881392082,0.7043865533416459,0.0016371512948644103,0.0025366766185118384,0.005256860206612095,0.005591692066905859,0.013506086992372613
27,0.2862998416023305,0.0032170355857167455,0.002335686982720008,0.0015016135639571626,0.011165284070767535,0.0007351847768656661,0.0021256948524728076,0.00655577152206528,0.5964608882305689,0.0011191559661341839,0.005962565851318609,0.0040580899600669365,0.0005558060196323559,0.01018168446690426,0.05321160655613177,0.0008122716760819362,0.0007403284809965528,0.0006475574020368899,0.008302575655739643,0.004011356777492187
28,0.0006923228161201383,0.0018195652132201147,0.002909025561653139,0.0022879505402641463,0.0017191638700784662,0.09927387298315325,0.07606545787125303,0.0032866031901092403,0.07689142771128911,0.0006678125176920196,0.01552745726617392,0.3838994099939563,0.00046810841644809466,0.0013956498295611295,0.09515913453629872,0.22416231573503492,0.0049086424921796065,0.0015859657154103745,0.005367883959850499,0.001912229780253872
29,0.001655126609359979,0.00466637081165754,0.011078284209801996,0.004829530630246966,0.003319672582178317,0.06192739905504601,0.0022424330481627436,0.27389607698000984,0.0055249830410025276,0.0018973992969046265,0.02764784724660673,0.010009027248192985,0.001595048394402957,0.00390182418149896,0.001945757523415955,0.002100349095584702,0.0033525382530355144,0.5570333200898568,0.011220792877662296,0.010156218825372293
30,0.003498537052291894,0.01910036416376583,0.016103628048432534,0.00915211186319863,0.035996345049437425,0.4457626692391028,0.005881867616098328,0.019715750184651267,0.03220725609686507,0.003599634504943744,0.3059689329202182,0.050994822153369694,0.00240920419622219,0.006724591932312487,0.002475122117588687,0.006721783491603115,0.007649223323005452,0.003631970504353938,0.008807566301640245,0.013598619240898585
31,0.003993211081501245,0.00926995429634218,0.014419928905421169,0.004206794191690058,0.012977936014879052,0.00864590917191469,0.026420106837029857,0.007986422163002492,0.3746741931142516,0.005464394111528021,0.37334888752941986,0.005657941557425714,0.0021811657167863947,0.015533264955178398,0.05425007862842373,0.02366962181986175,0.004070052345903093,0.005767971562168467,0.03707981718536871,0.01038234881190324
32,0.013921905252058228,0.025910212552441705,0.019827939365756126,0.022208753616378602,0.013137572561801425,0.003969224050586815,0.009616161359669086,0.0033598820239235856,0.012081436599110222,0.019315848678468396,0.6731568616726382,0.014574494560748457,0.005210992468647494,0.011104376808189301,0.00600950147951216,0.008883501446551444,0.03793199158280534,0.05617169306106384,0.030089279093158106,0.013518371766491323
33,0.012274379766256598,0.024987130238450922,0.015837878941328595,0.01706438162625917,0.030679733566768244,0.0057252852066614806,0.007442974964644958,0.5046175144137329,0.004759453378752557,0.003898116024343887,0.02237942573577748,0.0063697186225452635,0.01706438162625917,0.006792617928899282,0.0035695900340644185,0.006104376337841528,0.02493015989287831,0.2518782249539038,0.024987130238450922,0.00863752650218057
34,0.011417789724246084,0.008423660313756088,0.1546413143129876,0.4675767026232821,0.006297023032684168,0.02589884068708083,0.001650654070117033,0.07158536137677667,0.01137794232315682,0.06903759461042493,0.010722342540245866,0.007339127477973171,0.0013431482970630681,0.004466507396132485,0.07507215958247791,0.016615859952554535,0.0412777221148492,0.002524403762373892,0.011310722501583732,0.001421123300233708
35,0.006000134171502172,0.014609368176398074,0.030324829157371412,0.010671647933133868,0.045487243736057115,0.5930218094585772,0.06563500533487805,0.03269301108680809,0.011866237496362725,0.007431422181707169,0.040938519362451395,0.04546247891386352,0.007724248936311587,0.03559871248908818,0.0036105148268365693,0.007062035235501329,0.007717812220331264,0.0050856923075112545,0.01702635781134515,0.012032919163963787
36,0.008504717024876263,0.03289341740176353,0.03541549510638826,0.06598508958865822,0.015692336853429214,0.006158608361608099,0.00679258275177364,0.33495765195204624,0.023094781356030374,0.0035861011827381193,0.02657671231769864,0.012721628952842302,0.0026692659535319753,0.008235726631997247,0.0032527861064831527,0.007923372419286864,0.02002615615758212,0.33419183353453163,0.025660868173367078,0.025660868173367078
37,0.0070250793999829374,0.03651280572447433,0.019462656429285463,0.17660611256515044,0.02021393952732536,0.4840444019186735,0.009755373137468819,0.02070299205530861,0.03363816156375869,0.016488671609126395,0.041460335834242475,0.009613990918085213,0.008844871644638395,0.027640223889494987,0.00838912117310433,0.010192447805943809,0.005621740452100675,0.016166838892969448,0.027543809258257643,0.020076426200608476
38,0.006573241982973398,0.1709042915573084,0.0055953892364962125,0.006975685369686055,0.03797873145717963,0.017197540148978542,0.003286620991486699,0.008754497017191257,0.02848404859288473,0.0028007799723351254,0.2504916273433382,0.008764322643964534,0.0007530889691728743,0.07812812303699142,0.25117049975740124,0.0072590022340824675,0.006541396290592736,0.012207449396950596,0.08545214577865419,0.010681518222331774
39,0.004450855304443817,0.1680255029882553,0.002708907883662243,0.004887812050955788,0.16572059994759095,0.002443906025477894,0.0020627463701281307,0.003612959805474499,0.006674458303600252,0.0009987263013112424,0.5869466225940753,0.0072528823981924595,0.0008205815851969569,0.009368306430998594,0.005259130240950685,0.0013433290722535836,0.0013463434391854268,0.0023116433412882333,0.005916825114314901,0.017847860802643917
40,0.0025315481599617806,0.04436640240651298,0.0057026469122726485,0.0029918296435911956,0.012859962839723212,0.0016303605970886387,0.4774478530947876,0.0031479251032568234,0.0036939937436177004,0.0016830888563681063,0.004414773010665057,0.003988821212522957,0.002220928753831501,0.12067046229151154,0.006432723023599222,0.007066501783409311,0.0019885954859840383,0.002942135427165188,0.02701048041174029,0.2672089672423901
41,0.030741760511810504,0.0049329801751509875,0.006954693361688277,0.10058902747907349,0.004366139627591386,0.042423629506298494,0.005039882072781357,0.15655822795549607,0.0032139113262347344,0.23541129273810654,0.01113187405676403,0.026960241568552985,0.0011519903537289644,0.010835438156716696,0.0037731799279332214,0.0625055781741025,0.21883478578244878,0.0033816901229971174,0.014628837760792584,0.0565648393417313
42,0.007067994726838839,0.009053386504040757,0.015807598192570542,0.028004493287213557,0.03500961314890507,0.008478620848742381,0.06586703936351733,0.009359311587923375,0.008139044598588578,0.0026505030274776593,0.08057513988596274,0.016071209984748112,0.00314133274725903,0.5978310124774301,0.05213407695457714,0.003399143192815557,0.006232618752139391,0.01278970474380361,0.025991980608375077,0.01239617536707119
43,0.00526882365921933,0.035329644122661465,0.010625461046092317,0.05312730523046159,0.01632797299814917,0.010282704238153856,0.012467452425155326,0.003025206988037125,0.10227955294446377,0.07729832518442216,0.47362673214174905,0.013564418356713596,0.0037948075164615414,0.013281826307615397,0.00568703723461186,0.025837839033391145,0.008081461335240724,0.0818234776280096,0.02550110651062156,0.022768845098769253
44,0.007947204162415783,0.16316485572216027,0.012165656975499402,0.008110437983666268,0.0032406971825532783,0.014387424425347793,0.0023284787771522216,0.03336131229650348,0.031571961103385546,0.07253775290417935,0.0070536868266016855,0.01288128385641113,0.003981487737436168,0.010949091277949465,0.02482507085870037,0.0017666686069899957,0.31239220402747103,0.1122904013851692,0.16282423974869742,0.0022200841417100137
45,0.003957801324068549,0.020371858129171153,0.016889793960723293,0.014340391098727324,0.021112242450904112,0.0076736937299896005,0.007996643765945687,0.05583807737232861,0.014603539952634616,0.01767536577284996,0.019488223800834564,0.012180955702784527,0.0023634242837365775,0.015511035270052001,0.024741764765698945,0.005373561264060164,0.5686112003752652,0.14340391098727323,0.01652262452679452,0.011343891466157436
46,0.012389098668371408,0.03892293625320498,0.009149919099074755,0.5981144012985414,0.015071704130998797,0.009537505042424427,0.02245877382251721,0.015071704130998797,0.008229102608397328,0.006704963385060636,0.13772419292119586,0.00868261216242322,0.017648636097043133,0.01066497497057965,0.010485427107720378,0.0049308661663144205,0.0042716594595878935,0.005893569174715604,0.05325335459619574,0.010794598904634273
47,0.010661453551942313,0.055676479660143184,0.033405887796085915,0.016702943898042957,0.011085220397518452,0.013919119915035796,0.04457743123366329,0.00781427066788637,0.024999566121102507,0.37514802098621636,0.10780991061464087,0.035792022638663476,0.00395398820697602,0.02072709385271355,0.007770897093352409,0.007829504952207637,0.016757061975260393,0.025153152801769066,0.1670294389804296,0.0131865346563497
48,0.008556069252235794,0.024351889410209573,0.09497236869981733,0.058530139262701654,0.008546063108459174,0.38959989795274036,0.024351889410209573,0.009175065637685016,0.23737490650165516,0.0029031999236793617,0.02638121352772704,0.00796831035849799,0.0037687447896752905,0.007648595906891271,0.006213941565327732,0.045901834264564075,0.005820466777997987,0.005365670548012278,0.014982257416761695,0.017587475685151354
49,0.0063498890453330455,0.010864292364598984,0.08374903412526316,0.008573239551402037,0.009377498135624742,0.002334589259992774,0.004000744890181058,0.002974167644821472,0.009905004918610119,0.7732281442767236,0.01051768563522518,0.020302796151578945,0.0019124387002581948,0.02155617067624657,0.0038509253247028968,0.0019213098053047872,0.01082820242473621,0.0021672412738611593,0.01133572785129825,0.004250897944236842
50,0.1910250302489246,0.040137283282295995,0.01913599422077551,0.03657435570588393,0.0013254071094741466,0.20290975682390477,0.02034399181962032,0.0006913884862627444,0.05792464996678017,0.001212124450544733,0.012069664741594361,0.011968194577543263,0.09422080780522972,0.0495968511776312,0.009362782331573435,0.10717016960587718,0.13962762494122807,0.001984462848875707,0.0011436980702720465,0.0015757617857081524
51,0.02610028066616048,0.023895385618208777,0.41689108993911556,0.021183888523340813,0.011216201412628609,0.005718411771347231,0.0105928986856512,0.0024104994263982535,0.03087606006847201,0.002399055590294196,0.011947692809104389,0.29707102592882123,0.009767046411067376,0.011216201412628609,0.013739846730470046,0.02732126108026973,0.04188906365412716,0.002996551397924728,0.028925993116779045,0.003841545757190553
52,0.025779044115859163,0.011304881465096662,0.0015367570840903275,0.0013245498859873954,0.06662691368935407,0.015837657422243256,0.0013573943418170047,0.004535559486805806,0.001027425671284242,0.0004773194472963589,0.1419739838066666,0.0013971571667868018,0.001094862877507532,0.004089485665319546,0.004490605696125505,0.0051902105817698335,0.5943924187760823,0.006105563080071906,0.003686010278304086,0.1077721994615315
53,0.01835113992425643,0.00757930844958735,0.004870923988397594,0.7417920585815183,0.01979900982749348,0.022857624086265613,0.008017780839232899,0.0140601663992345,0.021718338339109158,0.012084667446996267,0.03575316428032543,0.010545124799425879,0.002099894981703854,0.007244339397350054,0.0032998349712489144,0.01435774657385929,0.014419492500481756,0.0037021156740851243,0.013859306879245437,0.02358796206018265
54,0.12739208819245254,0.014280443524756778,0.007731050087510262,0.0259436197600531,0.00856746053731984,0.37170304270057536,0.0383317168296103,0.014227118068479754,0.00429677061806841,0.04118377909371821,0.018674426147758865,0.016184502661391018,0.004012686610262235,0.0137415588634452,0.08869436580346464,0.11666567017956354,0.06038993530369783,0.003147593491280267,0.004601543199853139,0.020230628326738772
55,0.02446465368968624,0.01714333514025046,0.012603437800377273,0.0178156227928093,0.014654786490859262,0.0037043304734252986,0.059535525615809444,0.012446530992236632,0.02128664613592631,0.014489268286539993,0.028353252215918712,0.0063538235135194,0.0011412484243189856,0.024187657574076267,0.6995929996477006,0.004325712109684133,0.003849242654228599,0.0065345240150966755,0.008185556418317787,0.019331846009218605
56,0.0025697968437125226,0.006114991029564106,0.009412963719666094,0.00881846074789771,0.006844094295816813,0.004126500211423696,0.007639092137236617,0.10560107032110791,0.013512157597585197,0.6475663101401371,0.011234878675026125,0.006114991029564106,0.015702719423794222,0.003984523092638396,0.0012720501140741597,0.008055275997905375,0.03710894329934361,0.0787485688299766,0.02043301880610445,0.005139593687425045
57,0.007151748519554396,0.0036284993031911596,0.0032399941258989956,0.005118093753974898,0.06226251292121914,0.006380825546294164,0.002210085939216433,0.3765700925342347,0.004378506799520764,0.35349989726925596,0.0076801250032683685,0.05988992740861429,0.01815197719081756,0.005929498861312382,0.000687721225781634,0.0015654728609257116,0.0014027139458850481,0.06883403333397917,0.009533704051521867,0.0018845694055333922
58,0.0049512966799415805,0.0054790998793262154,0.007933807973829685,0.005038405342316493,0.006919119719405542,0.002063829208847542,0.002524044794474194,0.008115659219753867,0.004554664039132004,0.0015658737885204505,0.0074440184567397556,0.05451646387843109,0.005112296953175591,0.8415022514061328,0.011129003217209346,0.002949132995156461,0.0022766238656392263,0.010615190783998167,0.007193558578216219,0.008115659219753867
59,0.0021725969000827455,0.006572793153414888,0.0065210518020246125,0.006108789350742525,0.07451130534454185,0.006669269903600515,0.0034885730667533568,0.0038132918675018064,0.0033218318440668255,0.004747474705628881,0.012821003928883364,0.8127732437586168,0.0029756484763310957,0.003629913317446996,0.003860599696057815,0.0019818462633994977,0.001550882104660292,0.0012557452457552022,0.012664650222433566,0.02855948904805734
60,0.005897790806798441,0.01594899333034561,0.006649544559709197,0.01238819260438974,0.010032552346165907,0.06917675326477962,0.009134727880004552,0.006727570726801701,0.023188155387703864,0.006128441128417121,0.028260564378764085,0.007873781443884344,0.00544628442210689,0.020239306937815414,0.001992026559563729,0.7047893486486064,0.024159840166078205,0.005257779419304946,0.029172195487756476,0.007536150501003757
61,0.001586452223955199,0.0965623564966607,0.0018097705299498482,0.006447307512946333,0.09539817837388967,0.0009731784925202013,0.016118268782365833,0.0428727089122119,0.004106848281023485,0.16080026870728362,0.008970166974534032,0.0036160753215341785,0.0008560740266152807,0.007977619432452815,0.0007995194458972703,0.000998503418548806,0.0015282506697354274,0.535501091410562,0.006068054129831843,0.007009306857481531
62,0.13232005303264818,0.00818449186814312,0.006746675729145004,0.011887000094207864,0.003956761428642263,0.0015267706543019277,0.0026698075077900016,0.0015658641162665508,0.002160685522367877,0.0035823454125058826,0.01313826326201922,0.022728679611347953,0.0029293999891097204,0.011346399531541821,0.0010497739492660778,0.3684352367658284,0.39165053833269503,0.002625664697344874,0.007564454605405005,0.003931133889423074
63,0.0036385782135868513,0.12526980382823782,0.14465679727784606,0.00836256793498384,0.0064188562223827204,0.041350606125120794,0.005875808013220052,0.4336488818941531,0.00709956161434911,0.04833003997467824,0.11210465405710018,0.004931481725381114,0.0020921437622828977,0.004028787907971913,0.0029424248493000664,0.0022284849671012673,0.0018307513565969467,0.008691037693003062,0.030684775180149167,0.005813957402554578
64,0.010236512282572304,0.013734612127665555,0.003429677901398761,0.7577120671701109,0.008217289307150332,0.005687187943997564,0.0046001093250554485,0.00781644592631373,0.005509678222684292,0.00558703875069721,0.03845691395746357,0.006001355483413048,0.02609289569138968,0.01436475589853135,0.009637929913345694,0.035194879199321565,0.005722755053193981,0.005939371648172844,0.029091691958851335,0.006966832238670932
65,0.0037105555242110243,0.021603678829850856,0.012002043794361587,0.015911886486831988,0.01800306569154238,0.00701341569137499,0.013502299268656787,0.0036939094206011346,0.013602513771630161,0.00280972701544303,0.03600613138308476,0.023655497471190647,0.00836271438574872,0.009776830345374705,0.7672382774670393,0.0030155099255850006,0.003981375945236049,0.01185567740662547,0.01736009905970158,0.006894791115909848
66,0.0071089761758708365,0.023222655507844733,0.22638742578268528,0.04301583913123371,0.014484604024711288,0.011971287017242602,0.01583362875534868,0.0016304198607177813,0.0274870315749118,0.0068095297673058715,0.27490244564309724,0.009414590070747863,0.00683019279642492,0.023222655507844733,0.0063812925532764,0.004048157992365379,0.0024012729860429195,0.22461666846421902,0.031526900541701125,0.03870442584640788
67,0.03190898827738305,0.020678061942830336,0.020758519670772142,0.017879603025036363,0.08995358524001262,0.04423820661758203,0.020758519670772142,0.005291387367059567,0.04497679262000631,0.003897845414059024,0.21329352671209378,0.1349303778600189,0.02116554946823827,0.01793025310769735,0.0046527716503454815,0.016748244864124164,0.016866297232502367,0.2134593751132277,0.05290178683995165,0.007710307306286798
68,0.006664975050789084,0.0472089590809519,0.021252878274485885,0.020493846907539963,0.1308344959730539,0.029427062226211227,0.022849593424748568,0.005191682263780643,0.006750914275424928,0.45572585211364974,0.1434569283527797,0.01125152379237488,0.0013507465951085294,0.0037505079307916266,0.0037190982329690543,0.0034967453903151234,0.004946790632854472,0.006508135181078542,0.05216615576464717,0.022953108536444757
69,0.0049990541557177115,0.005134520766856209,0.012009896499148935,0.012397312515250513,0.007749492686999146,0.12249443025504733,0.006987576144959378,0.011333738439503258,0.016709421216207214,0.01704542571387622,0.027451191998054715,0.01302768433805986,0.04591780601517189,0.008540370843839242,0.003621215054771887,0.6125424727419818,0.0038804771457491122,0.007686333759455317,0.05490238399610941,0.0055691957132407224
70,0.574689106444999,0.007681053756685513,0.003142287193036524,0.007901400945648248,0.021695282752986496,0.0046240420921191015,0.004438441271938214,0.003597168358521326,0.005798608758499924,0.0023570382451088673,0.014098578157921383,0.009460887974394613,0.0016172144776963595,0.005617402234796801,0.002614645403832693,0.034605954139048545,0.14989716956500773,0.08608340423032437,0.05525462617156842,0.004825687825865709
71,0.02144966223118042,0.013193905778964862,0.022127741397933647,0.00589445931560146,0.519143398353327,0.0025476388801257944,0.008645206996215475,0.005689019735777919,0.015078849412003738,0.0018151897111504723,0.028190892378963512,0.008104881558952007,0.001821321698640901,0.008104881558952007,0.0030157698824007473,0.00269551244988677,0.005494834955221701,0.004514332601488112,0.2656882500030174,0.056784251100196054
72,0.00266977864039226,0.014533634838054324,0.7588920536227541,0.005784436443820281,0.008166690397724023,0.02882609376122206,0.0068485000233979,0.011662793388562112,0.010539546074195945,0.0032126034450368915,0.04294028474879687,0.00623485934147586,0.0026096305648440083,0.019680963843198566,0.004608225680358687,0.003422776320556272,0.0039886364201013515,0.007210051989639039,0.0524825702485295,0.005685870207340004
73,0.024383690704028595,0.0297547221315533,0.001108330881643722,0.0586997285611844,0.0415557551487157,0.03167333248644046,0.04480711097457437,0.0903948567943194,0.02654729489707714,0.1456119359945667,0.002701255508594259,0.16754156120603936,0.00047925588441441165,0.0028018624003590645,0.028263818072413772,0.05131387208849733,0.17536228624380876,0.03390691811175329,0.01220706548986802,0.03088534642014799
74,0.003808459774965002,0.033104304197772716,0.008782774583082556,0.012433383011319386,0.008587977546308823,0.028341862311387196,0.06667486620114786,0.00234910318834259,0.3308145986656189,0.04078213173553397,0.013448623580345164,0.006237042819870222,0.0051126279416234665,0.009344245114340795,0.34578657429030635,0.028282835499932116,0.0031887843980561866,0.005004139006640061,0.030739711040788948,0.01717595509261765
75,0.00910992845458126,0.009595878892631873,0.06077389965333521,0.04051593310222348,0.01086733927551324,0.0320835284256281,0.014585735916800452,0.06348504984079807,0.019224738121638735,0.007832686694350397,0.0034642940459531637,0.019164491740110784,0.013692051341986419,0.05189152362777987,0.5858174179686605,0.003252566972269692,0.004649124822151146,0.012573910273103839,0.022226425917149753,0.015193474913333803
76,0.02480919234286069,0.00821290627713114,0.0073584492655535405,0.0049876219032305835,0.006948437138932748,0.001710485051000326,0.009006251989006661,0.12549071297633937,0.004389501679746546,0.041452374038318404,0.07186292992489748,0.2310435183751266,0.0016058755290479882,0.03058495557166235,0.010971680465584131,0.0027249586850913434,0.02656763029688674,0.054299650106545715,0.2874517196995899,0.048521148683447854
77,0.006626054458995134,0.011702631874779951,0.0012261948839383406,0.005388737405115653,0.00641394246983132,0.05218627247622871,0.08199102196677079,0.17184190031766716,0.06689357967076759,0.09201099637222561,0.0049047795357533615,0.021670924836821575,0.00038850118161749413,0.0011341442767382516,0.33890714121271315,0.06286767557931312,0.015398680159755445,0.054364614186522615,0.0027793750702602383,0.0013028320641844868
78,0.001904187673644178,0.041707376414358455,0.002808929017539263,0.004068252380703541,0.0033734160038898643,0.0016263375290244363,0.7051252707236033,0.0023155395130255558,0.0018638294300848393,0.002523059858781443,0.003107692790815205,0.025574387577502918,0.0021713006508776943,0.0025126594049683635,0.0020622477505870492,0.0009970985987518273,0.0030511892855276564,0.0030237010937661456,0.010273554845205077,0.17990996945734328
79,0.004223143045088137,0.012604457703801517,0.016385795014941973,0.011071483118204035,0.010476936843853486,0.005218406055714003,0.008355849961452675,0.04337744472223257,0.006302228851900757,0.659321830624458,0.005597392424527955,0.005320063316539601,0.021206426069741338,0.0933544443115994,0.0027364504212471093,0.0027919365283869822,0.0030456868057512957,0.004811069804435886,0.02561931267751138,0.05817964169861192
80,0.007185043519263864,0.1063584451570547,0.06392901179145974,0.2799962848466897,0.038465553999793026,0.09027862145622483,0.014100656519348335,0.11960317836133996,0.0012733846892664584,0.0013647022644723485,0.005869208640909603,0.06433678980144625,0.00048028198309801195,0.001814153739654665,0.0005911207706441395,0.08081045385431848,0.04935860032483716,0.04797317758415368,0.004943337911284739,0.021267992784740095
81,0.0069566652918474385,0.014035906575488262,0.003324607766575692,0.3708669633398701,0.01964317836020302,0.12395016448531948,0.010741292685710412,0.04544244839429093,0.0013638120816558653,0.001203268953242028,0.009967527857955434,0.11347593495136721,0.002983444833765929,0.014916737977166195,0.002716322817942911,0.012641462046511925,0.004210603162589014,0.1540692302612291,0.03249744837906384,0.05499297977820531
82,0.017336706109502116,0.09183712808865574,0.0006482946630632283,0.00036198576034944595,0.23529074422713986,0.00032836712032675906,0.04371454511255953,0.005304992705109574,0.057613764147220976,0.005031962826545451,0.019547231058870084,0.00017288470381915356,0.0007827278154959356,0.13433736684171416,0.0393709355223527,0.036875962237556494,0.02718325945975209,0.0026616600025694552,0.03288462189090037,0.24871485970649687
83,0.10382156192626045,0.07991357748720722,0.0013341013892993537,0.03408545376773295,0.006426423408993392,0.13802120780945545,0.035404312355565785,0.016796831198537986,0.0018192291672263913,0.009600912599112051,0.06549225002015008,0.09373301248100749,0.19435397916903055,0.009679056513147426,0.016191258069193897,0.11666042351838714,0.037668594412686315,0.0030866098981218973,0.0046180432706516075,0.03129316153823266
84,0.18458553427989888,0.016842182169321915,0.0004984975064517923,0.0016846117922213932,0.0012501996359573068,0.060373750833945534,0.03012310268029414,0.1368415596741166,0.00026910542856933,0.09937567509987971,0.07685671376377899,0.17174551861297555,0.04964864225571547,0.09409040926491354,0.00014410527754145353,0.05546025345202911,0.007423973447816747,0.007733720455368852,0.0019109071080652038,0.0031415372611384926
85,0.07950234699133868,0.0006562746967835207,0.001171919101399144,0.0004376683135022942,0.00881377087742395,0.05326996911434033,0.21668338337718282,0.068918150218369,0.00820343370979401,0.013140813961517867,0.0025905580136191602,0.005942393984884927,0.052410027371481316,0.0321902234340013,0.007630167809949348,0.013458675724903058,0.04916434867425368,0.21427554340905403,0.0022543787294090406,0.16928595248679257
86,0.012173388855756733,0.009770670280892759,0.005019174592692394,0.0035785378021951737,0.04919143398709042,0.04836475912261663,0.4335320412507225,0.00403494667062078,0.1335398080227781,0.08750247739786664,0.052935404097892755,0.07291060940426022,0.008431357313818005,0.02612978963385913,0.01710606991267853,0.013582661119194126,0.018694629853959914,0.00019081025397707168,0.0007114849116878943,0.002599945515440406
87,0.002597228865844671,0.023234669043096918,0.009659356793197595,0.18146614219933957,0.009769122211302115,0.003657789559179675,0.006822879004718937,0.0073477158512357775,0.6973128609508126,0.004035153833986189,0.008058880070950122,0.003111493368004719,0.0020323469375758533,0.0065617240280253135,0.0022086551703962274,0.002287147441647183,0.006240473625346557,0.0028466316377304176,0.015920051011010853,0.0048296783965987985
88,0.00022705053478907226,0.0770969449628719,0.05980128165912989,0.008749346334891855,0.0005053326399159231,0.0010084452646340186,0.00814039400828012,0.0004569626602518741,0.0007696393437721709,0.0016556711014243653,0.0007392236487616542,0.8329786928101455,0.00018343018579693654,0.000509809412939072,0.0004129741054534381,0.002067758458074557,0.00028000895786426294,0.002387460767793975,0.0015897282769067832,0.0004398448663027816
89,0.3347898721538939,0.058838591969441266,0.013742688142538937,0.015476380386116088,0.08567543811048833,0.05740854369915751,0.0008344916572616041,0.002116873480557988,0.0012198430205278478,0.0004359863305436179,0.002729652645982668,0.0012397625563427257,0.2530417981664195,0.0053990165605406525,0.00043907692835095936,0.03201106486248223,0.002388839827673202,0.005515455643816846,0.04644483606597375,0.08025178779189043
90,0.020544182459994075,0.007313715418329585,0.001848343662360449,0.024127895979781468,0.0010605250521740282,0.2697054144737571,0.11274896340398738,0.0015352054286386025,0.21016779301521984,0.026527417056855806,0.038706985493491414,0.0008973574620932305,0.0021353153668638753,0.018273016598635117,0.09463898047970913,0.015562866800698662,0.13853295299355103,0.008012855949759323,0.0031692592510068705,0.004490953653092987
91,0.0018098095737124828,0.005621378221379682,0.015143304596369754,0.0038738884111955588,0.005013661656906202,0.003357565272498271,0.0029562626502873226,0.00361655927415507,0.6014065061462845,0.0016977987641765406,0.024734064174070595,0.0048299259312566956,0.001605936358494206,0.010997883515371645,0.28663211628235163,0.0023936191136197348,0.001900694421440075,0.003728753393075969,0.013491307731311233,0.005188964512042783
92,0.08832163280488926,0.013286313154309818,0.021101791480374416,0.014642059394545513,0.06832961050787907,0.005783727509734653,0.014041327411935747,0.07694766146982646,0.008639091812468061,0.002350845219070081,0.02049888315236372,0.004364199279651619,0.0022492654020785994,0.008749523296740613,0.004914115824196782,0.003043670034259287,0.5789184156354255,0.00462734150780052,0.044841306895795637,0.014349218206654605
93,0.0034403644922290327,0.010347747117569837,0.013389564253579964,0.009883572469192949,0.014934513975146882,0.6271899506765756,0.006163450211965381,0.012326900423930762,0.02984054000790793,0.0068664865588335035,0.1553189453415276,0.011590966070263253,0.005105840713964194,0.025051442797020585,0.003139695351789369,0.012326900423930762,0.006112529784100358,0.0034368027929383644,0.024118918369842902,0.01941486816769095
94,0.007868969481656203,0.025605316180747493,0.02211557576714522,0.009299917267879959,0.024829397508603628,0.6610199623559817,0.017070210787164995,0.014362452020702018,0.03151423529938153,0.004818422372951642,0.04066680492549909,0.017070210787164995,0.005894749048805179,0.011874929243245212,0.0036962348103127107,0.009854312822003455,0.014115034520753194,0.009923672358909246,0.035624787729735645,0.03277480471135679
95,0.45569588903034813,0.04579948376319796,0.008895925389483226,0.09086552362115011,0.01633274192863467,0.003920238307229897,0.001945001260516171,0.011282637079344581,0.00856644667135422,0.0018282642690959083,0.02569934001406265,0.011861233852644303,0.18633169954988446,0.006424835003515665,0.0023660563173644117,0.07358549456477433,0.0016819783543339187,0.003920238307229897,0.03854901002109398,0.004447962694741613
