site,A,C,D,E,F,G,H,I,K,L,M,N,P,Q,R,S,T,V,W,Y
1,0.055375763849361014,0.055375763849361014,0.055375763849361014,0.055375763849361014,0.043720445579886656,0.055375763849361014,0.055375763849361014,0.0002594274139141483,0.13192772500068517,0.026045558164311297,0.05539454031465815,0.055375763849361014,0.055375763849361014,0.055375763849361014,0.021099349982726452,0.055375763849361014,0.014283567363487768,0.04276021998799803,0.055375763849361014,0.055375763849361014
2,0.7893549006107862,0.017762103993678363,0.0035178856197073363,0.004492386071624447,0.013073830894106492,0.003489288600160363,0.001994035005051501,0.0035788894165808736,0.006841412917883879,0.0014117314660547135,0.03752411327687825,0.006254018879479708,0.0008981911648221582,0.004953182952547928,0.001239535273410393,0.0017411523681205884,0.0014759502952337307,0.09096407174689865,0.005291862128790522,0.004141457318183887
3,0.648565735128184,0.034375328515805686,0.0008175500803143832,0.0011314893111551065,0.029346972478191638,0.0471453879647961,0.013289249376368103,0.015344489479108167,0.00261918822026645,0.02398435024852439,0.0013599631143691184,0.002578263404324787,0.0009941429217003523,0.03505682694818172,0.0010041404822334376,0.0896034089306841,0.005343867789043268,0.0033333335973682117,0.03835556986966462,0.005750742139716188
4,0.014330970136276428,0.0730431641270143,0.00016808610627367073,0.03249666937129695,0.04061186439813732,0.005231112199300861,0.0065487627957978925,0.04205494524415034,0.008132572386410122,0.02944542926253341,0.024023787349976053,0.2709458610042818,0.00043208183739913735,0.05006569025057045,0.0016837493923802817,0.056956544852342125,0.03933701086284852,0.07014455269517306,0.009186101156816886,0.22516104457102037
5,0.06895768113737713,0.0020029768120853686,0.016868677447245198,0.01746795226227522,0.0069259334571477055,0.610092233456339,0.002484349036134449,0.004453715249350846,0.011716309444208988,0.0011720369542367961,0.04803686872125684,0.0066257749960354296,0.008289934341048284,0.0033358936611983924,0.11946532375888018,0.0008826686481716793,0.023597058319213896,0.0029063749445840076,0.04177119019239726,0.0029470471608133036
6,0.003696111903410033,0.0035426001787207586,0.010481556091667336,0.010564088029397,0.004128120553025904,0.0022548557642578463,0.003086243305667377,0.0027132869834906558,0.006388757998730566,0.0017793623073387517,0.02129585999576855,0.0027983066150986014,0.0008690008709685404,0.003969346685601831,0.002885245547813804,0.0312842403622428,0.8514691292078331,0.0030842279993871695,0.03140839170981329,0.002301267889765727
7,0.001544242726776444,0.0037860269125229292,0.005976150104072068,0.004915075854105729,0.006905085353409694,0.0021221042567007506,0.0026389732142734087,0.002863468068615458,0.8460657603349585,0.0012411858901444591,0.02050279189550879,0.07013603154732519,0.0008956192696290801,0.0026782445939816345,0.0021993711915075,0.0014454245913319644,0.001116931977010461,0.003627010112611837,0.014807571924534125,0.004532930180979834
8,0.00336329118918125,0.03414250146593087,0.0079345249885614,0.005993098661572972,0.009235266789964908,0.0019108798975098935,0.002523790414382081,0.0031384472099602197,0.002957224536419209,0.0012295019697487568,0.011046103415448223,0.003793611273992319,0.01137695093358354,0.01521182043973757,0.7135639391252102,0.0016642578262566006,0.0021031700020704585,0.0028452084554942392,0.1631706234437454,0.0027957879612300713
9,0.04774448708007264,0.004328949745832153,0.001977869502520223,0.008535130555920601,0.05582383157034705,0.003066017772515168,0.0037744999669609034,0.047134303070009306,0.0040144046258779095,0.0121126852073119,0.06533789597980597,0.08415296344677017,0.012549060705704322,0.002617125667699411,0.0011553652337892523,0.5981562902899027,0.0348859696954764,0.001925026997695919,0.008238256449627711,0.002469866436160055
10,0.002272424893470462,0.026393884809947348,0.001643462136210564,0.0010904116349288494,0.03915829020323749,0.009538968762523114,0.4585303338235009,0.03184824926169545,0.001217862345504949,0.00502447233766863,0.005452058174644249,0.04318865529118506,0.009875510774307188,0.017837474263719604,0.0022412858652935243,0.007356676621769103,0.010979213569324919,0.028295022425819747,0.0016745607250693044,0.2963811820801794
11,0.0013135240514230507,0.007308262363318961,0.20230785343528518,0.5988832085965319,0.007252474101003549,0.0014371403332328675,0.015394057032430294,0.019171815253102367,0.004695610068276213,0.0016502451809693019,0.029689815850983275,0.00693484749803989,0.0015128568586488293,0.005681478811710146,0.00194687317055628,0.013273894195343703,0.0014482837000479648,0.031010597292137034,0.02375185268078662,0.025335309526172398
12,0.24530307595673978,0.007640669747427047,0.02596519497496437,0.0011416293758755368,0.006064932868372505,0.0004059105803320619,0.08150586267335491,0.02658136436047544,0.014904578069087302,0.06151663438134706,0.06245013316975389,0.047822599436344815,0.0015536701985935666,0.16364932943827992,0.11455630166474853,0.08986922273282298,0.024217820392469003,0.01857251222201495,0.004901561724764521,0.0013769960322318226
13,0.0021795985209155295,0.00973863168919705,0.008777632069998724,0.0066016685970037665,0.010482038688372393,0.0019266330226228405,0.0018766055522146212,0.0019632162382224655,0.030795363093924565,0.001771661090379783,0.8671281963633505,0.003868019910357137,0.0009930777898541476,0.0038789465202734006,0.0013937956424598284,0.0016179063013119152,0.0017055784942195352,0.028642423349592435,0.011073766678845031,0.0035852403868845526
14,0.001094570963673701,0.011941695727272833,0.3190484884555109,0.5560917064449856,0.0048534678984070495,0.033993420475584346,0.005395357243502521,0.004438850037739111,0.0028317133868341307,0.0015220592670159518,0.01132475842961645,0.004553253389227232,0.00043750924096586585,0.004318756495917356,0.0012971088950221486,0.0009785261950143768,0.0010878462530912354,0.01652749125698367,0.013589710115539739,0.004673709828095678
15,0.09034940500045571,0.241886751160094,0.004445670141962112,0.004056268377702656,0.01792608928210529,0.0015697987789414236,0.045115494242594874,0.12204148805104395,0.006243918738710831,0.017889316885163927,0.0305334487772123,0.0029642770792143174,0.00786137034134402,0.005051897888593307,0.0009450829383422857,0.0015844008777694226,0.3483489504179298,0.03767331899979729,0.0034092562438359747,0.010103795777186618
16,0.00654435311681445,0.010141244222049385,0.6696763732661587,0.09374566835460138,0.018121155152042098,0.03840025534649457,0.004587842328273153,0.006040385050680701,0.007273116693676762,0.004381754729387229,0.019341571150322916,0.0029145491977036666,0.0013232031608545593,0.006402084754314276,0.0029211698195914858,0.003077342976506462,0.002820971382507873,0.03145283380125488,0.06557967033320757,0.005254455163557809
17,0.0026108333968179625,0.00308369567013166,0.002962980542636534,0.0013232648659993968,0.003298162474281952,0.31842604102508903,0.0034971640628309463,0.0017118269837653592,0.0013722611214629702,0.0008727096581433346,0.00611948218119784,0.5186485619449822,0.009879350381049841,0.00996500190587459,0.001170075528095062,0.06447929529156456,0.010168364171362361,0.03712151786789791,0.001343368700611827,0.0019460422262046772
18,0.07896082870246243,0.04350176905060651,0.16893023487909153,0.21042943551330856,0.008984675262543148,0.014277070115892063,0.02202458181392661,0.0775323688296409,0.000791292583005638,0.022150245108214044,0.00447446767377667,0.001143616768600347,0.05403658113234497,0.08947771344327922,0.0008827653584600563,0.01738265612309288,0.056298159853315745,0.11559544010249465,0.010583786507661782,0.0025423111782821987
19,0.007883237537616744,0.07719444830382463,0.004000959224478326,0.006646492443166855,0.006789951920565853,0.001965360147803461,0.018057597029416013,0.012913185318152746,0.05724259082858849,0.007230189960663854,0.028247592883459138,0.01036608913154464,0.013986417084254346,0.005629699141784704,0.7088001902986816,0.001996212987238951,0.0017506807405017143,0.006619077671498099,0.015914136835751626,0.006765890511008177
20,0.0017702912855010328,0.010447879818894487,0.0058217041776924515,0.00340446880024697,0.009141894841532678,0.0015985827045303042,0.0014001319088089135,0.005278067213916343,0.0027668034822087035,0.021613992124580945,0.007268090308796165,0.005442616463796197,0.0009489095415229321,0.7349695406266242,0.16523837605846384,0.001236958287226409,0.005621198738047727,0.0024127062674560466,0.007853439863866999,0.0057643474862866155
21,0.008729997374684311,0.0812952136478539,0.016185401560761373,0.0008603433059902812,0.0028498584899110157,0.0020205732096013804,0.0048397666819170885,0.0005958954095011261,0.1246469318041652,0.0070028812008672715,0.0009379245887800784,0.11124140007252845,0.004146678744113133,0.0040497999747772006,0.012738091516357918,0.1786422367644532,0.41578635536812014,0.007857749574974248,0.0016776724514592485,0.013895228259183375
22,0.13629362649416565,0.001188125378207177,0.0006609946491376316,0.0003736651971936982,0.0006802612785924867,0.007940740423231507,0.0009499750456503167,0.00043180771276010873,0.09197686458230708,0.0020446676416637924,0.02329935441153499,0.0010063529053465057,0.010700036396055683,0.0005603263757337718,0.5686131219592605,0.010228657322862515,0.016620368553038417,0.11780762943945336,0.007650019310347043,0.0009734049234578357
23,0.041065629986532834,0.0544541973200824,0.002997260680034223,0.014370134288126137,0.001932637875645501,0.08603666347892328,0.07039192426700604,0.04272292880077197,0.0011765976957169339,0.01728703032853193,0.016527227856359506,0.0007942463782789923,0.003237156276244101,0.05226089548145322,0.019574633814361708,0.2633122202653016,0.2892578763376421,0.018032154573402816,0.0033792078826392975,0.001189376412945498
24,0.007812176783587742,0.00694337949015683,0.24932518125360603,0.4282891970678789,0.0031789521989318194,0.001019621773660321,0.0020380934902138248,0.024570454176972626,0.0015514728506869125,0.01132449250962267,0.0036547657414317935,0.006123766362909252,0.0008236470051470919,0.07181171988460906,0.09949468766762032,0.014657120117203786,0.04258758324306116,0.009209066827531507,0.012568243189651919,0.003016378365516461
25,0.003202846121171418,0.0039018422613713,0.004520636628813444,0.004933579397791595,0.0700527205654013,0.002404938566681982,0.002532653544868891,0.6487314897223961,0.013519620119612904,0.027513414005474867,0.005605181575035433,0.07881854495509492,0.017345916589270514,0.003956513208391429,0.001652214180021097,0.017563551803287964,0.001490149017833968,0.06838772378365854,0.02012126499491474,0.0037451989589074894
26,0.001944286761577518,0.00923966363687723,0.01740136651611878,0.009990846999019656,0.011864568079171897,0.20678056136658324,0.004579306977925995,0.00286889417479776,0.004854108365942497,0.00230786568409741,0.01452021831515161,0.008156890554430682,0.000614997654024045,0.005477692735515474,0.6618456885878821,0.002352795110752453,0.002190376655275867,0.003910419441824446,0.021307795734023,0.007791656649008411
27,0.23621016135499723,0.0027555621857674063,0.003367818699325818,0.002297432471496196,0.0023839119536139494,0.01628099261159001,0.0017896446951614698,0.02477966635511565,0.5301098176258225,0.0008816642234157,0.008731271965885348,0.0052499069672945755,0.001531080766772236,0.032374803375912344,0.06597444197939749,0.0006503976052737125,0.027371984873426434,0.02871636187606354,0.006084928492754257,0.002458149920913972
28,0.025967132991384468,0.002185958213525143,0.0019063392884660511,0.003050338455949084,0.0015470904635037739,0.06642093356232925,0.11410696941268661,0.0023331119275390214,0.06669025868495572,0.008179183340093276,0.010304534550259132,0.3365786831784714,0.0004643255647764639,0.006272439123659124,0.1022113241615018,0.24114970969976904,0.006221457545106086,0.000940900419247976,0.0020119253645621616,0.0014573840522146978
29,0.006270249444098663,0.005848365189782486,0.10013335895046628,0.009311212999522115,0.002939878254282369,0.10166602402118748,0.002964478518135791,0.25520020594024134,0.005165344437691101,0.020196327314245706,0.004322582434188453,0.005401925098959396,0.0011309578043115524,0.004422826174773005,0.0016451994880583522,0.0019419940751878818,0.0012524817486082845,0.45172957478488185,0.012928480602911659,0.005528532718466257
30,0.00453981680404264,0.011648923520899404,0.016079867143342367,0.007948822165794891,0.013486340184738762,0.47994555408077516,0.005897562791319159,0.06068125359265769,0.022598732201454138,0.0033580445439911773,0.015776473423656664,0.052259568215862695,0.002750503590308563,0.01114870788605071,0.002865240111522213,0.005981946635031511,0.006286865349276716,0.062287321074941004,0.20641852311266337,0.008039933571671183
31,0.001002791790336315,0.004188130418463432,0.0045934333621857,0.009077234543002532,0.002260260860758043,0.0010114037853419685,0.004417213964206016,0.0015148556832740078,0.08150585765894179,0.0006912448263483333,0.870776276351737,0.0008214328792142531,0.000496154823093229,0.0009826620824929693,0.007033697285745946,0.0018417181140291468,0.0005877313364827815,0.0008844499020357558,0.004188130418463432,0.0021253199138471152
32,0.0051707180806828176,0.013234576039842925,0.006586171495158209,0.0101064035213346,0.00983809192342306,0.006501195247642139,0.00950174690040005,0.0034023711983569875,0.0069384316558435705,0.02413932799015379,0.6369574096118839,0.009925932029882194,0.006501195247642139,0.011006974132146592,0.003071272997338641,0.008893635098774447,0.08378306532219239,0.1132668042093643,0.02097555447824162,0.010199122819695464
33,0.01100078894346029,0.01793606892955482,0.014686024289533839,0.0098221329852324,0.029509349583482374,0.004853289239761892,0.008250591707595217,0.47238801111421325,0.0050617127040461455,0.004272597472866342,0.056913556950856405,0.02923784738846391,0.010715054165708074,0.005690063246617389,0.002485117984215427,0.006415199410135378,0.05589796088143467,0.22605304291280734,0.022918310298875602,0.00589327979113944
34,0.013490071546314635,0.007912642680609407,0.08937713416257041,0.6489066580281241,0.0019950575009990844,0.055988981771448884,0.0010841602539601262,0.0333776448268017,0.002356551002954202,0.028557588712949614,0.0028539140658932877,0.005171699262359156,0.0006108518335298772,0.0015066159774087457,0.032222743733000284,0.023520224627434628,0.023577323386190587,0.0008849303046425243,0.005212602312788286,0.021392604010020373
35,0.003711037718279782,0.023907852367448936,0.02908227321059375,0.006388965402759063,0.01903566973784318,0.6001336118568027,0.07660696357912498,0.01946331529899747,0.024927662751937498,0.005747289614605398,0.06158599032831616,0.047589174344607944,0.0035732485856019617,0.024347949664683136,0.0030839521730446845,0.005539493886400729,0.008079463197457561,0.006484952867052314,0.01403752224996367,0.016673611164479126
36,0.004223496752067513,0.04430036822931247,0.019279426876207484,0.012915883592652095,0.04005391117386959,0.005899848060841081,0.007240722620123144,0.2738504828122511,0.01016782325378995,0.002597760472974477,0.2388082616172089,0.024589470420885304,0.0018610243846915815,0.004751560880062728,0.0022227334554796633,0.0026473997701426414,0.003504291086097983,0.013909162816139575,0.27312085134496356,0.014055520380239045
37,0.009659274127634827,0.023164820789024255,0.018370255464588467,0.13678711640137603,0.017892864883533973,0.48125765741704024,0.01819790387614096,0.020033968444354552,0.0784784604658579,0.016250443338931272,0.03219629147317246,0.029896556367945862,0.007216410157780035,0.02041716044640205,0.004836832919361565,0.006774413361585812,0.01762323322742072,0.007324745579829844,0.02115584870836023,0.032465742549659
38,0.008701807462999927,0.025220578306501887,0.01708984665061732,0.01815881638068136,0.0076944137206276944,0.016425887011192665,0.005469523006229326,0.00623741021138572,0.02670414173629612,0.0017009088280303857,0.09493565220178161,0.008565479424849698,0.0009053220678010972,0.1583137000309659,0.26183252550129266,0.006343580530201384,0.007924694253460141,0.009868921946022478,0.2611604895394335,0.056746301189629256
39,0.0027797448774448522,0.30572561839418766,0.0037339856562692043,0.00223372356223247,0.14442172081214352,0.0011069780485399852,0.0034746810968060656,0.011166621441599273,0.002690075687849856,0.0008538405114971042,0.4765276932762602,0.003335693852933822,0.0005147675698971947,0.004240288796102316,0.003308207751428839,0.001055386136730251,0.0014295830798287809,0.002090522999995451,0.015636064935627293,0.013674801512625845
40,0.0015723553685296479,0.030161379492974375,0.00692493482459014,0.0037656408825932977,0.006952954999612817,0.002159432885613241,0.36660228551336604,0.00671824566553577,0.003321379879590717,0.0021377399970515455,0.014076324251598755,0.00920840904015579,0.004021806929028216,0.08445794550959254,0.00671824566553577,0.006409481121291203,0.0027272375926170878,0.003566244946005921,0.09682830315003736,0.3416696522846797
41,0.024484775488456095,0.006507795590352804,0.006106079813170532,0.11231948089926015,0.014967504642040374,0.038791565871906915,0.0015897796263427864,0.14272981243666513,0.0016938098111877163,0.229746482829046,0.004697396975255688,0.034837530045541305,0.0007018867559383255,0.010157542022659083,0.005235017106149726,0.07221888129335143,0.18066447408672087,0.051771906685008424,0.016486415495560437,0.04429186252538625
42,0.0062828095470739195,0.01286128071989249,0.02244110854908751,0.06500657680934921,0.028790132175991776,0.005814940751015222,0.02520206477878396,0.013243242504980504,0.0065384751328548115,0.005118704978954566,0.021023247330593495,0.011349448319022354,0.01862417174614497,0.6319648474947093,0.0776855817749361,0.003935602386724,0.006312802694871332,0.009589551413954926,0.021023247330593495,0.007192163560466196
43,0.007830869870414236,0.015428402145140734,0.01248044885597269,0.009076690077071046,0.022329306061103893,0.0076802762190601144,0.004982402929793362,0.03269628993643046,0.010173632864418497,0.0399199727596264,0.4613935067101436,0.01248044885597269,0.0021823735704433115,0.008407881334550024,0.010031113321853713,0.022671436847007287,0.01961435972109455,0.25167598508728856,0.03194994907129009,0.016994653761324512
44,0.019139751789264692,0.18987864119908962,0.007822993786881996,0.017292933634160196,0.0029271336657802917,0.05995021190758828,0.005319281125990148,0.12028680233161103,0.019327396414649638,0.060662059400104267,0.02791831557249196,0.012637143809578609,0.0026950969799014565,0.00912682608469566,0.032735307699618535,0.001606123732773565,0.2137927754086244,0.17692001333410048,0.01689589466974321,0.0030652974533519344
45,0.01301746459760402,0.016039953501793904,0.113231197177918,0.01767365246956921,0.03534730493913843,0.005556246656115225,0.009414846410701524,0.00806799978171767,0.01808679006627992,0.010121155777291136,0.03976571805653074,0.005332188574365255,0.0025183786382530935,0.015148844973916465,0.018434643783973418,0.003604814994642917,0.5530486191477312,0.07953143611306145,0.01988285902826536,0.016175885311131143
46,0.012436654754350183,0.031705261253503474,0.17426462853855915,0.4658895952875408,0.008561240178321265,0.0409393263767676,0.015935773797271267,0.007967886898635633,0.0054805962460795,0.009962796744865776,0.1231099694669224,0.01609513153524398,0.005646501797424251,0.004702765146812408,0.011334599672707028,0.002235434935450552,0.004350035550065941,0.008941218660594432,0.0298057991393407,0.020634784019543558
47,0.012580272002672045,0.029353968006234774,0.07205064874257625,0.03445900592036256,0.012073077218225182,0.021420463139684837,0.042136549750812206,0.005974592318738465,0.01447268253847415,0.4586157599591026,0.07430223151578179,0.012008441457096045,0.0026703942849788036,0.009900883600872688,0.004229562989096479,0.004581255122360341,0.01345380449907818,0.037726548404543786,0.1132224480240484,0.02476741050526059
48,0.005043846229323441,0.047075898140352124,0.01030337780482143,0.04333104005908692,0.0062527555609496206,0.19908000297907946,0.02229910964542995,0.03703252987774606,0.24507062909188337,0.001637362941541355,0.047075898140352124,0.17609359104884478,0.0055747774113574875,0.05111402900093399,0.0031235739464807316,0.034284330656932,0.025876940317968004,0.007061384721052818,0.024521170824649472,0.008147751601214788
49,0.005019131264217974,0.021395103419512874,0.09436678710242447,0.0046523485949097375,0.006168463028288262,0.0019200168804389393,0.0027778782972300883,0.06183773893335344,0.007880199574439944,0.7072657715690288,0.00975492447319784,0.016917631254217226,0.0010777379095304903,0.01398738166603103,0.007295324517622294,0.0017647732555041895,0.004842110827244264,0.01191141802624483,0.015709229021773144,0.003456030384790091
50,0.180497393672193,0.05012667276324604,0.019018605539422195,0.021046904942325684,0.0010492591906731278,0.18129527419142982,0.018468089829682934,0.0007573466799294506,0.0485209913035032,0.0008108984392976867,0.015931608935934833,0.0032230779971767058,0.1091542290992759,0.05020318107813958,0.01605803379695803,0.11347479036984658,0.16551303996458638,0.0020220701507593377,0.0022693280170372294,0.0005592040385822399
51,0.027591570864657185,0.030871346862929912,0.3415983870802659,0.09816686890623486,0.003222832914261914,0.003922641972832703,0.0042071113242605485,0.0026421422990795876,0.004644128903193992,0.0021926663547400258,0.00814660542216206,0.36900199647432463,0.00420632376806501,0.009615665416322432,0.009023932159933357,0.023146271400182262,0.03282737524467035,0.0011910544609040705,0.02094841394270244,0.0028326642282764224
52,0.029443947962327775,0.009546730260386707,0.0015057843061974335,0.0009707755035747153,0.1547698952439406,0.017771371620642882,0.0012522392930375647,0.01052453659497622,0.0013060710769919207,0.0005269948662453276,0.1398932088613997,0.0059746781841825275,0.0012277508023058208,0.008818486414181153,0.008008364932846665,0.008876176210742812,0.4588529094490384,0.005572451128789335,0.0034234893381757925,0.13173413795001665
53,0.017474156988925585,0.007314402925653374,0.05794995305571638,0.697716755563159,0.022078660682990737,0.004544016710066449,0.008110528414159863,0.007691920496009677,0.009110675347792831,0.009845407400025884,0.014320470648850777,0.009537981415052,0.0019386141087504058,0.01020291497432665,0.0029212772100553975,0.02352817654076659,0.021485113591848477,0.05374379822703615,0.012291213163726802,0.008193962535086854
54,0.12366688260943758,0.013999520749157513,0.008174144589313929,0.04339346762786069,0.005208614089244007,0.3607219262090435,0.018856497335599916,0.011835852030465806,0.005133157608024421,0.03382162129649291,0.006695422966988377,0.008213052172839073,0.002463915651851723,0.016282686879586818,0.08817999059104104,0.05815894329097098,0.05116103928263543,0.018447739063711374,0.11189710566766997,0.013688420288065125
55,0.018978090682863036,0.006931601402656358,0.007712336511650709,0.016863448188552035,0.011076970868950846,0.003178384335572543,0.051584701526357364,0.009337611806884185,0.02204849704407613,0.031559149902912004,0.0277266822056072,0.009656846398572533,0.0009900284286590553,0.07952651283721776,0.6645818199994173,0.003167070262331981,0.0031559942688806314,0.004917749848793184,0.015477411351136797,0.011529092128908024
56,0.0021455489545384536,0.003758310584795546,0.006222091968161515,0.009738926558861502,0.005607404979537809,0.007956069114735106,0.007449954906446162,0.0864707974914979,0.012042758648054545,0.6610145366823493,0.014614592455116917,0.0030768586655743756,0.025613927552756318,0.026809278390145335,0.006073811763814544,0.007795469386187621,0.030570198891725808,0.06749754911902063,0.009738926558861502,0.00580298732781903
57,0.008094595273324755,0.0052165169539203984,0.004580434385408316,0.00545914564945158,0.07252660154563448,0.004838405945737507,0.002677679805244311,0.415304035568514,0.005386186595347295,0.33347796390022366,0.006977639115098134,0.050661566074189104,0.015852434604059103,0.0027085761106894375,0.0011003590449675839,0.0008460121732206092,0.0012464449664707855,0.04827685321568949,0.010834304442757747,0.0039342446300516965
58,0.0033816992941060105,0.007877822219224229,0.007628756546165084,0.005265436755398984,0.005041806220303508,0.001672493016385361,0.002823461345166999,0.004668339092873617,0.0213820262966974,0.009566691109125775,0.022729454271860072,0.04844452925375175,0.014528124420416835,0.8206847391708592,0.0011024961020235768,0.0019364479198093075,0.0027446674604151423,0.003905893003242569,0.0075048769607209105,0.007110239541453662
59,0.001772049199297521,0.005172078557299269,0.004534107625504259,0.0037906805937329047,0.06937418774508516,0.008348630742097244,0.03575686571469919,0.015477150206332616,0.003732666068247008,0.0019236344138344808,0.006330006592515523,0.7555841286818666,0.0028055817532428233,0.003317767425838571,0.002753862783273412,0.0019164987636795929,0.001992106614026573,0.0018439584421675657,0.007440534064886667,0.06613350401237289
60,0.011029544372777516,0.0083484992247496,0.016712322733781856,0.017449631089684,0.009253773113628485,0.09474542759740333,0.008789443808137124,0.005379732891589567,0.010408551878057122,0.0038372409309832115,0.012107907286719507,0.00601518258146785,0.0026861264171618767,0.028032394067355297,0.0021575754250970996,0.7007538400111804,0.030188142745558803,0.004823475260563056,0.013797382722075719,0.013483805842028542
61,0.0007525494421094959,0.042994828692873216,0.0007048737077029811,0.009216413210395968,0.149447652279316,0.0007072000235699878,0.009829431520261755,0.04171917773539871,0.0028683891161216703,0.12643399865784904,0.0022090887334196524,0.0038647309737171536,0.0007680344341996641,0.0037198978469506943,0.0006325826190811646,0.0005093135341695456,0.0007965859001550417,0.5974512330389077,0.0036318916464695983,0.0017421268873309451
62,0.16435164592318402,0.024358901557267623,0.0036089065309486764,0.005675545313628688,0.011868496152692618,0.0014467076289641752,0.0019359731827829631,0.0026749700320673198,0.002646013085826271,0.0034687307013119006,0.020122387930138076,0.030146265976832405,0.0019731312878566204,0.00861782339870133,0.008014388218151801,0.2995843318305307,0.3939688655817231,0.002696915750065637,0.00948626859563652,0.0033537313216896792
63,0.0032099337080460813,0.17996418824667515,0.05772753896779955,0.012028848186756593,0.003568552798887686,0.03580986538897762,0.0021055408000291314,0.4337616305667303,0.02095828623974028,0.07807681605349354,0.13438093723957353,0.002075632550028718,0.0016872879244887967,0.004496736959123388,0.0014239712940890073,0.0017093856711157083,0.0020804723420264058,0.01215861430539565,0.008910032409879372,0.0038657283471434313
64,0.0032855012227235225,0.010410079880689744,0.004616893379298972,0.749891442733718,0.008627531955914106,0.018508627495100707,0.004597152064100216,0.005360083683248762,0.008783082000321943,0.00576014939128073,0.018523818611227347,0.009995553355457737,0.017273265456039,0.00845025354522916,0.01573549540960601,0.03326205132411189,0.0031411961734749607,0.005529237546945691,0.05539532287800695,0.012853261893504683
65,0.005064201354661938,0.038389913495017906,0.012021084023692476,0.015561837568428499,0.013223192426061722,0.018894735621947826,0.010085485748691145,0.0037826825621419236,0.08745506073220843,0.0025815343131140025,0.01367916457868454,0.012209188213448432,0.007803851267839706,0.01313036328370472,0.7079043318304811,0.0023915799283150125,0.0023698354549257362,0.004958697159773147,0.02017097149738229,0.008322288939479408
66,0.033617689021985094,0.033617689021985094,0.04521433225037737,0.034406196432859276,0.024363371003390578,0.01663780239583072,0.02089748236501776,0.003461208083943171,0.012037425858362092,0.013544721604068345,0.45933009201424074,0.02343051053047446,0.005445118644406037,0.029738724904063735,0.01250387638851211,0.004053797043959456,0.005402312854967624,0.13151331017651255,0.07941365047113717,0.011370688933906725
67,0.012248081530211346,0.027197891614632937,0.01337527077443385,0.1780636863169529,0.05994751365072836,0.02738215111044824,0.1780636863169529,0.01636116945029778,0.024978130687803492,0.003729607791097492,0.005817295875101549,0.05994751365072836,0.01665208712520233,0.02033934824100756,0.004473695048561819,0.004863734827066855,0.005167889107821412,0.1781851825122954,0.013337280241834568,0.14986878412682092
68,0.014580589985856627,0.014730867322011346,0.024014553207236253,0.02910854934210455,0.09947465623529393,0.028461692690057775,0.04062999270414098,0.0044577927180476295,0.013722601832706429,0.5727540780118409,0.06003638301809063,0.019603716903866326,0.0013679861207684183,0.007389093294534233,0.01286724427563393,0.003262043237790708,0.0038577595513632533,0.019427583094482673,0.011041173888384482,0.019211642565789
69,0.0034533767971572597,0.0072150545356143014,0.007422899995834843,0.00832655738663213,0.005194921685894845,0.1546818160670507,0.005261286260784038,0.016310709667041918,0.007722210479537862,0.027111324765137907,0.025198792091123554,0.008866241661691619,0.04134427255914297,0.006649681246268715,0.004890672663123008,0.5705601928227746,0.04513481275343278,0.003799817855010694,0.04352518633921341,0.007330172367532734
70,0.5885218970966685,0.02400845205534565,0.0031988745209758037,0.007540435772705119,0.012195025755856428,0.0027750793342593305,0.004429583346297626,0.003491712204050645,0.007263213869296844,0.0023093816514391913,0.01703098424524777,0.004726301847963497,0.00895764131577812,0.00352784673651561,0.002214791673148813,0.04608904737449512,0.13035358312930634,0.07849666521794689,0.038553583052349544,0.0143158998003532
71,0.014334572201399096,0.0037375065964075265,0.005276467556234505,0.0031063149513384444,0.19015404593813706,0.0031592802546288237,0.0015839130692468309,0.017700428755549513,0.0023354046714442324,0.002739453673039767,0.008647309188861075,0.0025596035199028783,0.0006212629902676891,0.003440327311697417,0.0011983162546361792,0.00343144302493683,0.0017483630600429495,0.0012469217746704964,0.7296090694004362,0.0033699958071224004
72,0.01790272866070289,0.012540448998556206,0.6496656035370528,0.10695120557819122,0.012515590552614357,0.002920979165127749,0.004586147165730753,0.008392454329803,0.013131383428208477,0.00320203229643291,0.01225864115589202,0.06349475697556672,0.0019140685313585788,0.005929451428665162,0.0036367302095812993,0.0034635525805536173,0.008996533748339827,0.005903915798337758,0.057422055940757354,0.005171719918527164
73,0.024515835015649193,0.009286780307732528,0.021116061133309032,0.06955862342166058,0.028672439445320847,0.034688025743969945,0.06038621666574759,0.08698312415533122,0.04405136543193001,0.11995385914209887,0.007129906374767199,0.15801460941015968,0.0005916183616166444,0.0013982676226674438,0.03864758380959515,0.06107804508874019,0.13505816204176274,0.04913682313949425,0.003007400336903603,0.046725253351543275
74,0.002446722338826625,0.006229001190226352,0.005190834325188625,0.042975172523624344,0.004708809977653389,0.055729497137641,0.07190266806002023,0.0019915268270803573,0.28401353684168423,0.04247584697019058,0.007563787159560569,0.008679755756872786,0.004276268534999373,0.00844163374144459,0.3139760444829276,0.10228069897014687,0.011609386031033507,0.0038091014472607172,0.014707363921367775,0.006992343762250578
75,0.004844788101861303,0.009874918887017439,0.011493758048823579,0.018949168675087516,0.008111767331195615,0.1220338467239542,0.010786449861203666,0.07311946805887655,0.05373156649667748,0.0028683568102006486,0.0035945950091057265,0.02556119699228112,0.011053599072970691,0.015336346929334024,0.414998603982838,0.0016879955391946233,0.0029713769136524384,0.004582478699204171,0.19624716855282093,0.008152549313700444
76,0.010156369013356302,0.0329494669233512,0.009286695278874914,0.003452569160620094,0.0030435718832505583,0.0036430214497740337,0.002762055328496075,0.11260581592303476,0.002705458793319216,0.03843441056126567,0.011412101127560451,0.1889493726504108,0.0012149765458999721,0.03585010824875545,0.010563509764018954,0.014671010506811613,0.008894967134932213,0.03309902164424644,0.42179125767463427,0.05451424038738699
77,0.010282727689360551,0.010212381095389255,0.0011840332992059258,0.0009551277056827371,0.002327929876404871,0.05647297908293848,0.07864178655352076,0.07583832531923923,0.08095617388706107,0.12166888294671303,0.004578262090262914,0.019986785348002686,0.0004540287988970941,0.005330060616240791,0.35813277747240924,0.08416117036510223,0.016286905049115383,0.06585171499693229,0.005493914508315495,0.0011840332992059258
78,0.001852595924885845,0.01631411530445973,0.004450739563517901,0.002635319123951275,0.003883645155892795,0.001861647454534387,0.6269477610988639,0.001928177157767044,0.0021280822622956708,0.001970530864531856,0.008282431532418293,0.05101279103540583,0.0011739412803158232,0.004153655038622658,0.0014252881800272343,0.0015015471975823721,0.004427336128238144,0.002687676457539711,0.02174138277259802,0.2396213364665515
79,0.0031277655845383433,0.009791266177685248,0.009791266177685248,0.0061529814777803475,0.010845637869028398,0.00496033308561147,0.005695330999392811,0.020732416023710606,0.006824215820810932,0.6649475007260637,0.010668247777922123,0.006119541361053281,0.03858319677095296,0.09407020198040421,0.0030216691228229014,0.0026410414002147136,0.0035974300652837172,0.005178620456802161,0.019816840789597563,0.07343449633263938
80,0.006603635419911492,0.0606573518886529,0.07901113688480474,0.28273582558925275,0.0278452061842271,0.09547246535827002,0.015817843554342865,0.09343105794882003,0.0015331749179930984,0.001637899462143291,0.009169134587819627,0.058829498711727164,0.000410676140022929,0.017216185441689343,0.0023024838789219735,0.11306347383669728,0.042064684930878865,0.0692302784391682,0.005199229114099158,0.01776875771055729
81,0.007434820562443993,0.0064150310426653095,0.01759784248465556,0.3685573946245774,0.012189825114151244,0.10042174192809566,0.017950287323246578,0.03554262414671776,0.0014667442301518037,0.0013432553975067651,0.007574145626638192,0.13259030963330035,0.0024558188066116237,0.02892831121448333,0.0023075191609187393,0.010207250093111972,0.00479322992841335,0.1498294198877829,0.04196486090434674,0.050429567890180785
82,0.016162855378757102,0.06935416355795825,0.0003928176092966756,0.0003212643735840289,0.12788260294736936,0.0005471314659291323,0.04929781443992461,0.006733391590459804,0.05668373183790416,0.005485240393610672,0.010951158661495462,0.011737336452181961,0.0003481938776413201,0.27699538534521134,0.04501581426750429,0.03937083604920264,0.0339615920219655,0.0021583653005645353,0.03453592016028311,0.212064384269156
83,0.08761231325480312,0.061095408984391975,0.002341542666110692,0.04478200348936699,0.0012336306286262562,0.15710190261158674,0.035259372050929765,0.011283794420466516,0.0014330241116597437,0.013216144073150431,0.12833051746206658,0.061043624868187416,0.21255107344974153,0.018896824695212824,0.01675502195150465,0.0780097507964699,0.031115818388047133,0.003451406819989749,0.002577381495790906,0.03190944378189713
84,0.158923449930429,0.020013293441674868,0.00045945623211796847,0.0013490223722835968,0.0011107405801068883,0.05332265824359799,0.02290754793656348,0.17262655066832572,0.0013737893983593737,0.07737094904779622,0.06202659133592574,0.2206668569343115,0.043811799158846004,0.08369207265919601,0.0001571264656637257,0.061097308327935654,0.0065683983212823935,0.009481382304801273,0.0011336698838353243,0.0019073367569472856
85,0.08040040887700257,0.0007146863020170593,0.000923744199885995,0.0006711832935320813,0.011070347355736877,0.04976179845597082,0.3231762201706892,0.0447832717995582,0.00898454979436236,0.008125245089544143,0.0027432403511765905,0.014680042960350406,0.062152832104888374,0.03531542247364297,0.005776593719653794,0.011360282602822782,0.05881091290442973,0.15582341595963636,0.0014965825954686661,0.12322921898963116
86,0.020113538051319532,0.006261198020642026,0.003946898688505654,0.006464408787951862,0.027410006190227557,0.04333432199369479,0.6218978696456823,0.001980625523686474,0.0631489915680008,0.054833386622191276,0.04280280440662341,0.0384877113355888,0.007463179444225302,0.012449735993258881,0.013061786058110873,0.009405028674953273,0.016825486777258272,0.0002538489707875089,0.006782100006268535,0.003077073241023028
87,0.002351322649326146,0.008011292169489799,0.012891734525615765,0.16359436528033686,0.007053967947978437,0.006413218664293754,0.0061965795786108925,0.005552380711527582,0.6690507254773086,0.0025624103270596612,0.013572619664284226,0.04444129811046376,0.0015136044584731058,0.026259000652407122,0.0018386573675729537,0.0015620903951651412,0.00226720475412852,0.0028322750094155846,0.017802871487755105,0.0042323807687870635
88,0.0004003995870048822,0.058597840502800286,0.04409989736903914,0.004880601868065123,0.0005252438323285242,0.002330349092134868,0.007557041687904184,0.0003853888279481621,0.00043927905323211717,0.0012782110385678109,0.0008718709832596584,0.8727733197499147,9.333631432880475e-05,0.00036687640384688587,0.0003721108895062044,0.0009683988564074938,0.00018208607758494094,0.0023624021173832455,0.001167071394914503,0.0003482743538286575
89,0.2912851475678787,0.08383788456287652,0.01075165417841809,0.012104935204265595,0.11534382446848124,0.04114524251021002,0.011876105752741742,0.0012342434674163204,0.001050308059710202,0.00036149909254725706,0.0018249241521849254,0.0009770230720424012,0.24800088917470595,0.006626196903496949,0.005222089688589766,0.031205836595382893,0.009248260535918247,0.004121679011542921,0.05974871863643915,0.0640335373651512
90,0.016407101743118088,0.007883971275433893,0.0006731276286517163,0.010706590317131082,0.0008409631647081124,0.24000959890674256,0.1272344072288978,0.0030721231889046354,0.1896776064721687,0.01641259197822068,0.05242362324220639,0.006390109835329746,0.0022294158800998548,0.04432264478167459,0.09545962114866652,0.011205258996140572,0.15787992671088785,0.008421457691584831,0.00417161990914419,0.004578239900288207
91,0.001981129923879269,0.006501829079040019,0.005766503171291444,0.006947484463043114,0.0035486173361793504,0.004795903627608726,0.0037695429290932393,0.0023611411297621435,0.5795574538744873,0.001208380745786072,0.018995539858371817,0.052308755292089594,0.0012392970368020582,0.028269176755731727,0.26013638331890043,0.0014502582826002434,0.001752829678533736,0.0023571107853454076,0.01274700701022319,0.004305655701230945
92,0.07299607221729243,0.010031830241434093,0.006901330024248986,0.021624167409313493,0.024480189519977543,0.0073323129605489595,0.006645663309643809,0.06342932544102,0.013348996974737732,0.002561775434641074,0.027030209261641867,0.003975539391295807,0.014191732696244415,0.007662106562355175,0.0026587091077024784,0.004132409582336215,0.5805525036945899,0.006372034478193729,0.10812083704656747,0.015952254646214872
93,0.004372413162764299,0.010580144444120032,0.007377560269961777,0.08495191893205638,0.013024581711167086,0.629965623189472,0.008242118114097923,0.007033274124030227,0.02001304925732439,0.007060173827021606,0.01953687256675063,0.01818950204490576,0.008200479906662473,0.023271862910394132,0.0023099888970006493,0.009147321837611565,0.004632960564806315,0.004598423325385797,0.1087727960499666,0.00871893486450028
94,0.00956923557712582,0.013678916800480636,0.06905796530023238,0.003926653178208402,0.009749866230129816,0.547440122119541,0.009164874256322026,0.009779445638580473,0.02291218564080507,0.0033854242062421494,0.13679389015870463,0.041658519346918305,0.0023085325582675137,0.02082925967345915,0.002714575790540951,0.00658646687624351,0.005885646256226228,0.00829404351009566,0.022353351844687872,0.053911025037188406
95,0.4502199199723048,0.00952779411974509,0.010288889998312666,0.11064825787978794,0.025684242962578915,0.005300337271858039,0.0013988123048090447,0.030419326951533092,0.008745556498565765,0.004626490439652827,0.00945465567412515,0.01488605361458002,0.20850401110761355,0.00685925999887511,0.0105213451170323,0.05937576444862314,0.0023726762848788195,0.007443026807290012,0.011660741998087686,0.012062836549745883
