site,A,C,D,E,F,G,H,I,K,L,M,N,P,Q,R,S,T,V,W,Y
1,0.05367621825318737,0.050139091024425674,0.0537157886655001,0.055103238470182635,0.03352920239129648,0.049347965286181655,0.04864178749388419,0.012131146056430864,0.05011715422461509,0.04928324157924278,0.12984199033258947,0.04870242836276608,0.05609340633118709,0.045466687848729294,0.050400697485578634,0.04429680479885444,0.010336761298120554,0.05405170622143102,0.04930520953881254,0.055819474336984067
2,0.6365308384935316,0.008455674520959244,0.003699960759586047,0.012927949061277016,0.013007877142741374,0.00659669568999493,0.0010632807190649597,0.001839254145230916,0.003638240395205729,0.0016059036977977782,0.014501462100252025,0.0032102167980238563,0.0030838319190992064,0.005035615757020726,0.000714791642849902,0.011875475822289391,0.005041764347338698,0.2620643971027531,0.0027530372838776396,0.0023537326011057575
3,0.060504184457040706,0.003241474059528251,0.002214355044507522,0.003002877802845613,0.05699811942649294,0.03156193400269922,0.06739208184968115,0.07404623129236257,0.0030768790371237657,0.10234212487091318,0.03664649212617694,0.24760921440419234,0.0053831796884565505,0.04330806207212592,0.002301528578320124,0.12108224429595346,0.08985745267395198,0.006154253115369116,0.002208788815507826,0.04106852238675081
4,0.03664376452826727,0.01530257732060714,0.004079960041838152,0.0038203482048137323,0.2286294632731507,0.01028022580628123,0.009536259469480822,0.07202328923890108,0.02582504869322845,0.043946713683158306,0.07491153555136675,0.1292507671786968,0.0002687848009137477,0.055307242265547236,0.0016866326358704483,0.0685079252629379,0.10353561933533809,0.06305038013259921,0.005988495743581445,0.047404966833421526
5,0.09035292688021503,0.03225732206998721,0.013924684240292043,0.007689432392245152,0.017666585207328153,0.4707888697444427,0.0011775378763799332,0.0033127148370639538,0.005589554690856464,0.0006219725174829551,0.016404373326097895,0.0032643418688964843,0.003789267914503857,0.00171187030521546,0.24074903613252446,0.053325596681227355,0.0017199006091959841,0.012356061792530066,0.015828719610241085,0.007469231303273829
6,0.023704766334578575,0.002184898373401558,0.006487563790191912,0.005787546130295781,0.0025316424228629423,0.0014680419390372523,0.002444666073227061,0.00855499668309699,0.00806407092653086,0.0012320513858113937,0.011405149446316822,0.018876200016236983,0.0036680575411170606,0.005267144400886062,0.00367918315741678,0.05203146210737902,0.8228961189325023,0.0018589196467095218,0.016342690026048563,0.0015148306663527722
7,0.0009105798104745185,0.0024124268498852738,0.003427560200767784,0.02397265031176002,0.006479481131830471,0.002254851300621987,0.0033318192251232327,0.037020350573285406,0.7990079002652193,0.0008400678118198188,0.010008061045960826,0.066119284193866,0.0011436844521109156,0.00475551850633044,0.021379618013564465,0.0015551224546146531,0.001969865996965852,0.0021060920496727585,0.008540798351844918,0.0027642674542813074
8,0.002703591600692505,0.017069211119163537,0.005130093480633402,0.004319867045563117,0.006553130833036062,0.010697560776245398,0.00374953765274446,0.0023584683550229176,0.003477549166233048,0.03459131538915444,0.007301939400028224,0.004983986184955488,0.009030752562133306,0.016827324161392595,0.8162567938569495,0.00195834000795736,0.006013166045172564,0.0043618455684633324,0.04051915890357326,0.00209636789088542
9,0.09408813935860662,0.013988737610335257,0.0012266103020029586,0.00538795009055048,0.02345795953319258,0.0038753318363159116,0.002389697786237635,0.0029894041177437607,0.007482240757232582,0.029953573448074228,0.02725466347660058,0.013634988703806531,0.013994970738083805,0.023787793755697968,0.0160777592779839,0.5922193504134793,0.10210186797138862,0.0024808900143005125,0.00515378362620046,0.018454287182166337
10,0.012774512548048244,0.024857416250292683,0.03854230957509322,0.03135649056091619,0.07285814384665355,0.005848137293228135,0.16453562691415738,0.024612911535134358,0.0011852460733118384,0.02301072080751299,0.005016839199839472,0.01590248682171096,0.024190314856195452,0.02540642462320618,0.0009095227624190527,0.017421657905789256,0.010230622234772469,0.04937023079759296,0.004867034429129477,0.4471033509649961
11,0.006292167175007818,0.004780877919514378,0.089688073862115,0.6484643798618803,0.004972544348084287,0.016704725055205663,0.020885737555167497,0.0037110875926303195,0.05100184932867641,0.0019261819346104395,0.024245700406529493,0.009191655073911394,0.0010436883306071795,0.0563974364328093,0.0017487852743260973,0.009208833152827384,0.0010741008669618536,0.026816882207556045,0.013295218389062223,0.008550075232516855
12,0.0775308439449434,0.047254798080646705,0.008678607425920129,0.010896305670384245,0.006313539095479688,0.001867925095525662,0.07156959754401042,0.012660104058707126,0.2764621168270199,0.020902077290273973,0.07654704784826379,0.016430563233222402,0.0005967604955156254,0.08571764401855217,0.029252807242524596,0.2014977203598957,0.04137481989765704,0.00695550254923875,0.0005799379054599407,0.006911281416758757
13,0.001130013478010104,0.019815228671937673,0.01409784823738724,0.006756752644655558,0.015996770423934818,0.01297396604729146,0.003116160468986524,0.011781850457433678,0.06879594101998876,0.02048467240853441,0.7322546276878131,0.002097305645503795,0.0005514224889049377,0.0034182802198486754,0.008713813150315436,0.004519459801719709,0.03174697206135812,0.02181424054867415,0.008169860594126022,0.011764813943575763
14,0.0009501399301080526,0.0019318065864332033,0.02411324890606888,0.13857142505421952,0.0008197114043862177,0.012073215887413918,0.0016928941644655925,0.008980926229506863,0.00899106025632013,0.004651176900448665,0.0036728369882857224,0.001383645051875639,0.0002880500979273029,0.005402185824911295,0.7773051521907189,0.0005936526139433293,0.000366956068857301,0.006343933556754129,0.0011324559108154598,0.0007355263765397993
15,0.023138114993568555,0.005689625168931078,0.005344815126229481,0.009132783049549356,0.027793599180861214,0.006029954388864326,0.1659534182180258,0.10268949581621989,0.013481993734371795,0.07366172082766825,0.004771116823948075,0.02042999969256916,0.0061897339532320655,0.032841699446503995,0.0016915059549886013,0.01783685613681771,0.46427696587145784,0.008153887664004706,0.0028085803608083894,0.00808413359137969
16,0.008925489091350347,0.01819437703123029,0.48706842636158587,0.021323541172899342,0.007688893780506102,0.009603975542802679,0.023107658057902446,0.005800114673883572,0.005090842433997113,0.004396615670622968,0.05443207950196889,0.01628288412962373,0.0006224060029693316,0.007188208713876298,0.0013560848117556638,0.0035629544482880695,0.22529791424461856,0.03599096747410525,0.03382463345471856,0.030241933401294864
17,0.03598412903783925,0.05607947521576227,0.007396309625842875,0.01696121567380836,0.0022645342883422233,0.3306338178299608,0.0023731492048590206,0.009387227028217244,0.19051151433910546,0.0031139258743096763,0.008154349637563472,0.03428249746783348,0.04432284133490906,0.0944644886263434,0.005422639306717177,0.046340136952103705,0.03787032289906225,0.04381889276277095,0.029284711850083613,0.0013338210445657229
18,0.051348049872908606,0.006166177213960743,0.1263189091840843,0.15618999921151475,0.0032054577622321395,0.03569615807314403,0.016702193404718717,0.2174453289991326,0.010990691775017174,0.015118103139155804,0.00442329362713052,0.040352260607523796,0.08285967242351874,0.04911718176586109,0.002711904398534001,0.009659280603536604,0.03553444469991396,0.10574570305063394,0.005095046715021301,0.02532014347245718
19,0.018836005071768355,0.021507298900879542,0.0031802680164891013,0.06686784874719356,0.013081688262402252,0.030365669454601608,0.10501507978887252,0.006398601548237133,0.10843776606062856,0.009987847022335359,0.014842065288613182,0.0048611770359216575,0.013044110788770758,0.007848152169215361,0.5376270636538484,0.016695786941999496,0.004356576073313067,0.006489605121231236,0.007185262137218257,0.003372127916460582
20,0.0021479913728764876,0.01038772598924568,0.0037059190023179867,0.012604617550736304,0.0030186562291486868,0.0032379440331374554,0.01260873401453875,0.001664066232622238,0.011289451222640011,0.004704263918093632,0.002378223985864534,0.0027028335543614157,0.08641160187806042,0.36983177260106487,0.029412457830736212,0.0026722153468326892,0.005187396164821979,0.0012184544528301864,0.43294952317662566,0.0018661514434448313
21,0.0020104067684481733,0.005495662567392687,0.024345131878094468,0.05431462367339495,0.01716493357436566,0.013860386775789527,0.019280213514190687,0.00729649614714871,0.10367226922120562,0.006316508537019003,0.007806364839215469,0.12560195824083947,0.0017298087202431084,0.0076438681754483,0.07748753391646371,0.18141201538750368,0.3291212370248699,0.00444246715331732,0.0013004677361675046,0.00969764614888208
22,0.16442891022525705,0.004028852472397425,0.0006302870906966838,0.00955930448149706,0.003117907889355245,0.00474320249171416,0.029924624875839943,0.0007027474063972992,0.10824813273756842,0.000614988865358986,0.0029553458067585322,0.006916514040913008,0.013702253622326839,0.002337257926334403,0.38145671586342417,0.04639406011671789,0.04672665964233426,0.17115908601648674,0.0015213408889432167,0.0008318075396787595
23,0.022312867129698405,0.002711314698492588,0.002249811764028188,0.04921455969545011,0.006495684811855821,0.05580975173465761,0.03499768500361005,0.002702258222503911,0.008592589045063766,0.011026006057341822,0.0011867620141874792,0.042270633165814385,0.0006675900689866318,0.02576934530873258,0.007528587719917204,0.5481825486978903,0.1567431974391303,0.010895034096664364,0.003547697038893271,0.007096076287081237
24,0.0229686344102278,0.0029296177987083996,0.007855665112157182,0.25227087602168097,0.03336009959146631,0.019887261557705007,0.0012412154112209502,0.007197527154855621,0.005447728131039138,0.01197761769838444,0.0765287426908189,0.018458107261496343,0.0011877944969329308,0.2480374447559242,0.004754336852415132,0.0015757119519547622,0.11749359085749497,0.15712044420205878,0.006768461177624748,0.002939122865833415
25,0.0032059264936425075,0.0024783765343413607,0.03752311263993897,0.003082935788419152,0.045611070700714504,0.0107869778642522,0.058186804774478254,0.6236470862403845,0.007017252320277671,0.0064911756647464056,0.043813775053226846,0.022142220641055955,0.009222059597304343,0.013844662443888038,0.03687357875550611,0.009745241217370852,0.010658009478546759,0.028087351430346935,0.023547601390189313,0.004034780971369373
26,0.0020023058526196925,0.006850146848471462,0.025847811556577317,0.014677729286678846,0.025092545298592263,0.03673469345848637,0.004783811855757619,0.028642368240320695,0.031121725882029074,0.0021240994209404205,0.10189010252727036,0.009029939474250176,0.0005609737385564432,0.05875013122414868,0.554627439756446,0.008572336216188449,0.0329861672808381,0.002083160795980339,0.0492981233423943,0.004324387943453468
27,0.22274690890233018,0.007434711684126473,0.004259297374142978,0.015212720462160871,0.005059186274600184,0.0053635599514135525,0.056756147924564675,0.011355455553906399,0.2294518942932041,0.007089536382278554,0.013296768850397421,0.004298864196883042,0.003395825195101085,0.01997427789389048,0.23750170504279727,0.07512323928168724,0.013584195829665935,0.05828042246893267,0.003518680825136824,0.00629660161278016
28,0.010789357783008276,0.04005557100247031,0.0018005681987395916,0.009275625572378127,0.00558333298875741,0.06319998323117945,0.007718479927149147,0.0008243970826164581,0.1474204550763055,0.00016373851707638366,0.0023036884309943174,0.6663146975244744,0.002435811885247753,0.0013904234125390969,0.0040593427045124714,0.03324351186184601,0.0007497426990316348,0.0013161917282374274,0.00022461152402513792,0.0011304688494111772
29,0.013370982779454353,0.005299077711666307,0.026074813970826602,0.004163133125460881,0.01579301965100847,0.02750163161162522,0.0010988622186328379,0.5815782828813233,0.002625201851906835,0.0024622436680723433,0.0031148521405854317,0.00815101649658423,0.0007377960120383705,0.002085643859501158,0.0015937128547277917,0.0013085439257413888,0.001316708636297944,0.24471805896406532,0.05497234504226691,0.0020340725982142377
30,0.0033620050670237914,0.006952229039023584,0.005674178074507854,0.00792515177984464,0.0019808034965560543,0.1251605808516424,0.0015296582047049513,0.01956643616702455,0.006169570393106044,0.0004957214959913837,0.009523648431133578,0.7242880997448574,0.0008314246316343174,0.0016691655812158983,0.008547605821572435,0.003163985476625804,0.0015787884550076655,0.01595612829606618,0.05446284604355179,0.0011619729489096957
31,0.009905537617270947,0.08870554216392855,0.023879101523247723,0.02797555677128915,0.00656375459106419,0.0031440203157256227,0.004038461772216896,0.004619853544735298,0.4844626461016542,0.011696451013627754,0.050209622089395,0.03509092533993415,0.004954597174259294,0.011863687202806237,0.1905045856217118,0.0018121620459180523,0.017595240142514505,0.005691168443976059,0.011222139784547083,0.006064946740177545
32,0.0031920332251594214,0.007308805720943292,0.019925220259132733,0.005497219433187193,0.005722338106121254,0.008010662002933447,0.010568068089821364,0.016503422774741625,0.020254936817484047,0.024545530750163524,0.7180713676921757,0.009183607995381895,0.004155884417977005,0.006165744259904804,0.005058016575586051,0.0029120234105472218,0.05617611447659122,0.024499156956616724,0.01657366432135532,0.03567618271417616
33,0.00596483423990942,0.03792664695501808,0.016311865221971967,0.009725089457325515,0.04480838724359165,0.004122806711691908,0.004339470251049671,0.4760741626474103,0.015919543839725152,0.02445147021034956,0.028563719999708713,0.01645761594635988,0.011244303581566454,0.008839490512534617,0.005597475446356977,0.010635970680097119,0.05136589902410192,0.21335226126779544,0.011046115944619081,0.0032528708188165013
34,0.17536285381815114,0.00579658495214888,0.08137926234231942,0.02606632783854559,0.07459228055506695,0.19015502528090286,0.031139483486454855,0.08370211683768113,0.0019747064591646535,0.11031595828844225,0.03668630684181398,0.008635210541088107,0.0003272904736324129,0.004173720605550512,0.0064840223631819115,0.030790975815035534,0.010282834499265002,0.09262775268576208,0.0026611625070486773,0.026846123808744043
35,0.07667077908158527,0.02670227272241966,0.01267422082072923,0.02340633927103038,0.00973494986021065,0.6070936555069391,0.011664854294366618,0.009116356295195511,0.01816719937328847,0.03999512049699074,0.020175823563071377,0.004936593637940791,0.0049519022718556745,0.033461496887774826,0.02670968694045574,0.0050842860915114784,0.011612808787134126,0.02780421326222355,0.013310527865122976,0.0167269129701538
36,0.002499783907717432,0.03911119784853289,0.48176249092536344,0.009086668660801727,0.026738354605493193,0.002285501053239445,0.0026733025144915806,0.1766164164598644,0.0037339675491691714,0.008893336372991412,0.04796052057208927,0.03473419775647286,0.0013264611277354333,0.0025831693401886023,0.036924362548050337,0.003033504228753519,0.015584228310452121,0.05009393858832412,0.04930352587007677,0.005055071760192285
37,0.021483598075853882,0.1697725459934942,0.008830856595330807,0.05223362741281171,0.03474493175685951,0.45807245743464153,0.016369645309713184,0.023772519508986137,0.04569060354584221,0.006008320956413317,0.014245428811667878,0.013663284823208308,0.0038166766160695554,0.010061160148545184,0.028476443357329323,0.023748533372636403,0.004295472153761756,0.024830312456233513,0.026077244515422957,0.01380633715517863
38,0.024751057317380316,0.04953217487800446,0.016732545817590344,0.01336917988272749,0.01276538724489499,0.047755837324679286,0.008878460578644259,0.005054228944011534,0.12243284606022842,0.024215738300128128,0.052981486794567545,0.021626338429140732,0.0035567660238950928,0.03588310507312491,0.41527606273476986,0.04709350287006315,0.017086864005696985,0.0073558409964516866,0.046223368121424344,0.027429208602576437
39,0.06278358675329462,0.12837295619732061,0.005301229121970993,0.0030125835191125135,0.16438634261602342,0.0007233950304804552,0.0022226879829525346,0.014607311851040583,0.004524199464375095,0.004386631567087705,0.450738975322482,0.004260167709442242,0.04956175425512127,0.022027308316591165,0.0010509924175273583,0.003913386296768909,0.016039889600025656,0.015006832674788112,0.02711726584105752,0.019962503462537206
40,0.003738015114826734,0.016427729663354353,0.009747775082730586,0.002963872134117777,0.0314397856385431,0.0017318023000273566,0.2828501094547406,0.009802078448172245,0.04361140956346683,0.00605170088079649,0.009168467105985486,0.03565067475747792,0.003250802629637801,0.0273989418463879,0.009633968004727479,0.010826290139671471,0.002299103296576398,0.002707011303579274,0.023260325830540482,0.46744013680463975
41,0.06483979470957661,0.052894476744709484,0.001508029507784491,0.006193370869278537,0.012119399539696948,0.06947336089290472,0.009878361646080875,0.12109011647041902,0.015805560143957474,0.34402183598941355,0.0891073826148642,0.03185922642476785,0.002257912937022366,0.03306614597021249,0.004804606692406615,0.011558974739884523,0.07012345159464771,0.04962924137762422,0.004232506111121453,0.005536245023626883
42,0.024167297031550867,0.00727528671776101,0.019295108335203134,0.05059195614310266,0.011142872293667535,0.01412037592981383,0.027025196132158043,0.006858368133967154,0.01796142096627157,0.031404231772773676,0.010101226530914284,0.011214561720558293,0.013800172931980251,0.6355705864083874,0.024365977723530233,0.02063899625200334,0.008372963117952263,0.0050972211485329376,0.009940581518629662,0.051055599191241904
43,0.00585825176439576,0.022775648430759396,0.006092448161973751,0.002834377909049979,0.012315353790180854,0.0024427979400108435,0.0037032552881195242,0.020830579858534815,0.024936246531479887,0.014950920174453125,0.24250675885558454,0.5652572277372355,0.0006537593608103467,0.0024879282949094046,0.003648967504944648,0.006267531693392456,0.012838419170216053,0.03638161254714961,0.008449630941977669,0.004768284044821859
44,0.027689431992478166,0.2949167049084099,0.006902362394333604,0.0210308923624647,0.021516963446615252,0.03772643357111875,0.01201043426869514,0.037971838475062344,0.008039391222259374,0.07659726103222363,0.03819113213635344,0.020118948008189006,0.001624510771235072,0.007482505671202078,0.015478116802398866,0.01707404261370097,0.07036097285896978,0.21783067504507458,0.049633996796855095,0.01780338562236027
45,0.02214418724079324,0.24138244913015852,0.0030877838773046003,0.0033259065795677957,0.012848511440991943,0.0010649567296924093,0.025661260121010197,0.01236618386417971,0.013516360077527238,0.006805336618986601,0.007030852662518551,0.008356014655580472,0.0034361335358143535,0.005033391497096613,0.024436793220577874,0.006441747553755087,0.1805162657042485,0.4025748394499357,0.014788891997896719,0.0051821340423637945
46,0.029536403326590556,0.01563457429446395,0.05326000638318079,0.47505293398603027,0.004670974464141565,0.054932975239902385,0.013300495578815796,0.17017205447662562,0.016546977699330303,0.019614676447752964,0.02892430777154574,0.01427929344846276,0.003231266011287761,0.01422113361341768,0.011169109985718994,0.00448519845964437,0.009084957668378866,0.029373077098946307,0.013362173635824212,0.019147410409939145
47,0.024426845960620207,0.19356741841193184,0.02103536088811494,0.012894775731524302,0.03392264837122301,0.018233574342754532,0.02759745065711384,0.04286857684824533,0.011712991326151593,0.41272948455992425,0.03268278559523598,0.011666411525157596,0.013638715929633694,0.02285505489205494,0.00999850902461508,0.00377935037479329,0.012333465296006391,0.045832074601363286,0.028068958721273726,0.020155546942262088
48,0.014743711060144472,0.02504778343750938,0.007087459455037047,0.019919950936871825,0.018085589709457763,0.009136332460256457,0.030016497373266122,0.022415909529458846,0.4056124753430694,0.010399286047064131,0.025430961314826545,0.12333661586052108,0.00936697916490424,0.04144412501993213,0.040196228233931444,0.049341855115559434,0.03461148651976919,0.04323972926511647,0.05633991020695029,0.014227113946353717
49,0.0038842301963859563,0.01955183527381043,0.013378934154967527,0.002620928306932953,0.031388233828548315,0.010450321096110982,0.011871316126118026,0.05421097280424694,0.006744957693938486,0.7045151963180879,0.04987350030343858,0.007153556856262267,0.007221582394467292,0.020648740773290472,0.00688035404130848,0.0019779108721049207,0.00206620321029762,0.01933453413868703,0.02430861062175526,0.0019180809892406986
50,0.22391383802614281,0.2744827169743839,0.017247854114368192,0.01788980020387816,0.00041681474576644095,0.1291100510713004,0.014564508996813944,0.0033036089003645915,0.014751006651444305,0.0038680664304737364,0.0015735057516867062,0.030996480789493297,0.022549169797813358,0.07276083953809687,0.009260529086035155,0.07492902154237222,0.07972309089075566,0.0064595542975348,0.0018356567774629347,0.0003638854138125007
51,0.1411283827661758,0.026380834241285105,0.1742031740814079,0.027563005505954082,0.0016156843053077425,0.041133582499795304,0.010862886371006592,0.014482504179185679,0.0013276181838994202,0.028157185527031867,0.009748791957075231,0.2595708830265943,0.04112910899465361,0.002709249359898984,0.058481015336401175,0.011159829393423588,0.1247820771549192,0.009846342237279768,0.006246550864641118,0.00947129401406352
52,0.011175632689335961,0.030016937024430347,0.0069737123633234616,0.0017713340282410183,0.11702274692639096,0.04193826176532175,0.00872494183534171,0.016329547661404934,0.0036853190561388616,0.02028874421741657,0.015179989097259766,0.029164585011744577,0.01896333094388483,0.005964147948341566,0.00415509641440305,0.14736710345352416,0.17269069741066745,0.006895880098571439,0.024432087360485213,0.3172599046937724
53,0.011346580398714065,0.007017206594980935,0.052355831902049364,0.6644449383950488,0.010491073585050234,0.011297267772085163,0.009910917066169572,0.02750762592152913,0.025139702506232136,0.019550330402929497,0.016718775506132384,0.008371150177430979,0.009036577209534461,0.031512243760205054,0.008237238203262859,0.026803002364417853,0.009488051856651554,0.04020802350030967,0.00618481983719502,0.004378643040071352
54,0.2631531497713991,0.007374667042082877,0.003715770427411357,0.022089291664723686,0.024597036717175554,0.3381108061102563,0.04400583367033305,0.0052760669857471985,0.00456521779798108,0.003322413237188678,0.0184164802740026,0.052302926263527366,0.005083218911977518,0.021459477517058234,0.007296958851688582,0.060003499360812444,0.02755908881569991,0.0368085221476251,0.05124021022764457,0.0036193642056648167
55,0.0037212403622736675,0.007343225153476306,0.019771265504556185,0.027998108323024202,0.019651904724491118,0.010182264813763208,0.020194326813869713,0.01699587695602587,0.03975508238061244,0.019230903842158472,0.03916497474344957,0.005552124437704694,0.008678635710362153,0.05859873691943177,0.6714099541083409,0.0046462873750757,0.007701123211253625,0.004829971503321396,0.00820274212072356,0.006371250996085476
56,0.0023768866857610677,0.005815211143070846,0.005244545447557781,0.0035721498977715226,0.023196442061613896,0.005011568989790001,0.03759178947590783,0.03526816618576125,0.008842809058882914,0.41350474721049857,0.11424271730789624,0.10319802842535639,0.005147125026250574,0.02630516391388655,0.004483360534164892,0.009498387438285422,0.16019755142345765,0.020496166729131016,0.013865897226309378,0.002141285818646167
57,0.002402499747803588,0.002363587155025219,0.0026274878198971176,0.0024577767344686574,0.026320584552213522,0.002716970468862329,0.007749333571671198,0.32419590338404186,0.004200281608918766,0.251768238031481,0.038826491969502684,0.01043066448605527,0.0018031993822900144,0.002700251695460225,0.0006369120429283149,0.01346323163471982,0.00847879574723739,0.18200830781465388,0.013710412390266652,0.10113906976250243
58,0.004168544123798896,0.008900325663483696,0.004305450457471337,0.012457777352271097,0.006801813610638371,0.00493642323526292,0.01816282182625425,0.010424013305198692,0.03917092476790811,0.02937801663495607,0.010680429747416868,0.00759630383875286,0.004804817343114668,0.803136917388375,0.005895153398766542,0.0025669092753722164,0.010898109150525949,0.0017208917866889668,0.00852602880155695,0.005468328292186536
59,0.0033401437509801802,0.0032223955574638458,0.023595354759531215,0.013260826337954222,0.006835927738522524,0.002170995823647547,0.018117282385594416,0.010166194055069787,0.014987687396607604,0.003444032512240412,0.00780804984397714,0.8008591279058405,0.0027494600593220065,0.004335074834973677,0.005270465779141732,0.011939537759397066,0.007338458058279076,0.004867509545241719,0.013432955850380197,0.04225852004583532
60,0.006890095992517509,0.013308734258076589,0.022341453341239048,0.05311380041489622,0.010806960148292317,0.06285986804442606,0.007030604168289346,0.029122172479472987,0.011752383858874251,0.0078442128829434,0.09341515788153112,0.018955660358114156,0.018296397520019245,0.021607295308819448,0.02138543413913935,0.5730208562593468,0.01313230556382199,0.0026865158587669876,0.0064531506738662045,0.005976940847546869
61,0.0026657902249709237,0.005587092069948561,0.003912977473266927,0.001591464726527792,0.026140840547753157,0.0025091312461438743,0.0013498515676088087,0.48758339890355856,0.004467983090162175,0.1443750281517628,0.031072495667870202,0.0060009805168285075,0.0007408703246015658,0.0019042475374827685,0.007485532535158407,0.0016986544006496016,0.004457897916943497,0.2344784638965497,0.030216252432810804,0.0017610467694013647
62,0.1308698402187861,0.023418193363859578,0.008912692898932371,0.0036712664288086187,0.0048624850007909825,0.0057024853039056396,0.0027395545371717823,0.012052481136961534,0.019984921919547188,0.0021142393529405773,0.010555206374466575,0.008260977686743923,0.0044365613122112,0.01309892361804147,0.0038613061198713725,0.29452668698495044,0.4202751627320278,0.008932276183624726,0.017428472034350703,0.0042962667920074015
63,0.01362645223058533,0.01410408907433822,0.006759429157976097,0.007693325897719066,0.0026480332484340933,0.001955527001174031,0.006683632341405138,0.5346919947693267,0.05065726350770453,0.030158795076300357,0.042881706565840796,0.010031536812527934,0.03580892671721122,0.008968172086315625,0.002757444105297825,0.007169051538944782,0.013090579535633648,0.20150898411715126,0.006046907377724384,0.0027581488383889383
64,0.0027868798117694415,0.02725094657686679,0.02367935685269076,0.7022757970802386,0.007829213439848156,0.010361333882444321,0.003901141626141353,0.011714319200411187,0.019511297326912314,0.0281382997830521,0.018023177420047023,0.007468338207895223,0.006166346103189939,0.023798577846696204,0.027679693144241457,0.003613980605270348,0.004474410129141398,0.03019616734356916,0.02027712050327292,0.02085360311630141
65,0.018022809704374324,0.025211220407354205,0.005846689032075744,0.04612269008311742,0.03975684956718872,0.04356153539538356,0.02067349684641071,0.020232229453562744,0.0198224027880444,0.005764134479955061,0.020638610134110887,0.012648923002751866,0.002223221066638808,0.014427987349356698,0.6443573640872681,0.009113284729718361,0.011219624989218337,0.002802094916524133,0.029381444493011628,0.008173387473934323
66,0.04533283380509067,0.014986591683037424,0.04833850513919094,0.03800570866967622,0.0364990774850766,0.011711667717755992,0.02084974202537316,0.017777627545971897,0.039381739689652494,0.02512506121872283,0.4717236553403437,0.042333723931675594,0.00681861587711536,0.02660189259609121,0.013768207839369299,0.012520230955763484,0.029088118485870534,0.04043965340309025,0.038505020528573006,0.020192326062559333
67,0.048573028277379936,0.017434166642233892,0.005462089027695253,0.04883879802820674,0.04732978310606859,0.022194078143611986,0.05118235200365299,0.2110258486287481,0.01460980021094777,0.09583708880650467,0.05120127946741684,0.03085827749880682,0.00552176038736596,0.04369292206217081,0.005812165475118023,0.019158798001350605,0.016581671807275777,0.1896099773693039,0.033025763831211585,0.042050351224929776
68,0.006640226832609649,0.06720701694078517,0.008320935559143514,0.009481277373912486,0.03775773004825616,0.013629230152943483,0.01136549071192691,0.23556136759619503,0.009986227718602341,0.36826468528932615,0.0496147233047521,0.020378497042538198,0.011715656093048536,0.02312454221555587,0.012692707531126836,0.006608945102562478,0.009078729126111315,0.06645915976066812,0.012643861811794244,0.019468989788141426
69,0.016337044694565477,0.03155377787094094,0.0089627024402598,0.0159180989406733,0.03615255551096389,0.07627859384128323,0.02051951148971928,0.024615735806910937,0.00485566043728843,0.015590852310086422,0.013015773594972697,0.013254104312472727,0.011194163190212965,0.008160311544146825,0.007083419223373478,0.6112290354927015,0.01982822251870399,0.0023867691150405504,0.02870295260691058,0.03436071505877301
70,0.40565471009800147,0.013088720284011165,0.02313943959247863,0.0059133750553666395,0.028632415895041004,0.024866709972179633,0.005581794760530216,0.013684366419185617,0.003088366800704241,0.01657756734367364,0.03225548888630233,0.0018987665383594784,0.005150038152962322,0.016456414142814912,0.0009673642351894534,0.21104056111113392,0.13885259208607892,0.02916597261311061,0.014801783453902581,0.009183552558973138
71,0.021781630954317132,0.014298701417796553,0.0024983863043244988,0.004283108769694378,0.1782263709948284,0.0020417832395986622,0.005032541408363989,0.01476770290505289,0.002333861952344205,0.01510016964300455,0.0072179804748068845,0.007372257180315843,0.000707695947969475,0.0038042368085622817,0.0012569195621067082,0.00487021567761039,0.0027269132901798017,0.026349393807917197,0.2323087048038895,0.45302142485731667
72,0.006244913432775048,0.0068297164289424185,0.6202733365239046,0.038504112460534055,0.04500882474044302,0.017190463109156708,0.02212689511934345,0.009449015794973516,0.04586099197440346,0.00383331222368853,0.00655490541594741,0.05293117173703679,0.0011344166115456055,0.003393918778027038,0.0038587202816230248,0.009296004881624636,0.013131082538005313,0.0315834763408133,0.041993722009299565,0.020800999597912498
73,0.049310678630341026,0.12109287948568463,0.01871418847883075,0.04033117775512627,0.031970125728918775,0.038357008742105674,0.0069197793588838255,0.010942328967532958,0.012295401267827624,0.14011168153809922,0.018384269830350356,0.01066349280052034,0.0007334407785389528,0.174768651022179,0.010108703918866736,0.01674876613593227,0.052473244743911414,0.10628630647567952,0.013758791530216584,0.12602908281045405
74,0.008502561827890696,0.002974982824993596,0.002535080495697717,0.033299115114260626,0.03194695697597829,0.03490601072187416,0.02822843418871085,0.015364725607844397,0.5020763039364773,0.007923827002452258,0.028589626343849706,0.0042457106250317605,0.0005790422614541779,0.0038594330784548093,0.24628612662508675,0.026983324985450592,0.009838288054146091,0.0017706370320250938,0.006647959938148637,0.003441852360172544
75,0.013399191822396017,0.007543558738501358,0.014422637863912072,0.04089262351237755,0.006362656971940847,0.06502507928222093,0.00904219524418918,0.028655490322658534,0.02848352472534724,0.002685696185448137,0.04590442338812614,0.016544736855765872,0.005054444172545443,0.011101113220802167,0.6109013674206856,0.01116073000285015,0.013451874940615298,0.007899502853784258,0.04833703529362176,0.013132117182211482
76,0.006138975936204511,0.013314623841467343,0.051370832467879914,0.01084573928273888,0.013962218049007862,0.008199634088079014,0.005676243980258149,0.17662329665531587,0.021224820815470037,0.02762823264610342,0.037630857151344024,0.22776491930187703,0.0018656815030356842,0.015201153152781569,0.010307310207337857,0.0813295202389266,0.012690506416944339,0.2302519712505195,0.01808224660323719,0.029891216411471147
77,0.05802441897947967,0.29958919959595787,0.003171068454769305,0.005446844101979473,0.0014974551231509135,0.02172459882268069,0.02894398425858766,0.002683071509591103,0.08099052136710354,0.023247759435198898,0.0028615940533298152,0.01717681702882094,0.0029391179162960392,0.06343052007410346,0.11945571156503137,0.06528148606552983,0.049501614457884716,0.14112312401953214,0.0038772795307438477,0.009033813640228743
78,0.01599696230745632,0.012860742465844066,0.005790427620398033,0.005759713441164668,0.38173778757972215,0.002109156985515947,0.1996856943045616,0.006147424434745265,0.003800833922824145,0.001190806901702396,0.00548828281401109,0.032693387601334584,0.000834309534830044,0.004464985928579842,0.0012177329085116563,0.0045702970598389125,0.0053999141274967185,0.019291375655250066,0.010178644473671944,0.2807815199325405
79,0.005890845073322315,0.009474014696587287,0.028989893483491062,0.018232228252225532,0.011029619364245197,0.00606835420832575,0.0036634220478895386,0.03574411675691185,0.004196529662429937,0.6785803920681905,0.05940462712236131,0.0036201925471322114,0.011820451782590575,0.023744406781606,0.010832421741317466,0.006174604745472978,0.011127901193687915,0.04815966918279613,0.0161678681868706,0.007078441102545801
80,0.04255919688325286,0.014342700538669434,0.0541074546802486,0.28785210948425327,0.045955277361819445,0.02522355234701879,0.06330738909773478,0.0407296089802114,0.010729593454030557,0.006249609248285337,0.01060634508245568,0.0028346679892905175,0.0006321315331852389,0.01512624691372538,0.01687788283444942,0.17316530048748732,0.08137260004609141,0.05492149165759323,0.016227151896814018,0.03717968948338334
81,0.012024491119663775,0.07705508806497835,0.026296677455209437,0.3629857466908923,0.06653412561611541,0.05403585139786738,0.06658989815758638,0.026513777478683262,0.03845891161476679,0.013950974144669875,0.007748677362192322,0.03309822504665573,0.0020642636989826615,0.008688730606186962,0.010895192665688969,0.011093573223908547,0.007390485356023194,0.08902597057912788,0.0328731029148439,0.0526762368059569
82,0.00788757935295244,0.009953873293255408,0.003038663916564769,0.0005925388124041485,0.13682577876553395,0.0002282207582761942,0.04749306884025486,0.007084717665233583,0.014647014747535412,0.009302524639345238,0.06142890201168826,0.09520280540199673,0.0006662007779736098,0.31597554753101914,0.036931511369434816,0.06971089901890627,0.028789698450870243,0.019591873371790382,0.03211179093667208,0.10253679033829248
83,0.11797099438432561,0.0739165282649313,0.003160761389587388,0.0156251569583408,0.008772275768605557,0.19745557016228518,0.02289955730506647,0.006716030683692123,0.0038956438792146345,0.0052046517598665215,0.020976593253225304,0.03243845999140095,0.23273407041638552,0.08972254751310944,0.004712546630417207,0.08647317779401212,0.02410230481994051,0.046690664181475494,0.0016426923923640836,0.0048897724517537496
84,0.1807710317101913,0.02246245884984991,0.002155511287601007,0.001717828678794627,0.0008660705522641258,0.09459240631878935,0.1301137770343102,0.03092036537896089,0.004361144887457056,0.06368323649856308,0.201721353058834,0.013439921299307881,0.03719490971594742,0.03721176173868108,0.0034796436445789524,0.10913921920135868,0.037470809381957446,0.02567773810117636,0.0008740318910489775,0.0021467807703276364
85,0.09066032696275658,0.06697977616707283,0.004751355820798574,0.010125831144189332,0.00477378636563077,0.05432032594950788,0.058763704637385526,0.03246954717158486,0.0017597145431676399,0.0021110459516686534,0.0019247974121508924,0.07642964375973724,0.08756189781587988,0.0772720708771388,0.037009445810015924,0.05399746015987394,0.18848133146546325,0.00888518218570583,0.0011651836918750824,0.14055757210839653
86,0.022020349293323464,0.0026387053278863317,0.0006216768352785639,0.004447447870544858,0.007542388304468481,0.0462029722157798,0.34004924947252135,0.002424540401646981,0.041165365849172436,0.04961480638716196,0.018317819172237917,0.15186579783189544,0.00568287171420889,0.16876022489870235,0.030728970201825058,0.0212812428790167,0.06927993388181428,0.0018393126949598055,0.009926182255033266,0.005590142512522073
87,0.0032870083450590322,0.007694617109389193,0.007049509188209053,0.029018913533049136,0.021184259477894558,0.007187083534286228,0.006095971909941271,0.014311762526986488,0.6659950008307012,0.01943645432027094,0.05567917337992566,0.01321215209923698,0.0020809357498421496,0.02777109312928211,0.00668159212633915,0.09073674716623573,0.008932257900992351,0.0017323929491826525,0.00950398584407318,0.0024090888791030215
88,0.00032177644889086406,0.049888804415140535,0.042954857440288416,0.003378454949471166,0.027984491243094583,0.0011474844708401915,0.0014140570293979546,0.0006032212743386434,0.0011447852395994732,0.0035225675058320667,0.0005498768263849266,0.8172428787598114,0.0001001936323584127,0.000685669455233879,9.297478409386583e-05,0.04227588728754141,0.0005723822922899399,0.00324874954808406,0.00036937147816835713,0.002501515919139877
89,0.2572389898419662,0.06087527345683415,0.0006963414754783381,0.001352773717216723,0.17933206248855685,0.05459833623018253,0.005277463827339703,0.0037849484525956534,0.001854298880895372,0.009102069642580472,0.007091971712102932,0.007884126753923814,0.18932349393234107,0.0037437370793840102,0.008170310038133403,0.019884875867467428,0.006234736025862411,0.00821065043412991,0.10759819754257297,0.06774534260043609
90,0.02286144925254483,0.013548864711482093,0.0020565045709105886,0.007349935100169006,0.0022668701389041766,0.03186396894178479,0.12500382717117303,0.006785772512385478,0.150542175184403,0.04453386275783878,0.05038976306925222,0.0862296180112018,0.0022844662920289307,0.08802341796631347,0.2549466120398197,0.011959337487544878,0.07784834501967078,0.018126209986048844,0.002231142788925008,0.0011478569975986157
91,0.0008285430045076911,0.00512876809423729,0.0060025564694179395,0.019131803244920458,0.0015266574358186694,0.0037907695877039465,0.001519938194788117,0.025714954861463808,0.3726508104919128,0.0009469409782321409,0.006943692333749199,0.007751926955482513,0.0009122184888518815,0.011523119002788738,0.5176880185099352,0.007061345662069125,0.0032565265463942914,0.0010303164774263143,0.0048413937141155656,0.001749699946184399
92,0.0141829661174084,0.00622579070586567,0.01273923543144724,0.0236152192959165,0.003929282561011541,0.01465263166923836,0.007984753212677446,0.030419233992422943,0.040076521335816,0.015242241909278675,0.04034131112620621,0.08599769257055888,0.015438191926095692,0.004882038548641666,0.001759506426057399,0.02393415576701875,0.6186080916666359,0.004204372187518726,0.02656155717375092,0.009205206376433113
93,0.023151837082028358,0.006856047242848601,0.00972667554694201,0.047612404776654446,0.016238892821871038,0.7118802825086085,0.0259455259290127,0.004591674935276936,0.00876587205696345,0.019500401232361242,0.011102894573786102,0.010898452912960871,0.003806225906449308,0.005053563466921709,0.017896887699598043,0.004304562411045777,0.007634071456963559,0.018074850855753687,0.03528081367251565,0.011678062911438157
94,0.0325810664409036,0.008014418825611113,0.07706957598960118,0.017959114811472957,0.006056801395735556,0.6105103197150916,0.005560056093937999,0.006372318272144322,0.025068910737648706,0.010105115283905989,0.049323681418684984,0.018351209218723647,0.0033660174512960567,0.011047900624238395,0.029037209227440235,0.004268018441527636,0.0037535612130845963,0.03542658743140116,0.025296342300180356,0.020831775107369777
95,0.1269197628374292,0.020113650970575395,0.013018720507142185,0.009844321868892673,0.06981722885142856,0.010583877630313215,0.025852943418624055,0.013610359649537648,0.008375994866227598,0.011065710663045068,0.008977125289225478,0.02091920392517796,0.3564174377167235,0.010706753009417423,0.02672836188100781,0.18031993048263933,0.04392287047315704,0.021786808610518436,0.010703503907054978,0.010315433441862525
