site,A,C,D,E,F,G,H,I,K,L,M,N,P,Q,R,S,T,V,W,Y
1,0.050448480686674256,0.05409622255333769,0.0529799470353376,0.050008743604259755,0.045768254153813914,0.0514634383981558,0.05085884345616859,0.005385000332615902,0.053533498076777826,0.044203517578671664,0.12103744431544078,0.05185035998219588,0.04989913110853893,0.04569679692694782,0.04600807344203804,0.047611695206413944,0.04041774316166189,0.031009418216134583,0.05396404261660053,0.05375934914821457
2,0.7367592174528956,0.0052712995558581955,0.008241493738664354,0.040447665467107985,0.00540278046609783,0.012332083939024702,0.0030713631210035094,0.004049163346128409,0.007648443230830773,0.0019436251054107572,0.0372497437429885,0.00941839284631318,0.0037010379670648712,0.0036957955115701673,0.00184830724621684,0.012104839993890962,0.014228634239832791,0.07839637104919872,0.008512132687097135,0.005677609292804799
3,0.43177202903224715,0.03113266753870817,0.0010021282549935368,0.005385793678728099,0.0797696609621971,0.031030934048374502,0.03336611690121187,0.03319724518364107,0.005621509184087104,0.0629460118533713,0.015014518285590245,0.04070685996652356,0.008843066749888325,0.0736163315429547,0.002205465111039178,0.09472488860240638,0.011939096862942537,0.005066101313644034,0.018479517032238574,0.014180057895212485
4,0.022788322929142478,0.05005027300183182,0.0004926075752469823,0.01732356310101433,0.06841239489738404,0.0017216327998224041,0.0109065883316134,0.08215526187921252,0.011685791748466394,0.034799548881861896,0.020515009207895528,0.15771342571564792,0.0014301907784115768,0.028532530506340123,0.0006715073525290735,0.07380368679875973,0.032685865550378224,0.056123462266347166,0.005696572457736724,0.3224917642203577
5,0.05279499127588386,0.01945337398671125,0.02294272873132373,0.0120865646837611,0.0053448418407999665,0.45578327748314007,0.0023355911101299335,0.004093030728322699,0.02064382773344839,0.0025844541912945496,0.02250458645630815,0.00677670075783625,0.009220108753207425,0.0056966237127700076,0.28942087977422604,0.013749686369283027,0.013135410509226899,0.022747532055002195,0.012345511142094093,0.006340278705230513
6,0.05059636288079332,0.00666315161249247,0.0051420249073157965,0.004664807544628885,0.02321604300919928,0.0035200305005898395,0.014037555876626084,0.023054742955546326,0.01707043094363994,0.0034043773010265298,0.010470535797304002,0.021339881583041717,0.005130776490048901,0.004315523721137545,0.003821469426121727,0.00968684361054753,0.7738908904260761,0.0028761140198396186,0.011403077040362196,0.005695360353662191
7,0.0019870950068448345,0.008609431557483518,0.004715764102452376,0.08064589688346138,0.005663814913507113,0.00269280220668171,0.003353065810444096,0.02324344816437122,0.7470360094182248,0.0018663596522478414,0.01061752089061776,0.02902741546245614,0.001003291515776985,0.022514697317644085,0.014104673564008697,0.0011753899634508434,0.0060656245791805416,0.003914513454144886,0.012153395223038746,0.019609790313962504
8,0.00443481568988578,0.01375367883524622,0.008831708148457813,0.0054455051841751055,0.006818185838447785,0.016008158074879708,0.00813545438514548,0.003541057108558465,0.004796246634357157,0.02024007831701839,0.007902525216113648,0.010086419151228368,0.010734591897359631,0.03461879552008621,0.7810276968713675,0.0077340897426445895,0.008607856037170661,0.010621243953527728,0.03072608912190478,0.005935804272424952
9,0.01827150630587142,0.02730362650862071,0.004247462350573879,0.005288249138830897,0.03020016682127749,0.004054472046133241,0.002929765083505142,0.029633212407818865,0.004068509365504762,0.035107829623983934,0.036514280928289594,0.10579517338441519,0.019865921247407405,0.012055330743124393,0.009308605602379073,0.5469170702208044,0.06936368395755872,0.005765533311280624,0.018916821164766492,0.01439277978785378
10,0.004783558006871134,0.02374872690852635,0.025788129258987335,0.004667466835439448,0.19138670885541023,0.004622600969237006,0.20702883385808718,0.019843773913870967,0.003391760394486829,0.020382021480861448,0.008434634181378943,0.06449363245315937,0.0027080022444258317,0.010429077787544825,0.0009118713285972056,0.006656985295362079,0.01693337629103071,0.023149357286975293,0.010427553687218039,0.3502119289625298
11,0.003301510173781206,0.006349604540780066,0.05121430927994468,0.5542350150794612,0.006976445402378868,0.11639190607034611,0.012654346993793529,0.026156676599797958,0.02268786957999964,0.00180971577400404,0.02276158783512247,0.010650211551251268,0.0018938124403050085,0.039995645308827904,0.029692817450003378,0.010781162059345376,0.003935459249251492,0.03609198496684126,0.02666896892545702,0.0157509507193076
12,0.15227298611762008,0.01922420999079179,0.06447936471159457,0.005755261902685283,0.01584212071512563,0.012949095012006959,0.07688988698855856,0.00452573814248691,0.006882522818292967,0.07769933918899165,0.020920420148549414,0.04539269089734822,0.0025975736445335135,0.1327902802103464,0.11560347610997684,0.16117457471009491,0.039375278681971236,0.024429166277083227,0.018108543731546498,0.0030874700003953107
13,0.0044597243321255345,0.006589562744077652,0.006561177894535467,0.006294663040566875,0.011277127892003976,0.004838346758866237,0.0023634989114691717,0.01830370788751783,0.04535662953500728,0.012248921870938892,0.7884795580793612,0.014314295266957646,0.001166524426867199,0.00442212896364027,0.0045369768720452,0.004173934070559207,0.01323483427004329,0.02668052820649971,0.018601359822372335,0.006096499154544961
14,0.003761480383809122,0.005495937090993877,0.20426045001065962,0.4067728746741181,0.004749143645804894,0.016989239676068236,0.014091189690638823,0.0057666058693610755,0.017470442677428696,0.1758138555023768,0.029496984148442294,0.0672113676668387,0.00172115036782603,0.014671849251453125,0.001285847714755107,0.003811664253514349,0.0016909256925209603,0.00933976207195612,0.010602747164477004,0.00499648244695702
15,0.01814385317433681,0.14062236051527446,0.007647390420548365,0.02819016485821552,0.024242103479960295,0.0019272260038115348,0.11511808448005498,0.04207354582469052,0.0056473150583977215,0.04867169677665364,0.010036957789424084,0.031201909407683207,0.014380414426528399,0.0038348468715695984,0.002891624719557599,0.01776489061270154,0.456107445593805,0.014729137214295428,0.01292843026971447,0.003840602502776828
16,0.004498384238105734,0.009463091260775144,0.49560211645923763,0.10795712769006818,0.16635013388780476,0.024176271322035536,0.03602294629952663,0.005220037628506786,0.007883093177710826,0.010044901611759097,0.031441386258152966,0.019542339556708213,0.002795507797145187,0.01079794855927836,0.0036949851376816747,0.009168580614849223,0.004149646779580274,0.012886796497692319,0.017242258325080105,0.02106244689830131
17,0.0046010604014022054,0.020554559737930002,0.0036691834617819845,0.007385046146552935,0.004132545220257926,0.19623439621358968,0.01412333788321033,0.005159083368429924,0.0032798743881129852,0.00634012884081126,0.014022111896019792,0.5467611394342893,0.03699478430345193,0.04225367985117543,0.004948194357350716,0.04700893808262127,0.015747373845292185,0.00863230879664829,0.016898602945053232,0.0012536508260185826
18,0.08241375812298952,0.03297523835363796,0.10529429348173712,0.1926723793800514,0.017019143515448837,0.006711614047636863,0.04531295659972203,0.10314506265189352,0.008085773837742751,0.03035797155506186,0.010513389630903263,0.008920122954875192,0.0632743467811183,0.03336030855795549,0.004798239410586804,0.03132262028503803,0.06274256213625097,0.14137748738487088,0.0030108847805912385,0.016691846531887915
19,0.005261020686648723,0.01450233265429088,0.007979923972014953,0.04257718155368738,0.01198240454546814,0.006845128826298846,0.019850190034456244,0.015720759387294676,0.018714575660346386,0.028070091202391744,0.012144340640197074,0.0062553481600505,0.01666394764429746,0.008699367368740909,0.7208994451330711,0.013750005425328816,0.01206838869056419,0.013627137354658205,0.013159975496509446,0.011228435563684368
20,0.0017490205336708963,0.006227947143294704,0.021178787375670197,0.006663222366041387,0.018218293464758152,0.0016474557742149688,0.024670438405378036,0.008339366285357034,0.01700118508138311,0.011434069615878084,0.00929859385660476,0.011853696056741646,0.2461244128541069,0.5431851553084737,0.04485886609288271,0.002594089112366148,0.0031448376948468534,0.0030234688424987852,0.014358551904705917,0.0044285422311260295
21,0.004308081704126568,0.12855509450220348,0.01128914750804253,0.002954943945550559,0.009109646084814998,0.006926691496369975,0.007517859244400848,0.005149118104952289,0.04857591127335433,0.006049974289970534,0.007103708020995361,0.13169389190916467,0.002921133107211191,0.015889270265051884,0.031473583906448194,0.1868173621229019,0.3716736865699069,0.006956365303909675,0.006127432286226538,0.008907098354397689
22,0.07520253846643812,0.000997686816775962,0.000672203836492963,0.0018188904034822204,0.009015216254940148,0.0009176198763805853,0.003924293504651829,0.0042591537040952915,0.004204202129830363,0.00043356199532261936,0.584899821886927,0.0012653138123113635,0.0057807057891859385,0.00078549473463399,0.24484918218563304,0.012458147891932853,0.007839820033519327,0.03646217341172346,0.0026582828479384956,0.0015556904177843709
23,0.11008563035990049,0.04395826885289152,0.0021749093095260333,0.001547336822203936,0.013052223186687166,0.06704996032610513,0.10291527078455533,0.015566335066306112,0.003287576661831073,0.010360816031869701,0.03443752099792365,0.06368571968188183,0.04983048978838962,0.03619532576774951,0.012115918421657124,0.2262898238144091,0.1656818334398387,0.02880972715033579,0.002900394101417687,0.010054919434520485
24,0.26983528650387173,0.0038487368595776033,0.08455267347673545,0.30156735246445315,0.020972839047859296,0.009857361746997901,0.008344417754992613,0.01705598139538921,0.019130967739426658,0.022049773310920433,0.028570770020082775,0.01221447979617175,0.0008988371514934418,0.10911685835172791,0.00988531028424427,0.003927415761551294,0.034616379873406274,0.030295567854319364,0.00974657712038425,0.0035124134863947
25,0.001586804542578661,0.004824425297707749,0.002841545879295937,0.004873544079329045,0.2829944705284429,0.0020541959013415747,0.021375888246077966,0.26627434081760143,0.004238318618065939,0.0046351900078918365,0.02928160616644044,0.005637657035411357,0.04870846522853135,0.005463890635766773,0.06357883510983953,0.002110068867151234,0.06506625319207282,0.1723680650184878,0.010003984254022892,0.0020824505739427154
26,0.03267659833807353,0.009882492574082179,0.004746497205842581,0.2512324688383509,0.005963265390239418,0.010226750275544894,0.004589441834993123,0.013270503815377336,0.03303492597923053,0.002749354450815376,0.013410927499952695,0.26230826045506767,0.0008686921172173683,0.013995671138719674,0.30278055782812424,0.004110408381053331,0.01645548982941855,0.002498015135889322,0.0064117841729223555,0.008787894739084914
27,0.21188310385540762,0.0026775611133362906,0.0029068750611620617,0.020214992528898277,0.05536458109031279,0.0153977978905744,0.01211298438304772,0.006954965750075438,0.38447295148962674,0.002388369926859458,0.014941362846560825,0.008158698632899182,0.001751878775787213,0.05254264543342871,0.05174170326313913,0.013113475093961114,0.022725597050215596,0.00866434450894108,0.006591631482440512,0.10539447982332581
28,0.003605637951362432,0.03714356634336467,0.0014763436824126249,0.1646605003987535,0.03020025885207106,0.08069790818897693,0.09950827874957742,0.005631857560925079,0.16813792092733837,0.0006050479793465016,0.009216854487575966,0.24317396017514342,0.004105609579433159,0.0034106358404480987,0.025130393814887866,0.10140023129237424,0.0025577224679880187,0.0019893180346179304,0.006046881613545832,0.011301072059856903
29,0.007786272820253151,0.00738651137457003,0.036233342687102536,0.01315229168307473,0.03755336939822937,0.02328831499625587,0.0016407100284377102,0.5036431242565903,0.00412053235564491,0.007328619772283909,0.016758988077672673,0.013600926597883133,0.002102758109053534,0.0019505088946757474,0.0021158628328991104,0.0014626369428126056,0.014997223632175876,0.25770123248255883,0.0373974415462571,0.009779331511568987
30,0.01355874932064476,0.014673120960862082,0.013257748762924612,0.020179772758375982,0.02449035056723941,0.4721681009074838,0.015218819993521773,0.20363199287632666,0.028296127380514343,0.007718140720019331,0.04420936607833003,0.025935944768435814,0.0026198560933517944,0.0064652681674194894,0.017347547495418177,0.01423683280940661,0.007418842085926533,0.017406624711120672,0.03943943455213522,0.011727358990542908
31,0.0077062303317275435,0.00989230291913369,0.014206030268325153,0.02057985717350301,0.011351284012457375,0.015159085522393229,0.014688590023788802,0.01752110640237544,0.4544026337942126,0.03184481577324195,0.0540164715948667,0.07699856970375166,0.0026804286660739684,0.10576741953596315,0.09768787506203624,0.007171508982774699,0.014595396111318083,0.00657034718425603,0.026531024503638815,0.01062902243416186
32,0.018679131684534896,0.021613809402792266,0.012975205455828165,0.01341979602784769,0.014881290688760571,0.00607315365272059,0.011595255593763574,0.016188769850849535,0.03828164449754916,0.03048493808585514,0.518909216011834,0.12169964930071092,0.00937180918376842,0.007134669619167917,0.017835560924633554,0.010636659579204035,0.07802369476011801,0.026778333701560682,0.016470500125760314,0.008946911852740443
33,0.0465765170355701,0.02915001078470781,0.01143534503533261,0.03936969350028644,0.060035888900353544,0.010437793684681075,0.11133688497173914,0.44348406791904815,0.008371583980446996,0.009542106495521008,0.03361215959115894,0.0214112387327739,0.029518468444635966,0.007811984150645776,0.0035789922458644824,0.016971131006715275,0.04557397284584957,0.04888668735176788,0.015767423828354037,0.007128049494547281
34,0.0416558425239826,0.027503288583069663,0.10624907632667573,0.36640862313340117,0.03044251348260638,0.02182895180420987,0.005379449154298998,0.10008344711839744,0.021186448375810917,0.06770721568044169,0.04952568867658081,0.009744850902308996,0.0009685387638300519,0.019962804097676472,0.05525179559518672,0.029439889119506915,0.009668755218831475,0.023656194765466206,0.007385122940659569,0.005951503737058326
35,0.016958505492436705,0.009374203631819834,0.016134202927376277,0.07581856352455768,0.020726560568994485,0.43088831424998386,0.15304021554565955,0.034964845090483414,0.008082017129224527,0.009679649304890216,0.021051648377781864,0.012223730630769654,0.016631555120524937,0.020004046082485537,0.01615061136314739,0.031777665838092294,0.0290404960190314,0.02458397943110173,0.02902696151850259,0.023842228153136035
36,0.019647703797384498,0.05905149183558226,0.027875522010166572,0.1079590491965188,0.04548795124291503,0.020770529674344663,0.007195248662287619,0.3999531879813079,0.025649373842705683,0.01701322769498122,0.04121180058981236,0.037455692786166846,0.006476454989482923,0.012049747170744337,0.007709459846437323,0.019424630546931384,0.03539904108375178,0.048113710703211174,0.021264314077860832,0.04029186226740677
37,0.019911546262893827,0.05110416561302192,0.03644750429261878,0.06382451950813481,0.024344666375595715,0.4953330156729785,0.009139177079668614,0.028699482545862798,0.025479617074711,0.02251839603045484,0.024355823536756662,0.008873263498837821,0.016363191053285625,0.018317878028003852,0.029869070056476817,0.012614506036309354,0.00792149058916868,0.05047764953436326,0.03884554858351828,0.015559488627338885
38,0.02061407778212741,0.03944473756627457,0.006734739741502926,0.00763124457869865,0.03242588553519326,0.04100991294086329,0.011485572066020484,0.013227519624224382,0.027694346835595917,0.029041797318317696,0.046626076993686844,0.12583711196610872,0.007692032701888705,0.04354402437783822,0.3846234385587666,0.03904423724524721,0.04929484599800683,0.01368544683964077,0.049949789674802444,0.010393161655195113
39,0.005934303946888841,0.16562249229174783,0.0071294001329260314,0.03438160273384576,0.2589367089722372,0.0041181413902652,0.006833599315857852,0.02963585792707438,0.027235253635903955,0.012333961068590181,0.22003261638432509,0.009534870067551077,0.00202945071775232,0.10661207070542691,0.01103945521279945,0.025577279679747312,0.003717256089006439,0.015120464325039905,0.025541560362717326,0.028633655040296885
40,0.0054340089862346015,0.053434438657575266,0.013757738215062631,0.018700636604735,0.04972876129443248,0.015303745995628944,0.049907997957385715,0.010406492684461274,0.007253498746759962,0.01612722830993049,0.01747555727681382,0.038508017135946204,0.00490607339754433,0.04391664035428539,0.005475514393333913,0.013494116495781925,0.04198395090687771,0.005884636429037444,0.024906407797624545,0.5633945383605483
41,0.060501162714221506,0.00450274587596119,0.01988966259545029,0.03145828242250446,0.024284622429876536,0.07798248933801456,0.01916927381876445,0.14375809034081452,0.004078976813955562,0.23138672045558334,0.04925513938975972,0.03629844168231209,0.01826081241962834,0.02822684817379499,0.03934648026383077,0.04115825185699376,0.09869467394118332,0.013180886086500476,0.019009702394933423,0.03955673698591666
42,0.049259280973236994,0.008102570641412135,0.01904340858705106,0.0359287523651472,0.01977313027758351,0.03987427264578264,0.03264070780546867,0.02474610321945967,0.02882800581460983,0.012361986125801576,0.031674705318901424,0.012850905673488233,0.009234232718393187,0.5632641530513545,0.028706534615604677,0.01986017739893087,0.004267203381995088,0.010477036969451133,0.01815326123198828,0.030953571184339456
43,0.005019099909630489,0.03175376995440934,0.010325385499509152,0.028231881556399243,0.06379371422043362,0.016391162596798365,0.010826234419156953,0.024164816911621544,0.0865348526012282,0.044141586389198094,0.5008996417209289,0.02517138330146215,0.004238763923157612,0.012698840361824474,0.0125657474365195,0.02368412153612492,0.027059500908499252,0.0365367930267796,0.019480119034614326,0.016482584691704247
44,0.046632561521984896,0.11671930846395177,0.008663407936812589,0.006246183696423866,0.03518916010210261,0.01934535018357678,0.007634291149770803,0.009529539063523934,0.16329418671845342,0.05014665501395318,0.005405072832646408,0.026747926518913376,0.008497752966872925,0.007712601061785948,0.010664617178710405,0.010173579814097788,0.004161435004242883,0.4077728448206473,0.04662231070925709,0.008841215242272063
45,0.015176941868228227,0.008592370040312249,0.008203948735863949,0.0075107278260942425,0.016532573894158797,0.008988341772205567,0.007301495251152447,0.04697863260869989,0.00710907400595884,0.005024301696221893,0.009774713556371906,0.030564250476145333,0.008848888806707532,0.028034690625830905,0.02286422420057499,0.014208637079405548,0.29969972653599675,0.4231710850854892,0.019468277153884092,0.011947098780697593
46,0.02372113410971499,0.0546215659386465,0.03468308689796997,0.5103164157784177,0.011351002857852418,0.03282134771326022,0.021573180907325584,0.025596957364779065,0.018791706136721317,0.0265051397518431,0.01845303658516449,0.050585597692840614,0.011407349719578101,0.04581722657405102,0.03894190044192052,0.014873183165370804,0.0037026558697439193,0.012629737378352983,0.026793985937305694,0.016813789179140993
47,0.014786417900437167,0.024565039725591705,0.02448446954590308,0.012783067179113317,0.05323271655983738,0.016925405069618676,0.05662680575481568,0.033493983855466807,0.015002300528377463,0.32507123748670386,0.06499871230835175,0.024730987602912605,0.15350719885922318,0.019611427983163864,0.012400474885789398,0.019483111309228515,0.020968760474406135,0.050672897047544845,0.03865722514898471,0.017997760774529924
48,0.008486948177461649,0.021742792199217518,0.030515887727223252,0.012709333063251777,0.005014461265696403,0.5665007123944951,0.012905940248296457,0.011968878053710798,0.13420017912620819,0.010791220203826188,0.013275544207528264,0.020136349848866503,0.00411320523539389,0.012259093947796751,0.040780358198311106,0.013226544801090404,0.027951426017610317,0.010894526823504098,0.03294301634117415,0.009583582119337228
49,0.012222379963058902,0.005489358537376059,0.02046065854264159,0.028898724449573927,0.03000009695536463,0.004749648284829927,0.009603735366816062,0.03929936989782964,0.004501246859835833,0.6926378500882245,0.013519189024663746,0.013712471971539884,0.018091327914568515,0.005496601454750377,0.005945743399630291,0.0032411224975487656,0.008265364034674925,0.07020508984480767,0.00978153681372542,0.0038784840985392017
50,0.18360675824706463,0.07668458916717556,0.02652581134787078,0.016344197330539285,0.0011218532253410693,0.2037751869729514,0.024570176157023022,0.005471534509497966,0.048992494708281265,0.0023826848714671636,0.05675289135657246,0.02165550105279736,0.06308351648146311,0.047109387068348225,0.0072580343824784335,0.08229246356138573,0.12774117801300214,0.002418556797834615,0.0009701144978321642,0.0012430702510736228
51,0.02776580779542602,0.014226450105220214,0.1183939825997087,0.045577766268747044,0.004783984835489436,0.029677826488352342,0.021166235354654776,0.011529497303874129,0.007722188943581338,0.00378459411943046,0.003427863282611523,0.4722592289269928,0.02245463305638057,0.03726526393046131,0.016443870593060475,0.02398083827264124,0.04859845260258815,0.05796495417484013,0.008349715879396737,0.024626845466542608
52,0.011290685036829782,0.034183297011896756,0.003096418910089131,0.003182835222846535,0.026518270646738732,0.016261969795601555,0.01686058109564613,0.002077544699426835,0.001419818832535761,0.004484180880755342,0.1348630891625573,0.006422892192618767,0.0008224750628932963,0.001876490913266825,0.0021876145113721053,0.007350637385220021,0.5434042150174031,0.03292370631822124,0.010800019796481139,0.1399732575075996
53,0.016574741839280885,0.014059906067474159,0.022521015667658306,0.5935703483488483,0.01857128397345365,0.017867980487907272,0.00937275753726795,0.02728333672254488,0.051091499503249226,0.04031003029736506,0.052946996775200775,0.031563493429494154,0.0054386903741942515,0.023079708660781715,0.007179627852525985,0.006850358680402188,0.007650652605426048,0.017027109503082845,0.016378899473066578,0.020661562200775786
54,0.13097502614247858,0.017361690572799737,0.030447472682247297,0.020356575274987795,0.01882687665676313,0.3054272255476322,0.029167768409808052,0.009322362479847641,0.008509728497095543,0.0019166742295284938,0.013389812500865468,0.019526461117713455,0.005280240865924174,0.1274065958690058,0.03008349377395481,0.11872668860034562,0.06386838506873402,0.012655983477595327,0.02086326453298568,0.015887673699687264
55,0.010347111540417701,0.01193076284455471,0.013847462227979975,0.027073365866580712,0.016912043918788682,0.017421825851342335,0.09523557370539991,0.009370414667508278,0.03959911991479114,0.012319596755505651,0.034610231421595646,0.02525039810497339,0.012204552023539943,0.0284412015533082,0.5592565329006438,0.02959653076111652,0.017887362076336892,0.006177514428625652,0.006719027735630934,0.025799371701359895
56,0.011901993236465586,0.018836394788894175,0.031998143697260006,0.007206303760981533,0.023777020171620568,0.06473996496323575,0.009257803381198158,0.0638270674118121,0.03448346869163218,0.5551288042092604,0.03707077885763751,0.007250538639897945,0.007812567353193509,0.018583501924820257,0.003012391180105129,0.0023345981820518547,0.048550826419623744,0.03520195454150797,0.014369505942330246,0.004656372646471334
57,0.003613265496921305,0.007262173522377673,0.004747856058009512,0.011719103682244911,0.029745955712978975,0.009297420502186174,0.004414173042434579,0.42320564650308096,0.016389500643628426,0.2560887194190034,0.022429908710354607,0.023676628613195194,0.016989932914736595,0.006560281305862101,0.0021868520403531214,0.017239066311631912,0.011542816008441212,0.12073928133951017,0.009799751901695753,0.002351666271353431
58,0.008209418556049649,0.004354498565098315,0.04902483344255289,0.01655619636852819,0.034023627499243085,0.0033074642740108244,0.02621170187376515,0.02689340571051365,0.031662771260342636,0.012211518238980793,0.0062307075462398,0.012865196535524228,0.010887909653645972,0.6819988504407852,0.019003320966488678,0.013468714989338923,0.017159907273822866,0.006311033558120664,0.008706481631632958,0.010912441615315505
59,0.0052318342729082805,0.004920848328523191,0.018994928125499723,0.06737119763087755,0.007319599109100965,0.007935045041982615,0.008770974679947537,0.01919410003647977,0.05044913165654893,0.11456594115838825,0.0145862532950425,0.5930182451643272,0.010691166520403769,0.015551195528753371,0.007260845611036236,0.014060109883104525,0.007265959295071437,0.0030275507044452317,0.008650919347302567,0.02113415461025639
60,0.007513985719341225,0.03941409097303172,0.005591354986723424,0.009656831870599177,0.024773916540095982,0.028427104122632284,0.007893585218522119,0.02598328226560983,0.025297208613630193,0.015347555423327214,0.05346258518339968,0.023626770135027474,0.008296970565129088,0.011428400303565215,0.013640045875485524,0.6193632013566568,0.043384727124754635,0.004830510205918648,0.018462170106174895,0.013605703410374969
61,0.0020814150383333084,0.05342668393499628,0.0022844556452465566,0.05578317322171058,0.06758432752353888,0.006307050112564577,0.011590746818191751,0.08259950933587301,0.006134556905506081,0.1812464239296496,0.010155075559312181,0.01596193156968175,0.00148691551764539,0.004483315263571977,0.01775513742600919,0.006803880654387269,0.008318639757279495,0.4331124519365893,0.006975207412942332,0.025909102436970453
62,0.07950443820590201,0.036986032082677936,0.006535009354571234,0.01085058739683842,0.008831017580382147,0.009280719595396053,0.010128335463727418,0.019845453190499324,0.015423559767933566,0.0018871315228854136,0.012127908079315214,0.008735531007583739,0.0034240048495895684,0.015159752248325368,0.006628360542397587,0.33689530120510014,0.3899696474862934,0.009328857898314507,0.014560863755337744,0.0038974887669292572
63,0.013863671452693387,0.028988060563670745,0.5148984017589945,0.005259776127579072,0.004210968685362234,0.011817218443505292,0.0034948397396340034,0.2614968620976726,0.019656535595508173,0.02790464158248142,0.020241911471340336,0.004804850749465617,0.0013892170706344975,0.00935207296717987,0.0036708319227759206,0.004424991375263442,0.006269998968190681,0.03236956570065155,0.013829158999235824,0.012056424728160884
64,0.01553293387891747,0.011397645318790511,0.02641225757364036,0.6709309507684151,0.00745304620539823,0.01867749098281454,0.007323012939234362,0.010259329591976415,0.01989866341713142,0.012801360434585674,0.022698296613922093,0.00679654830898715,0.021295825711289785,0.06412042437279439,0.005475774368213757,0.013529959849990794,0.006721002115049096,0.026927054484483272,0.018765964933042157,0.012982458131323342
65,0.0033002317523062132,0.01663852047339283,0.009500335681640895,0.019864007289742504,0.012742430744590168,0.024555737081785968,0.020303961630257227,0.02611145844797988,0.03425994284073261,0.007464601357680785,0.0198106906189807,0.046176916121432904,0.005959982107340656,0.01109604522696347,0.6636849113312078,0.011591708819147428,0.011619327461299766,0.010013090288176553,0.03951364655574273,0.005792454169598881
66,0.01056383720549683,0.024321490866129992,0.05308091997462392,0.049073914381952154,0.028186101254895162,0.023503784444311615,0.020240981019379573,0.021479687960383107,0.05036030828212971,0.03558488984684615,0.45658899136506853,0.012875310887030233,0.01033982922936982,0.02323783712946453,0.040937844035129775,0.009001557940556137,0.024031410121924897,0.04919170172644463,0.028823901399346437,0.02857570092951683
67,0.05099902889195456,0.021492859899210407,0.022664672595126865,0.04874773535809101,0.03893014091723219,0.07127518316480412,0.020206477971170943,0.008820686589079165,0.030991832856381865,0.03146946246279666,0.04967580458899073,0.04308198972484363,0.016475766343056645,0.019652078848357336,0.007400660899871766,0.06409462738033045,0.040209793375543305,0.3445933216516001,0.05148459694835997,0.017733279533198282
68,0.011804511139789127,0.0449204947513369,0.01596648035476326,0.030029680855533918,0.05016027269238575,0.019366750938739415,0.01358405692244271,0.1607590699689407,0.011222348356134214,0.39627765339493304,0.04171327060521794,0.009415124963214803,0.013351954072884092,0.011715291662615715,0.01767669403093123,0.030078024966252843,0.01117093713512229,0.021312871372539167,0.07320724968646584,0.016267262129757012
69,0.04939365578125625,0.025000238341221937,0.010354787936397157,0.021264104201981594,0.02293716420552565,0.08576791003891089,0.009696592762267375,0.014589948849095773,0.012486896418854894,0.0066932573620539304,0.0190957895625929,0.021496703672725048,0.01462791270102961,0.01643254094348134,0.003351262044492296,0.5564449152214147,0.018674355027533774,0.0069287599001531955,0.05311010355829744,0.03165310147071422
70,0.580974370812948,0.015740896463873732,0.027150971299456053,0.0080940771992278,0.04584453426063603,0.01952383953237595,0.009127147157806508,0.029876180417377624,0.006168393121129953,0.006479085565096381,0.02354561097953321,0.008636710853537836,0.010409466670129725,0.005557490204683873,0.007277256896388675,0.046198114018015275,0.05571086136456296,0.032587079174247816,0.05599699938820375,0.005100914620768797
71,0.05111157129820057,0.03734618585312607,0.019667370913287328,0.010656485492880612,0.45620367636956527,0.0036056480586336903,0.01495427491159138,0.012146900541199109,0.011475201398483651,0.0142632731614071,0.022759944788459625,0.007960526534036927,0.0025921774892371787,0.05501689172272288,0.0035700064261852005,0.013577567358248405,0.007363593907251307,0.03810823231501938,0.17488251845130254,0.042737953009161896
72,0.009182880055459457,0.010949745775841242,0.6312543179665447,0.039918977319416876,0.008945828380386323,0.03751271703806315,0.02803328665257305,0.0091215190135809,0.03745140577591771,0.009533178018806952,0.023160279928446163,0.0167814055772154,0.007087283959290161,0.013999906818103789,0.008561120504948049,0.006401079563763562,0.006859139122351776,0.03470804690456702,0.02587507808606558,0.03466280353865807
73,0.028411182171820735,0.040184844032726416,0.011872625757076856,0.061574769534628045,0.006651517193018113,0.007469367210057719,0.0486618011495412,0.1153618897162381,0.020855650063049992,0.06191857559927811,0.014297354249625934,0.06291587318548568,0.0006980195849121654,0.05102970290210204,0.026372302173227162,0.1248485206915306,0.16085650773255164,0.061885448307000136,0.015426691372559455,0.0787073573735699
74,0.0148040033182765,0.025968211366400352,0.011020320712137743,0.026060511068984358,0.011191660455020775,0.017850345248987192,0.033737932652329494,0.03099986826731892,0.1361714345425598,0.005821057121495843,0.022158385201946705,0.008564669769143654,0.02129627814315903,0.012698078430214482,0.49755942703591854,0.044657460897403585,0.027224412278934334,0.007386955894176301,0.02636413237414613,0.018464855221446284
75,0.0076059638278623085,0.008633602654085734,0.02961430891386623,0.04423088352943892,0.008967667945030657,0.014073913109821435,0.011285428068504749,0.11128789951659321,0.02128437576395044,0.007118097079717949,0.029898108813072543,0.03068553371379765,0.006612730646407641,0.026902817060186494,0.522992484548451,0.028887977576271828,0.014481087955799669,0.010854570616266367,0.05325998594988016,0.011322562710995044
76,0.030301357027087635,0.0037510422895661393,0.04567263413464611,0.012752687022354187,0.019076637544847102,0.006013503214641949,0.019469186263577846,0.0378748119389534,0.022533545415393718,0.026416830659554757,0.0357368064791556,0.16072579667306386,0.001644405924613601,0.010750302583880779,0.00439894296123002,0.019398281889895442,0.006107636493479907,0.019952939989279272,0.47211888757886966,0.04530376391590904
77,0.009170305435105419,0.026836367707359112,0.008061410462435813,0.008043177297828054,0.013449727931790013,0.027183989032269425,0.14905054385737979,0.05551814561359982,0.06172731735049793,0.08485233698943069,0.00973159513530262,0.017589450147803665,0.0038613282609052733,0.011724250199742815,0.33058005306202554,0.027477101069878388,0.00984166596683648,0.1403939494245673,0.0027852894456691095,0.002121995609572741
78,0.03799954120775551,0.054173614242831875,0.01639765645675683,0.008231960250465742,0.029932569927777364,0.007578075035395669,0.31737165515380267,0.014137597004881212,0.003696587598205883,0.006323503854710636,0.005195734037414405,0.0192259483957551,0.004615671771157362,0.020777621672583364,0.00431388236844583,0.010730973230361129,0.014467531373516107,0.033476219763527014,0.060029034037307714,0.3313246226173486
79,0.004242751409706031,0.021747344871416163,0.013999297257957679,0.0397059275677753,0.0306216531631919,0.004999616206686772,0.007526689896679031,0.04413069097691292,0.006335754542540281,0.632551787226145,0.035590281693527126,0.005335962961555867,0.013030920118001638,0.0378730499702527,0.01707832049616834,0.011225748210628276,0.00529997061288753,0.013994130353639233,0.03056963373961224,0.02414046872471599
80,0.02096899931806942,0.134307421756031,0.04306248901161121,0.18901730681774875,0.021110029326038424,0.11977747171881085,0.006804974158106039,0.13965523656913828,0.010305686887661954,0.006009719622780581,0.004282497935012362,0.008503878085238092,0.0006203065433700372,0.10920064587254379,0.007842988321500686,0.050344782183311086,0.03166190629350118,0.07536699711793031,0.006270106182529969,0.014886556279065969
81,0.004985220567984648,0.058836839683621835,0.03850004073332708,0.28778955983526294,0.07498850907217693,0.09604120447843251,0.024802686728865868,0.08689359622507245,0.008309782708514488,0.011229466500315262,0.018171682847033657,0.01857517975099864,0.0008649333643080567,0.02591317257129275,0.005906912005988428,0.013341024720615198,0.016637436060267068,0.1388948932641352,0.015177483526529513,0.05414037535525748
82,0.02808942017123638,0.13009832032051208,0.008719744172641897,0.0019979891169182775,0.21077415866685406,0.0004623948475920619,0.045599658775674304,0.004253830214604588,0.02966809098307255,0.005967341701342685,0.02707947902594694,0.03652328202606516,0.001088188884198582,0.11212517148573634,0.03800185762386203,0.04770818279013251,0.02732836611423295,0.004157048100894334,0.026067797686588175,0.21428967729189413
83,0.0742970510677932,0.06216761975608363,0.0010453238382333114,0.03127947363792548,0.006530794488807041,0.1291199376728162,0.037782052556734454,0.008591637005058793,0.004253292876194465,0.003426739211526376,0.01685569735638364,0.11414157643846792,0.1344186580100081,0.19722854954685448,0.031696954531925024,0.08481274770623466,0.04456645503497867,0.007738620832241638,0.0037891507122412506,0.006257667719491601
84,0.11692368077726105,0.029330300287301606,0.0020317840626304035,0.001641493006496061,0.0031201877926210118,0.09324351509029336,0.03168482059523321,0.12408868705807129,0.003656736736267456,0.07626405606466,0.057342769518384136,0.20359745136199778,0.009833801347985047,0.05085712899378115,0.005074739559319061,0.058923975962175974,0.061123387286331855,0.008193839748474648,0.06061062735629131,0.0024570173944236094
85,0.08446424215855557,0.0016987366419465055,0.0014590422141660276,0.004105244060551094,0.005783914748235909,0.06862644556710817,0.11272271037478572,0.043174619739314246,0.06335168074985781,0.04503556093611303,0.00466909996183674,0.002523686657787134,0.06881927300486407,0.05217463580567386,0.018284929526312773,0.025735120412332804,0.06516196373743455,0.22774798176238692,0.00551342408020081,0.0989476878605363
86,0.020817888380704315,0.005723325844307725,0.006683902696281194,0.001521402475813601,0.05526861584661961,0.04244854684729617,0.36208704041730716,0.0005345386836942865,0.1640597444962993,0.08031638334161033,0.07223984715197206,0.034396591149722655,0.006251027259390739,0.034099673475021054,0.0377730089075716,0.02722737244462628,0.02110001148530972,0.0021421292952044373,0.023301645119372362,0.002007304681875451
87,0.003722820912539868,0.044451678463597794,0.014523680921628588,0.01986458448493474,0.014508167098264621,0.004742810684245964,0.005370817077869895,0.05118911548930073,0.5209388723866615,0.009868052328193247,0.08078701445410816,0.01989122241876421,0.0017294799561906236,0.08577420792258335,0.011780996860769334,0.06588657489085603,0.009956908411808149,0.005790943174240474,0.021672598263054094,0.007549453800388566
88,0.0004313921446495913,0.10671553526306675,0.045193625402485955,0.006505738825888486,0.014230417408285387,0.0014367426037147134,0.006459278763917705,0.0019923726144678196,0.004108487071332939,0.0033432784291930646,0.0006694528478524075,0.7985831824543458,0.00024424435521406206,0.000870339615986275,0.00048460495616434065,0.004300354603488597,0.00046466760337783564,0.0008979016029500814,0.0006939755242815654,0.002374407909336657
89,0.3652262079492007,0.08790679910931234,0.010849362067932387,0.005955580236134624,0.137642394636512,0.03265655305425491,0.010942984074393076,0.00552320165228208,0.002878588290980594,0.0029176710447911852,0.003753058494637278,0.0009025204724784784,0.16088331255176003,0.00217372012765437,0.005925127303663603,0.029154103647519553,0.0034164824920898027,0.006490100675787308,0.07406315005615167,0.050739082062464025
90,0.03301731197269408,0.002005246849861078,0.004086737491267337,0.02172589730005718,0.0033581690225076336,0.17058106769148682,0.15170206970790176,0.003611297829309285,0.20095027575136531,0.014131813540297383,0.015049002143563249,0.03665976572332461,0.0071902591359231695,0.052420539533726926,0.07131626215126573,0.04031531635585751,0.14724130234207414,0.004736395898875943,0.011828341173040212,0.00807292838560061
91,0.001226082975735151,0.003794595855642971,0.00991974176976021,0.016066330361013435,0.0055151947581171205,0.002370773338799159,0.006241748512984523,0.024622074918664204,0.36710021954743577,0.0027348579920158387,0.025774244087180643,0.01270397132665297,0.0015528946166889063,0.00653799552961768,0.49287153645167125,0.003551460353818138,0.0026598682094167423,0.002477875353562144,0.008888983538139819,0.0033895505030832837
92,0.0446994717255915,0.011277121238827684,0.03164679420238233,0.013261747567490675,0.014014168407626204,0.006135137366196318,0.018573260330231676,0.044925730133127034,0.008846293273364756,0.0057744003482645655,0.016568468646876593,0.04551128659020257,0.008814980109799603,0.008831868765850698,0.008734162200533642,0.027786496153386468,0.6097995428528693,0.009747292153218536,0.02645491047355891,0.03859686746060094
93,0.02470121245656013,0.010256485518479226,0.012244773394906393,0.029039264468674577,0.012718037612963449,0.651361139778184,0.006686217885272002,0.023003911010341965,0.02665462508603477,0.00886658651321005,0.03777075210100084,0.010582875734503665,0.02016635656637281,0.024779747097826,0.021329207715139024,0.013167125925559839,0.0064596784190031524,0.021928050221990028,0.022232270213721147,0.016051682280256982
94,0.019185754324321437,0.015992574669771394,0.0215792707501929,0.03400319991637538,0.04129316578542051,0.5626522635278977,0.013504837958356978,0.010473421044663252,0.04166957340124352,0.010825065315318485,0.039655667848944504,0.024909921338903518,0.005349544652314235,0.009611704578418518,0.01615417025440567,0.03313802047623219,0.010660452462782329,0.044856644885102805,0.02189162939182525,0.022593117417509467
95,0.4577357643782536,0.049052420201974214,0.008589556036484543,0.10167110740456078,0.016240290401204997,0.003939834286660951,0.015126801068314821,0.011279768350049579,0.012313624800270406,0.02225281488870744,0.019056249117663147,0.0060320687201443415,0.16935219056047918,0.013020674135669314,0.008661996717131637,0.021878379010372147,0.02677617402614204,0.009589447966660412,0.02336204373610747,0.0040687941931490095
96,0.0030637540762406827,0.007912297187211778,0.008734230225947777,0.00855158681792298,0.02869088928827336,0.00547792048877338,0.006730986506872364,0.298659168804804,0.03319375626234752,0.12775650848737533,0.050425857221003505,0.0066157975068988715,0.001970145374501865,0.004692584357876822,0.008057223580817223,0.005327162566716625,0.015255994443494408,0.34442987803672304,0.012300671642873516,0.022153587123325023
