site,A,C,D,E,F,G,H,I,K,L,M,N,P,Q,R,S,T,V,W,Y
1,0.05206234946993081,0.05211765678888168,0.053347867850418854,0.052555991037221195,0.0396487282725552,0.05040570184216873,0.04975031547502639,0.008758073194523383,0.05182532615069646,0.046743379578957224,0.12543971732401513,0.050276394172480976,0.052996268719863016,0.04558174238783856,0.048204385463808334,0.04595425000263419,0.02537725222989122,0.0425305622187828,0.05163462607770654,0.054789411742599325
2,0.6866450279732137,0.00686348703840872,0.005970727249125201,0.026687807264192502,0.009205328804419603,0.009464389814509816,0.002067321920034234,0.002944208745679663,0.005643341813018251,0.0017747644016042675,0.025875602921620264,0.006314304822168519,0.003392434943082039,0.004365705634295447,0.001281549444533371,0.011990157908090177,0.009635199293585745,0.1702303840759759,0.005632584985487387,0.004015670946955279
3,0.24613810674464395,0.017187070799118208,0.0016082416497505293,0.004194335740786856,0.06838389019434502,0.03129643402553686,0.05037909937544651,0.053621738238001815,0.004349194110605435,0.08264406836214225,0.02583050520588359,0.14415803718535794,0.007113123219172438,0.058462196807540306,0.0022534968446796507,0.10790356644917992,0.05089827476844726,0.005610177214506575,0.010344152923873199,0.02762429014098165
4,0.029716043728704872,0.03267642516121948,0.002286283808542567,0.010571955652914033,0.14852092908526737,0.006000929303051817,0.010221423900547111,0.0770892755590568,0.018755420220847422,0.039373131282510104,0.04771327237963113,0.14348209644717236,0.0008494877896626622,0.04191988638594368,0.001179069994199761,0.07115580603084881,0.06811074244285814,0.05958692119947319,0.005842534100659085,0.18494836552688962
5,0.07157395907804945,0.025855348028349233,0.018433706485807888,0.009887998538003127,0.01150571352406406,0.46328607361379137,0.001756564493254933,0.0037028727826933262,0.013116691212152427,0.0016032133543887523,0.019454479891203025,0.005020521313366367,0.00650468833385564,0.0037042470089927336,0.2650849579533753,0.033537641525255193,0.007427655559211442,0.01755179692376613,0.014087115376167587,0.006904755004252172
6,0.03715056460768595,0.004424024992947014,0.005814794348753854,0.005226176837462333,0.012873842716031113,0.002494036219813546,0.008241110974926573,0.01580486981932166,0.0125672509350854,0.0023182143434189615,0.010937842621810412,0.02010804079963935,0.004399417015582981,0.004791334061011804,0.0037503262917692537,0.030859152858963273,0.7983935046792892,0.00236751683327457,0.013872883533205378,0.0036050955100074816
7,0.0014488374086596765,0.005510929203684396,0.00407166215161008,0.05230927359761069,0.006071648022668793,0.0024738267536518485,0.003342442517783664,0.030131899368828312,0.7730219548417221,0.00135321373203383,0.010312790968289293,0.04757334982816107,0.0010734879839439503,0.013635107911987262,0.01774214578878658,0.0013652562090327486,0.004017745288073197,0.0030103027519088224,0.01034709678744183,0.011187028884121906
8,0.0035692036452891424,0.01541144497720488,0.006980900814545608,0.004882686114869111,0.0066856583357419236,0.013352859425562552,0.00594249601894497,0.0029497627317906913,0.004136897900295103,0.027415696853086414,0.0076022323080709355,0.0075352026680919285,0.009882672229746469,0.025723059840739405,0.7986422453641585,0.004846214875300975,0.0073105110411716126,0.00749154476099553,0.035622624012739024,0.004016086081655186
9,0.056179822832239025,0.020646182059477984,0.0027370363262884186,0.005338099614690688,0.026829063177235032,0.0039649019412245756,0.0026597314348713883,0.01631130826278131,0.0057753750613686716,0.03253070153602908,0.03188447220244509,0.059715081044110864,0.016930445992745603,0.01792156224941118,0.012693182440181486,0.5695682103171418,0.08573277596447368,0.004123211662790569,0.012035302395483474,0.01642353348501006
10,0.008779035277459688,0.024303071579409516,0.03216521941704027,0.01801197869817782,0.1321224263510319,0.00523536913123257,0.1857822303861223,0.022228342724502664,0.002288503233899334,0.021696371144187217,0.006725736690609207,0.04019805963743517,0.013449158550310638,0.017917751205375504,0.0009106970455081292,0.012039321600575668,0.01358199926290159,0.036259794042284126,0.007647294058173759,0.3986576399637629
11,0.004796838674394512,0.005565241230147222,0.07045119157102984,0.6013496974706707,0.005974494875231577,0.06654831556277589,0.016770042274480514,0.01493388209621414,0.036844859454338026,0.0018679488543072397,0.02350364412082598,0.009920933312581332,0.0014687503854560941,0.0481965408708186,0.015720801362164735,0.009994997606086381,0.002504780058106673,0.031454433587198655,0.01998209365725962,0.012150512975912228
12,0.11490191503128175,0.03323950403571925,0.036578986068757355,0.008325783786534762,0.01107782990530266,0.00740851005376631,0.07422974226628448,0.008592921100597018,0.14167231982265643,0.04930070823963281,0.048733733998406595,0.03091162706528531,0.0015971670700245693,0.10925396211444928,0.07242814167625072,0.1813361475349953,0.04037504928981414,0.015692334413160987,0.00934424081850322,0.004999375708577034
13,0.0027948689050678196,0.013202395708007665,0.010329513065961355,0.006525707842611216,0.013636949157969397,0.008906156403078848,0.002739829690227848,0.015042779172475755,0.05707628527749802,0.01636679713973665,0.7603670928835872,0.00820580045623072,0.0008589734578860683,0.003920204591744473,0.006625395011180318,0.004346696936139458,0.022490903165700703,0.02424738437758693,0.013385610208249177,0.008930656549060362
14,0.002355810156958587,0.0037138718387135406,0.11418684945836424,0.2726721498641688,0.002784427525095556,0.014531227781741077,0.007892041927552208,0.007373766049433969,0.013230751466874413,0.09023251620141273,0.016584910568364006,0.034297506359357174,0.0010046002328766665,0.01003701753818221,0.38929549995273705,0.002202658433728839,0.0010289408806891307,0.007841847814355124,0.005867601537646232,0.00286600441174841
15,0.020640984083952683,0.07315599284210277,0.006496102773388923,0.018661473953882436,0.026017851330410752,0.00397859019633793,0.1405357513490404,0.0723815208204552,0.009564654396384759,0.06116670880216095,0.00740403730668608,0.025815954550126183,0.010285074189880233,0.018338273159036796,0.0022915653372731003,0.017800873374759624,0.4601922057326314,0.011441512439150068,0.00786850531526143,0.005962368047078259
16,0.006711936664728041,0.013828734146002717,0.49133527141041167,0.06464033443148376,0.08701951383415543,0.016890123432419107,0.029565302178714538,0.005510076151195179,0.00648696780585397,0.0072207586411910316,0.042936732880060925,0.017912611843165973,0.0017089569000572594,0.008993078636577329,0.002525534974718669,0.0063657675315686455,0.11472378051209942,0.024438881985898782,0.02553344588989933,0.02565219014979809
17,0.020292594719620728,0.038317017476846134,0.00553274654381243,0.012173130910180647,0.003198539754300075,0.2634341070217753,0.008248243544034676,0.007273155198323584,0.09689569436360922,0.004727027357560469,0.011088230766791631,0.2905218184510614,0.0406588128191805,0.06835908423875942,0.005185416832033947,0.04667453751736249,0.02680884837217722,0.026225600779709618,0.023091657397568424,0.0012937359352921526
18,0.06688090399794906,0.01957070778379935,0.11580660133291071,0.17443118929578308,0.010112300638840489,0.021203886060390448,0.031007575002220372,0.16029519582551305,0.009538232806379963,0.022738037347108834,0.007468341629016892,0.024636191781199496,0.07306700960231852,0.041238745161908286,0.0037550719045604027,0.020490950444287316,0.04913850341808247,0.12356159521775241,0.0040529657478062696,0.021005995002172546
19,0.012048512879208538,0.018004815777585212,0.005580095994252027,0.05472251515044047,0.012532046403935196,0.018605399140450226,0.062432634911664384,0.011059680467765905,0.06357617086048747,0.019028969112363552,0.013493202964405128,0.005558262597986079,0.01485402921653411,0.008273759768978135,0.6292632543934598,0.015222896183664156,0.008212482381938628,0.01005837123794472,0.01017261881686385,0.007300281740072475
20,0.0019485059532736923,0.008307836566270191,0.012442353188994094,0.009633919958388845,0.01061847484695342,0.002442699903676212,0.018639586209958394,0.005001716258989636,0.014145318152011562,0.008069166766985858,0.005838408921234647,0.00727826480555153,0.16626800736608366,0.4565084639547693,0.03713566196180946,0.0026331522295994186,0.004166116929834415,0.0021209616476644856,0.22365403754066582,0.0031473468372854307
21,0.0031592442362873706,0.06702537853479809,0.017817139693068498,0.028634783809472753,0.013137289829590329,0.010393539136079752,0.013399036379295768,0.006222807126050499,0.07612409024727998,0.006183241413494769,0.007455036430105415,0.12864792507500206,0.00232547091372715,0.011766569220250092,0.05448055891145595,0.1841146887552028,0.3503974617973884,0.005699416228613498,0.0037139500111970213,0.009302372251639884
22,0.11981572434584759,0.0025132696445866937,0.0006512454635948234,0.005689097442489639,0.006066562072147697,0.0028304111840473725,0.016924459190245884,0.002480950555246296,0.05622616743369939,0.0005242754303408028,0.29392758384684275,0.004090913926612185,0.00974147970575639,0.0015613763304841966,0.3131529490245286,0.029426104004325368,0.027283239837926798,0.1038106297141051,0.002089811868440856,0.001193748978731565
23,0.06619924874479943,0.023334791775692053,0.0022123605367771106,0.025380948258827023,0.009773953999271494,0.06142985603038137,0.06895647789408269,0.009134296644405012,0.00594008285344742,0.01069341104460576,0.017812141506055566,0.05297817642384811,0.025249039928688124,0.030982335538241045,0.009822253070787164,0.3872361862561497,0.1612125154394845,0.019852380623500077,0.0032240455701554793,0.00857549786080086
24,0.14640196045704973,0.0033891773291430016,0.04620416929444632,0.27691911424306703,0.027166469319662802,0.014872311652351455,0.004792816583106781,0.012126754275122414,0.012289347935232897,0.01701369550465244,0.05254975635545084,0.015336293528834047,0.0010433158242131862,0.17857715155382606,0.007319823568329701,0.0027515638567530277,0.0760549853654506,0.09370800602818907,0.0082575191490045,0.0032257681761140573
25,0.002396365518110584,0.003651400916024555,0.02018232925961745,0.0039782399338740984,0.1643027706145787,0.0064205868827968875,0.03978134651027811,0.4449607135289929,0.005627785469171805,0.0055631828363191214,0.03654769060983364,0.013889938838233657,0.028965262412917848,0.009654276539827405,0.05022620693267282,0.005927655042261043,0.03786213133530979,0.10022770822441737,0.016775792822106103,0.003058615772656044
26,0.01733945209534661,0.008366319711276821,0.01529715438120995,0.13295509906251485,0.015527905344415841,0.02348072186701563,0.004686626845375371,0.020956436027849017,0.0320783259306298,0.0024367269358778984,0.05765051501361153,0.13566909996465895,0.0007148329278869058,0.03637290118143417,0.42870399879228516,0.00634137229862089,0.024720828555128325,0.0022905879659348306,0.027854953757658327,0.006556141341269191
27,0.21731500637886886,0.005056136398731382,0.00358308621765252,0.017713856495529576,0.030211883682456486,0.010380678920993976,0.0344345661538062,0.00915521065199092,0.3069624228914154,0.004738953154569006,0.014119065848479122,0.006228781414891112,0.0025738519854441493,0.0362584616636596,0.1446217041529682,0.04411835718782418,0.018154896439940768,0.03347238348893688,0.0050551561537886675,0.05584554071805298
28,0.0071974978671853545,0.038599568672917486,0.0016384559405761081,0.08696806298556581,0.017891795920414236,0.07194894571007819,0.053613379338363285,0.0032281273217707684,0.15777918800182192,0.00038439324821144263,0.005760271459285141,0.4547443288498089,0.003270710732340456,0.0024005296264935977,0.014594868259700168,0.06732187157711013,0.001653732583509827,0.0016527548814276789,0.003135746568785485,0.006215770454634041
29,0.010578627799853751,0.006342794543118168,0.031154078328964566,0.008657712404267806,0.02667319452461892,0.025394973303940544,0.001369786123535274,0.5426107035689568,0.0033728671037758723,0.004895431720178126,0.009936920109129053,0.01087597154723368,0.0014202770605459523,0.0020180763770884526,0.0018547878438134509,0.001385590434276997,0.00815696613423691,0.25120964572331206,0.04618489329426201,0.005906702054891612
30,0.008460377193834275,0.010812674999942833,0.009465963418716233,0.014052462269110312,0.013235577031897733,0.29866434087956306,0.008374239099113362,0.11159921452167561,0.017232848886810193,0.0041069311080053576,0.026866507254731803,0.37511202225664664,0.001725640362493056,0.004067216874317694,0.012947576658495306,0.008700409143016206,0.004498815270467099,0.01668137650359343,0.0469511402978435,0.0064446659697263015
31,0.008805883974499246,0.04929892254153112,0.01904256589578644,0.02427770697239608,0.008957519301760784,0.009151552919059426,0.00936352589800285,0.01107047997355537,0.4694326399479334,0.02177063339343485,0.05211304684213085,0.05604474752184291,0.0038175129201666307,0.0588155533693847,0.14409623034187402,0.004491835514346376,0.016095318126916294,0.006130757814116044,0.01887658214409295,0.008346984587169702
32,0.01093558245484716,0.014461307561867778,0.016450212857480447,0.009458507730517441,0.010301814397440913,0.007041907827827019,0.011081661841792469,0.016346096312795582,0.029268290657516606,0.02751523441800933,0.6184902918520049,0.06544162864804641,0.006763846800872712,0.006650206939536361,0.011446788750109802,0.006774341494875628,0.06709990461835462,0.025638745329088705,0.016522082223557815,0.022311547283458303
33,0.02627067563773976,0.033538328869862945,0.013873605128652291,0.024547391478805976,0.052422138071972595,0.007280300198186492,0.0578381776113944,0.45977911528322923,0.012145563910086074,0.016996788352935284,0.03108793979543383,0.018934427339566892,0.020381386013101212,0.008325737331590196,0.004588233846110731,0.013803550843406197,0.04846993593497574,0.13111947430978166,0.013406769886486558,0.0051904601566818915
34,0.10850934817106687,0.016649936767609272,0.09381416933449757,0.1962374754859734,0.05251739701883666,0.10599198854255637,0.018259466320376925,0.09189278197803928,0.011580577417487786,0.08901158698444196,0.04310599775919739,0.00919003072169855,0.0006479146187312325,0.012068262351613492,0.030867908979184316,0.030115432467271226,0.009975794859048238,0.058141973725614145,0.005023142723854123,0.016398813772901186
35,0.04681464228701099,0.018038238177119748,0.014404211874052754,0.04961245139779403,0.015230755214602567,0.5189909848784615,0.08235253492001308,0.022040600692839463,0.013124608251256498,0.024837384900940476,0.020613735970426622,0.008580162134355222,0.010791728696190305,0.02673277148513018,0.021430149151801567,0.018430975964801886,0.020326652403082762,0.02619409634666264,0.021168744691812784,0.02028457056164492
36,0.011073743852550964,0.049081344842057575,0.25481900646776495,0.058522858928660264,0.03611315292420411,0.011528015363792055,0.004934275588389599,0.28828480222058617,0.014691670695937428,0.012953282033986314,0.044586160580950815,0.03609494527131986,0.003901458058609178,0.00731645825546647,0.02231691119724383,0.011229067387842451,0.02549163469710195,0.04910382464576764,0.0352839199739688,0.022673467013799527
37,0.020697572169373853,0.11043835580325806,0.022639180443974796,0.05802907346047326,0.029544799066227614,0.47670273655381,0.012754411194690899,0.026236001027424467,0.035585110310276606,0.014263358493434079,0.01930062617421227,0.011268274161023065,0.01008993383467759,0.014189519088274517,0.029172756706903072,0.01818151970447288,0.006108481371465218,0.03765398099529839,0.032461396549470625,0.014682912891258757
38,0.022682567549753865,0.04448845622213951,0.011733642779546635,0.01050021223071307,0.022595636390044124,0.04438287513277128,0.010182016322332371,0.009140874284117959,0.07506359644791218,0.02662876780922291,0.049803781894127194,0.07373172519762472,0.005624399362891899,0.03971356472548157,0.3999497506467682,0.04306887005765518,0.03319085500185191,0.010520643918046229,0.048086578898113394,0.018911185128885778
39,0.034358945350091735,0.14699772424453422,0.006215314627448513,0.018697093126479138,0.2116615257941303,0.0024207682103728275,0.004528143649405193,0.022121584889057484,0.015879726550139524,0.008360296317838942,0.33538579585340356,0.00689751888849666,0.025795602486436794,0.06431968951100904,0.006045223815163404,0.01474533298825811,0.009878572844516048,0.015063648499914008,0.026329413101887425,0.024298079251417047
40,0.004586012050530669,0.03493108416046481,0.01175275664889661,0.010832254369426388,0.04058427346648779,0.008517774147828151,0.16637905370606315,0.010104285566316758,0.025432454155113398,0.011089464595363491,0.01332201219139965,0.03707934594671206,0.004078438013591065,0.03565779110033664,0.007554741199030697,0.012160203317726697,0.022141527101727055,0.004295823866308359,0.02408336681408251,0.5154173375825941
41,0.06267047871189907,0.028698611310335336,0.010698846051617392,0.018825826645891497,0.018202010984786743,0.07372792511545964,0.014523817732422662,0.13242410340561678,0.009942268478956517,0.28770427822249844,0.06918126100231196,0.034078834053539966,0.010259362678325354,0.030646497072003738,0.02207554347811869,0.02635861329843914,0.08440906276791552,0.03140506373206235,0.01162110425302744,0.02254649100477177
42,0.03671328900239393,0.007688928679586572,0.019169258461127096,0.04326035425412493,0.015458001285625522,0.026997324287798233,0.029832951968813356,0.015802235676713412,0.023394713390440698,0.02188310894928763,0.020887965924907853,0.012032733697023262,0.011517202825186718,0.5994173697298709,0.02653625616956746,0.020249586825467104,0.006320083249973676,0.007787129058992035,0.014046921375308972,0.04100458518779068
43,0.005438675837013124,0.02726470919258437,0.008208916830741451,0.015533129732724612,0.03805453400530724,0.009416980268404603,0.007264744853638237,0.022497698385078178,0.05573554956635404,0.02954625328182561,0.3717032002882567,0.29521430551934885,0.002446261641983979,0.007593384328366939,0.008107357470732074,0.014975826614758686,0.01994896003935765,0.0364592027869646,0.013964874988296,0.010625434368263053
44,0.03716099675723153,0.2058180066861808,0.007782885165573097,0.013638538029444282,0.02835306177435893,0.028535891877347765,0.009822362709232972,0.023750688769293135,0.0856667889703564,0.0633719580230884,0.021798102484499923,0.023433437263551193,0.005061131869053998,0.007597553366494013,0.013071366990554636,0.013623811213899379,0.03726120393160633,0.3128017599328609,0.0481281537530561,0.013322300432316166
45,0.018660564554510733,0.12498740958523537,0.005645866306584275,0.005418317202831019,0.01469054266757537,0.005026649250948988,0.016481377686081322,0.0296724082364398,0.010312717041743039,0.005914819157604247,0.008402783109445228,0.019460132565862903,0.006142511171260943,0.016534041061463757,0.02365050871057643,0.010325192316580316,0.24010799612012262,0.4128729622677124,0.017128584575890404,0.008564616411530692
46,0.026628768718152777,0.03512807011655522,0.04397154664057538,0.492684674882224,0.008010988660996992,0.0438771614765813,0.017436838243070688,0.09788450592070234,0.017669341918025813,0.02305990809979803,0.023688672178355116,0.03243244557065168,0.00731930786543293,0.03001918009373435,0.025055505213819756,0.009679190812507586,0.006393806769061392,0.021001407238649645,0.02007807978656495,0.017980599794540066
47,0.019606631930528688,0.10906622906876177,0.022759915217009014,0.012838921455318808,0.0435776824655302,0.017579489706186602,0.04211212820596476,0.03818128035185607,0.013357645927264527,0.368900361023314,0.04884074895179387,0.018198699564035102,0.08357295739442844,0.0212332414376094,0.01119949195520224,0.011631230842010903,0.01665111288520626,0.04825248582445407,0.03336309193512922,0.019076653858396006
48,0.011615329618803062,0.023395287818363447,0.01880167359113015,0.016314642000061802,0.011550025487577083,0.28781852242737577,0.021461218810781287,0.017192393791584822,0.2699063272346388,0.01059525312544516,0.019353252761177404,0.07173648285469379,0.006740092200149065,0.02685160948386444,0.040488293216121275,0.031284199958324925,0.03128145626868975,0.027067128044310284,0.044641463274062224,0.011905348032845472
49,0.008053305079722428,0.012520596905593246,0.01691979634880456,0.01575982637825344,0.030694165391956477,0.007599984690470454,0.010737525746467046,0.04675517135103829,0.0056231022768871595,0.6985765232031562,0.03169634466405116,0.010433014413901076,0.012656455154517904,0.013072671114020424,0.006413048720469385,0.002609516684826843,0.005165783622486273,0.04476981199174736,0.01704507371774034,0.00289828254388995
50,0.20376029813660373,0.17558365307077975,0.021886832731119486,0.01711699876720872,0.0007693339855537551,0.16644261902212593,0.019567342576918487,0.004387571704931278,0.03187175067986279,0.00312537565097045,0.029163198554129587,0.026325990921145327,0.04281634313963824,0.059935113303222556,0.008259281734256795,0.07861074255187897,0.1037321344518789,0.004439055547684707,0.0014028856376475495,0.0008034778324430617
51,0.08444709528080091,0.02030364217325266,0.1462985783405583,0.03657038588735056,0.0031998345703985894,0.03540570449407382,0.016014560862830686,0.013006000741529904,0.004524903563740379,0.015970889823231162,0.006588327619843377,0.3659150559767935,0.03179187102551709,0.019987256645180147,0.03746244296473082,0.017570333833032414,0.08669026487875367,0.03390564820605995,0.007298133372018928,0.017049069740303065
52,0.011233158863082869,0.03210011701816356,0.005035065636706296,0.0024770846255437766,0.07177050878656484,0.029100115780461653,0.012792761465493921,0.009203546180415885,0.0025525689443373113,0.012386462549085955,0.07502153912990853,0.01779373860218167,0.009892903003389065,0.0039203194308041955,0.003171355462887577,0.07735887041937209,0.3580474562140353,0.019909793208396337,0.017616053578483178,0.228616581100686
53,0.013960661118997474,0.010538556331227546,0.03743842378485383,0.6290076433719485,0.014531178779251941,0.014582624129996218,0.009641837301718761,0.027395481322037007,0.03811560100474068,0.02993018035014728,0.03483288614066658,0.019967321803462567,0.007237633791864356,0.02729597621049338,0.007708433027894422,0.01682668052241002,0.008569352231038802,0.028617566501696258,0.011281859655130799,0.012520102620423568
54,0.19706408795693883,0.012368178807441307,0.017081621554829327,0.021222933469855744,0.021711956686969347,0.32176901582894424,0.036586801040070546,0.00729921473279742,0.006537473147538312,0.002619543733358586,0.015903146387434036,0.035914693690620406,0.0051817298889508465,0.07443303669303201,0.018690226312821696,0.08936509398057904,0.04571373694221696,0.024732252812610215,0.03605173738031513,0.00975351895267604
55,0.007034175951345684,0.00963699399901551,0.01680936386626808,0.027535737094802455,0.0182819743216399,0.013802045332552772,0.05771495025963482,0.013183145811767074,0.03967710114770179,0.01577525029883206,0.03688760308252261,0.015401261271339043,0.010441593866951048,0.043519969236369985,0.6153332435044924,0.01712140906809611,0.012794242643795257,0.005503742965973524,0.007460884928177246,0.016085311348722684
56,0.007139439961113327,0.01232580296598251,0.018621344572408893,0.005389226829376528,0.023486731116617234,0.03487576697651287,0.023424796428552996,0.04954761679878668,0.021663138875257545,0.48431677570987947,0.07565674808276687,0.05522428353262717,0.006479846189722041,0.022444332919353403,0.003747875857135011,0.0059164928101686385,0.1043741889215407,0.027849060635319493,0.014117701584319811,0.003398829232558751
57,0.0030078826223624462,0.0048128803387014465,0.003687671938953315,0.007088440208356785,0.028033270132596246,0.006007195485524251,0.006081753307052889,0.3737007749435614,0.010294891126273596,0.2539284787252422,0.03062820033992865,0.017053646549625233,0.009396566148513306,0.004630266500661163,0.001411882041640718,0.015351148973175867,0.010010805877839302,0.151373794577082,0.011755082145981203,0.05174536801692793
58,0.006188981339924272,0.006627412114291005,0.02666514195001211,0.014506986860399643,0.020412720554940724,0.004121943754636872,0.0221872618500097,0.01865870950785617,0.035416848014125375,0.020794767436968432,0.008455568646828334,0.010230750187138545,0.00784636349838032,0.7425678839145802,0.012449237182627613,0.00801781213235557,0.014029008212174407,0.0040159626724048155,0.008616255216594954,0.008190384953751021
59,0.004285989011944231,0.004071621942993518,0.02129514144251547,0.04031601198441589,0.007077763423811745,0.005053020432815081,0.013444128532770976,0.014680147045774777,0.03271840952657827,0.059004986835314334,0.01119715156950982,0.6969386865350838,0.0067203132898628875,0.009943135181863525,0.006265655695088984,0.012999823821250794,0.007302208676675257,0.003947530124843475,0.011041937598841381,0.03169633732804585
60,0.007202040855929367,0.02636141261555415,0.013966404163981237,0.0313853161427477,0.01779043834419415,0.04564348608352917,0.007462094693405733,0.02755272737254141,0.018524796236252222,0.011595884153135307,0.07343887153246541,0.021291215246570815,0.013296684042574166,0.01651784780619233,0.017512740007312438,0.5961920288080018,0.028258516344288314,0.0037585130323428174,0.012457660390020548,0.009791322128960918
61,0.002373602631652116,0.029506888002472424,0.003098716559256742,0.028687318974119184,0.04686258403564602,0.004408090679354226,0.00647029919290028,0.2850914541197158,0.005301269997834128,0.1628107260407062,0.020613785613591187,0.010981456043255127,0.0011138929211234778,0.003193781400527373,0.012620334980583799,0.004251267527518435,0.0063882688371114955,0.3337954579165695,0.01859572992287657,0.013835074603185908
62,0.10518713921234404,0.030202112723268754,0.007723851126751802,0.007260926912823519,0.006846751290586565,0.007491602449650846,0.0064339450004496,0.01594896716373043,0.017704240843740376,0.0020006854379129952,0.011341557226890895,0.008498254347163831,0.003930283080900384,0.01412933793318342,0.00524483333113448,0.31571099409502523,0.40512240510916064,0.009130567040969616,0.015994667894844224,0.004096877779468329
63,0.013745061841639358,0.02154607481900448,0.2608289154584853,0.006476551012649069,0.003429500966898164,0.006886372722339662,0.005089236040519571,0.3980944284334996,0.03515689955160635,0.02903171832939089,0.03156180901859057,0.007418193780996776,0.018599071893922858,0.009160122526747748,0.0032141380140368733,0.005797021457104112,0.009680289251912165,0.11693927490890141,0.009938033188480104,0.007407286783274911
64,0.009159906845343456,0.019324295947828654,0.025045807213165558,0.6866033739243269,0.007641129822623193,0.014519412432629431,0.0056120772826878575,0.010986824396193801,0.01970498037202187,0.020469830108818886,0.020360737016984556,0.0071324432584411864,0.013731085907239862,0.043959501109745294,0.016577733756227606,0.00857197022763057,0.005597706122095247,0.028561610914026217,0.01952154271815754,0.016918030623812374
65,0.010661520728340267,0.020924870440373517,0.007673512356858319,0.03299334868642996,0.02624964015588944,0.034058636238584766,0.020488729238333968,0.023171843950771313,0.027041172814388503,0.006614367918817922,0.02022465037654579,0.029412919562092382,0.004091601586989732,0.012762016288160084,0.654021137709238,0.010352496774432894,0.011419476225259052,0.006407592602350342,0.03444754552437718,0.006982920821766603
66,0.02794833550529375,0.019654041274583707,0.05070971255690743,0.04353981152581419,0.03234258936998588,0.017607726081033802,0.020545361522376366,0.019628657753177504,0.0448710239858911,0.03035497553278449,0.46415632335270607,0.027604517409352915,0.00857922255324259,0.02491986486277787,0.027353025937249538,0.010760894448159811,0.026559764303897712,0.04481567756476744,0.033664460963959725,0.02438401349603808
67,0.04978602858466725,0.01946351327072215,0.014063380811411057,0.04879326669314887,0.04312996201165038,0.046734630654208055,0.035694414987411965,0.10992326760891363,0.022800816533664815,0.06365327563465067,0.05043854202820378,0.036970133611825225,0.010998763365211302,0.031672500455264076,0.006606413187494894,0.04162671269084053,0.02839573259140954,0.267101649510452,0.042255180389785776,0.02989181537906403
68,0.00922236898619939,0.05606375584606104,0.012143707956953386,0.019755479114723203,0.04395900137032095,0.01649799054584145,0.01247477381718481,0.1981602187825679,0.010604288037368279,0.38227116934212957,0.04566399695498502,0.014896811002876504,0.012533805082966313,0.017419916939085792,0.015184700781029032,0.01834348503440766,0.010124833130616802,0.04388601556660365,0.04292555574913004,0.017868125958949217
69,0.03286535023791086,0.028277008106081435,0.009658745188328478,0.01859110157132745,0.029544859858244767,0.08102325194009706,0.015108052125993327,0.019602842328003356,0.008671278428071662,0.011142054836070177,0.016055781578782798,0.01737540399259889,0.012911037945621286,0.012296426243814083,0.005217340633932887,0.583836975357058,0.01925128877311888,0.004657764507596873,0.040906528082604005,0.03300690826474362
70,0.49331454045547474,0.014414808373942448,0.025145205445967343,0.00700372612729722,0.03723847507783852,0.022195274752277793,0.007354470959168361,0.02178027341828162,0.004628379960917097,0.01152832645438501,0.027900549932917768,0.005267738695948657,0.007779752411546022,0.011006952173749392,0.004122310565789065,0.1286193375645746,0.09728172672532094,0.030876525893679216,0.03539939142105317,0.007142233589870968
71,0.036446601126258846,0.02582244363546131,0.011082878608805913,0.007469797131287496,0.3172150236821969,0.0028237156491161763,0.009993408159977684,0.013457301723126,0.006904531675413928,0.014681721402205826,0.014988962631633254,0.007666391857176385,0.0016499367186033269,0.02941056426564258,0.0024134629941459547,0.009223891517929397,0.005045253598715554,0.03222881306146829,0.203595611627596,0.2478796889332393
72,0.007713896744117252,0.008889731102391829,0.6257638272452246,0.03921154488997547,0.02697732656041467,0.027351590073609933,0.02508009088595825,0.009285267404277209,0.04165619887516059,0.006683245121247741,0.014857592672196787,0.03485628865712609,0.004110850285417883,0.008696912798065413,0.006209920393285537,0.0078485422226941,0.009995110830178544,0.03314576162269016,0.03393440004768258,0.027731901568285283
73,0.03886093040108088,0.08063886175920554,0.015293407117953801,0.050952973644877164,0.019310821460968443,0.0229131879760817,0.027790790254212515,0.06315210934188553,0.01657552566543881,0.10101512856868866,0.016340812039988148,0.03678968299300301,0.000715730181725559,0.11289917696214052,0.01824050304604695,0.07079864341373143,0.10666487623823152,0.08408587739133982,0.01459274145138802,0.10236822009201198
74,0.011653282573083599,0.014471597095696974,0.00677770060391773,0.029679813091622494,0.021569308715499533,0.026378177985430677,0.03098318342052017,0.02318229693758166,0.3191238692395185,0.00687244206197405,0.025374005772898202,0.006405190197087709,0.010937660202306604,0.008278755754334646,0.3719227768305027,0.035820392941427096,0.01853135016654021,0.004578796463100698,0.016506046156147383,0.010953353790809413
75,0.01050257782512916,0.008088580696293545,0.022018473388889154,0.04256175352090824,0.007665162458485752,0.03954949619602118,0.010163811656346965,0.06997169491962586,0.024883950244648838,0.004901896632583043,0.03790126610059934,0.023615135284781763,0.005833587409476542,0.01900196514049433,0.5669469259845683,0.020024353789560988,0.013966481448207484,0.009377036735025313,0.05079851062175096,0.012227339946603261
76,0.018220166481646073,0.008532833065516741,0.04852173330126301,0.011799213152546534,0.016519427796927482,0.007106568651360482,0.012572715121917998,0.10724905429713463,0.02187918311543188,0.027022531652829092,0.03668383181524981,0.19424535798747045,0.0017550437138246426,0.012975727868331174,0.007353126584283939,0.05036390106441102,0.009399071455212123,0.12510245561989938,0.24510056709105346,0.037597490163690094
77,0.03359736220729255,0.1632127836516585,0.005616239458602559,0.0067450106999037635,0.007473591527470463,0.024454293927475057,0.08899726405798374,0.02910060856159546,0.07135891935880073,0.054050048212314794,0.006296594594316218,0.0173831335883123,0.003400223088600656,0.03757738513692314,0.22501788231352843,0.04637929356770411,0.029671640212360597,0.14075853672204972,0.003331284488206478,0.005577904624900742
78,0.026998251757605916,0.03351717835433797,0.011094042038577431,0.006995836845815204,0.20583517875374976,0.004843616010455808,0.2585286747291822,0.010142510719813239,0.003748710760515014,0.003757155378206516,0.005342008425712747,0.025959667998544843,0.002724990652993703,0.012621303800581603,0.0027658076384787433,0.00765063514510002,0.009933722750506413,0.026383797709388538,0.03510383925548983,0.3060530712749445
79,0.005066798241514173,0.015610679784001725,0.021494595370724373,0.028969077910000415,0.02082563626371855,0.00553398520750626,0.005595055972284284,0.039937403866912385,0.005266142102485109,0.6555660896471678,0.047497454407944215,0.004478077754344039,0.012425685950296108,0.03080872837592935,0.013955371118742902,0.008700176478050627,0.008213935903287723,0.031076899768217682,0.023368750963241418,0.015609454913630895
80,0.03176409810066114,0.07432506114735021,0.04858497184592991,0.23843470815100104,0.033532653343928936,0.07250051203291483,0.0350561816279204,0.09019242277467485,0.010517640170846256,0.006129664435532959,0.00744442150873402,0.005669273037264304,0.000626219038277638,0.06216344639313459,0.012360435577975053,0.11175504133539921,0.05651725316979629,0.06514424438776177,0.011248629039671993,0.02603312288122465
81,0.008504855843824212,0.06794596387430009,0.03239835909426826,0.3253876532630776,0.07076131734414617,0.07503852793814995,0.04569629244322612,0.056703686851877856,0.023384347161640638,0.01259022032249257,0.01296018010461299,0.025836702398827183,0.0014645985316453591,0.017300951588739857,0.008401052335838698,0.012217298972261873,0.01201396070814513,0.11396043192163155,0.024025293220686708,0.05340830608060719
82,0.01798849976209441,0.07002609680688374,0.005879204044603333,0.001295263964661213,0.17379996871619402,0.00034530780293412803,0.046546363807964584,0.005669273939919086,0.022157552865303982,0.007634933170343961,0.0442541905188176,0.06586304371403094,0.000877194831086096,0.21405035950837775,0.037466684496648424,0.058709540904519394,0.028059032282551598,0.01187446073634236,0.029089794311630127,0.1584132338150933
83,0.09613402272605939,0.06804207401050746,0.0021030426139103495,0.023452315298133138,0.007651535128706298,0.1632877539175507,0.03034080493090046,0.007653833844375459,0.004074468377704549,0.004315695485696449,0.018916145304804472,0.07329001821493444,0.18357636421319679,0.14347554852998196,0.018204750581171117,0.0856429627501234,0.03433437992745959,0.027214642506858563,0.002715921552302667,0.0055737200856226755
84,0.14884735624372616,0.02589637956857576,0.0020936476751157052,0.001679660842645344,0.001993129172442569,0.09391796070454136,0.0808992988147717,0.07750452621851608,0.004008940811862256,0.06997364628161154,0.12953206128860908,0.10851868633065281,0.023514355531966232,0.04403444536623112,0.004277191601949007,0.08403159758176731,0.049297098334144654,0.016935788924825505,0.030742329623670142,0.0023018990823756224
85,0.08756228456065607,0.03433925640450966,0.003105199017482301,0.007115537602370213,0.00527885055693334,0.06147338575830803,0.08574320750608562,0.03782208345544956,0.03255569764651273,0.02357330344389084,0.003296948686993816,0.03947666520876218,0.07819058541037198,0.06472335334140633,0.027647187668164347,0.03986629028610337,0.1268216476014489,0.11831658197404636,0.003339303886037946,0.11975262998446642
86,0.02141911883701389,0.004181015586097028,0.0036527897657798788,0.0029844251731792294,0.031405502075544045,0.04432575953153799,0.35106814494491423,0.0014795395426706339,0.10261255517273586,0.06496559486438615,0.04527883316210499,0.09313119449080905,0.005966949486799815,0.1014299491868617,0.034250989554698325,0.02425430766182149,0.045189972683561994,0.0019907209950821214,0.016613913687202813,0.003798723597198762
87,0.00350491462879945,0.026073147786493493,0.01078659505491882,0.024441749008991938,0.017846213288079588,0.005964947109266096,0.005733394493905583,0.03275043900814361,0.5934669366086813,0.014652253324232095,0.06823309391701692,0.016551687259000594,0.0019052078530163866,0.05677265052593273,0.009231294493554242,0.07831166102854588,0.00944458315640025,0.0037616680617115635,0.015588292053563635,0.0049792713397457935
88,0.00037658429677022765,0.07830216983910365,0.04407424142138719,0.0049420968876798255,0.021107454325689987,0.0012921135372774522,0.00393666789665783,0.0012977969444032318,0.0026266361554662058,0.003432922967512566,0.0006096648371186671,0.8079130306070785,0.00017221899378623738,0.000778004535610077,0.0002887898701291033,0.023288120945515006,0.0005185249478338878,0.002073325575517071,0.0005316735012249613,0.002437961914238267
89,0.3112325988955834,0.07439103628307324,0.005772851771705363,0.003654176976675674,0.15848722856253442,0.043627444642218724,0.008110223950866389,0.004654075052438866,0.0023664435859379832,0.0060098703436858286,0.005422515103370105,0.004393323613201146,0.17510340324205056,0.0029587286035191894,0.007047718670898503,0.02451948975749349,0.004825609258976107,0.007350375554958608,0.09083067379936233,0.05924221233145006
90,0.027939380612619455,0.007777055780671585,0.0030716210310889626,0.014537916200113094,0.0028125195807059055,0.1012225183166358,0.1383529484395374,0.005198535170847382,0.17574622546788415,0.02933283814906808,0.032719382606407735,0.0614446918672632,0.00473736271397605,0.0702219787500202,0.16313143709554273,0.026137326921701197,0.11254482368087246,0.011431302942462394,0.00702974198098261,0.004610392691599612
91,0.0010273129901214211,0.004461681974940131,0.007961149119589075,0.017599066802966946,0.0035209260969678953,0.003080771463251553,0.00388084335388632,0.025168514890064005,0.3698755150196743,0.00184089948512399,0.01635896821046492,0.010227949141067741,0.001232556552770394,0.009030557266203209,0.5052797774808032,0.005306403007943631,0.002958197377905517,0.0017540959154942293,0.006865188626127693,0.0025696252246338418
92,0.02944121892149995,0.008751455972346677,0.022193014816914786,0.018438483431703588,0.008971725484318873,0.010393884517717339,0.013279006771454563,0.03767248206277499,0.024461407304590378,0.01050832112877162,0.0284548898865414,0.06575448958038072,0.012126586017947647,0.006856953657246182,0.00524683431329552,0.02586032596020261,0.6142038172597526,0.006975832170368631,0.026508233823654914,0.023901036918517027
93,0.023926524769294244,0.008556266380663913,0.010985724470924201,0.03832583462266451,0.014478465217417243,0.6816207111433963,0.01631587190714235,0.013797792972809449,0.01771024857149911,0.014183493872785646,0.02443682333739347,0.010740664323732267,0.011986291236411059,0.014916655282373854,0.019613047707368533,0.008735844168302809,0.007046874937983356,0.020001450538871857,0.0287565419431184,0.01386487259584757
94,0.02588341038261252,0.012003496747691253,0.049324423369897036,0.02598115736392417,0.023674983590578035,0.5865812916214946,0.009532447026147488,0.008422869658403788,0.03336924206944611,0.010465090299612236,0.04448967463381474,0.02163056527881358,0.004357781051805146,0.010329802601328457,0.022595689740922954,0.018703019458879915,0.007207006837933462,0.040141616158251986,0.023593985846002804,0.021712446262439622
95,0.2923277636078414,0.034583035586274805,0.010804138271813365,0.05575771463672672,0.043028759626316776,0.0072618559584870825,0.020489872243469435,0.012445063999793615,0.010344809833249001,0.016659262775876253,0.014016687203444313,0.01347563632266115,0.2628848141386013,0.011863713572543368,0.017695179299069726,0.10109915474650574,0.03534952224964954,0.015688128288589426,0.017032773821581224,0.007192113817505766
96,0.005794178485299466,0.008862167205513808,0.007017406474573124,0.010019864921821317,0.06923727486890728,0.00514680998795853,0.008552324725543634,0.34227251095259503,0.03609651914171087,0.0809061235937717,0.051445892338596436,0.006765364257245611,0.003860566483150759,0.004709110322607252,0.006597627935531834,0.007920620128885923,0.02022220377165041,0.29650488398335395,0.011063840553604268,0.01700470986767886
