site,A,C,D,E,F,G,H,I,K,L,M,N,P,Q,R,S,T,V,W,Y
1,0.0481292,0.051240999999999995,0.0522332,0.051130300000000004,0.0537153,0.0457378,0.051063300000000006,0.0344295,0.0489092,0.0491354,0.0924653,0.0476027,0.0535569,0.0491596,0.0490031,0.0502654,0.0457204,0.0260046,0.0461434,0.05435449999999999
2,0.6000850000000001,0.00611858,0.00518482,0.0332487,0.00351193,0.0279207,0.0109366,0.0036358000000000002,0.00863255,0.00142201,0.0398902,0.00406202,0.0141035,0.00268213,0.0021375,0.0197636,0.0202695,0.181603,0.00899107,0.00580051
3,0.0378814,0.0164352,0.00390982,0.00217285,0.216941,0.0461772,0.14863900000000002,0.00410827,0.00847802,0.0846403,0.0032786,0.0320969,0.0261905,0.00358272,0.028933499999999997,0.14578,0.162001,0.010803100000000001,0.00821041,0.00974033
4,0.03055,0.00394456,0.00177356,0.013385,0.267561,0.00423615,0.023592500000000002,0.0283953,0.0216798,0.055346000000000006,0.034611300000000005,0.027345599999999998,0.130666,0.0827445,0.00366394,0.19544,0.034975900000000004,0.011161399999999998,0.0152817,0.0136458
5,0.022578599999999997,0.115122,0.0167495,0.00605116,0.061929,0.394293,0.0178066,0.00381025,0.00995463,0.00705872,0.00782872,0.077725,0.0192855,0.0108199,0.11716900000000001,0.0585825,0.024018599999999998,0.014426499999999998,0.00513011,0.00966034
6,0.035375,0.015856799999999997,0.00337752,0.00490634,0.00418561,0.00155723,0.00334613,0.023171200000000003,0.004324000000000001,0.12116199999999999,0.0221417,0.0318577,0.00663378,0.0151738,0.0069649,0.018315900000000003,0.6590550000000001,0.00249867,0.0126446,0.0074524000000000005
7,0.00324435,0.00399132,0.00527122,0.0321574,0.00671811,0.00200121,0.00453405,0.0193565,0.798968,0.00242745,0.00912397,0.033525,0.00243825,0.024863999999999997,0.016569099999999996,0.00251444,0.0131882,0.00278274,0.00962194,0.00670325
8,0.00418613,0.00925967,0.00469308,0.00637209,0.00917433,0.0195655,0.00417867,0.00387365,0.00576039,0.0229303,0.013199,0.00643035,0.027930400000000005,0.0285554,0.796458,0.00352439,0.00279371,0.00424547,0.0214692,0.00540033
9,0.20569,0.020848699999999998,0.00192175,0.00876225,0.0106236,0.030189499999999998,0.17631,0.0238053,0.00854297,0.0564592,0.014640299999999998,0.025332,0.12065,0.0855467,0.00104257,0.136533,0.0151181,0.0408215,0.00362888,0.0135329
10,0.0362807,0.051450199999999995,0.00735499,0.00245938,0.0651549,0.0067188000000000005,0.31409000000000004,0.0385955,0.0050581,0.029602999999999997,0.0054172,0.0217107,0.07064379999999999,0.0119062,0.00503445,0.026561599999999998,0.00542463,0.013524799999999998,0.013037200000000002,0.269974
11,0.020669200000000002,0.00692927,0.0506029,0.501877,0.0266135,0.0214173,0.018051499999999998,0.023548,0.039910900000000006,0.00391705,0.0225565,0.013094299999999998,0.00475804,0.0509542,0.006418600000000001,0.0088446,0.0633025,0.014529599999999998,0.09303489999999999,0.00897005
12,0.017694400000000002,0.010576,0.102325,0.0129809,0.0311381,0.00909337,0.21469499999999997,0.0696284,0.014084799999999998,0.0253386,0.0345125,0.027817200000000004,0.0233544,0.173144,0.0242445,0.144509,0.0274134,0.00989207,0.0061014,0.0214578
13,0.01466,0.008489100000000001,0.008218000000000001,0.00908456,0.00647842,0.00373462,0.00284479,0.0260625,0.0400955,0.012075399999999998,0.481571,0.00395887,0.00439304,0.062134400000000006,0.024225999999999998,0.00254529,0.21811599999999998,0.0207955,0.043801099999999996,0.00671617
14,0.0173736,0.00970652,0.191883,0.534072,0.0420728,0.031703800000000004,0.00844155,0.00689084,0.0349301,0.008493899999999999,0.0151304,0.00709181,0.00593433,0.018341,0.0066855000000000005,0.020855099999999998,0.010896799999999998,0.018019900000000002,0.00704678,0.0044299
15,0.0112541,0.467579,0.00167112,0.00310607,0.00291463,0.000861221,0.07544,0.0151534,0.00653043,0.034581400000000005,0.128556,0.0358339,0.00390562,0.00520918,0.00236724,0.00987559,0.162023,0.0253341,0.00325271,0.00455151
16,0.00897651,0.0238221,0.476383,0.163865,0.00760293,0.0342441,0.019624000000000003,0.012938999999999999,0.00403906,0.00160389,0.00972548,0.035069300000000005,0.00118187,0.0493657,0.00337065,0.00634782,0.0160554,0.0211762,0.0740543,0.0305539
17,0.07650839999999999,0.028313599999999998,0.00282748,0.018128799999999997,0.00122627,0.287482,0.0119685,0.0074473,0.00447689,0.0190553,0.0125581,0.0220945,0.112069,0.0173797,0.27639,0.0168194,0.0249403,0.055679599999999996,0.00336869,0.00126644
18,0.110924,0.040246300000000006,0.0747179,0.24274099999999998,0.0110331,0.0232841,0.00672425,0.09510310000000001,0.014031799999999999,0.0121719,0.00937168,0.013972499999999999,0.0748529,0.0902493,0.004656399999999999,0.0226107,0.0355153,0.07854900000000001,0.018637599999999997,0.020606
19,0.00470495,0.036180699999999996,0.00784378,0.00668709,0.0317941,0.0230729,0.13405799999999998,0.00469796,0.00645224,0.025555500000000002,0.0163387,0.0241495,0.048357300000000006,0.0147066,0.448248,0.0721507,0.00510502,0.0707677,0.015276699999999999,0.00385235
20,0.019136700000000003,0.070838,0.00731936,0.0384393,0.039593500000000004,0.00879646,0.023971700000000002,0.0025992,0.02825,0.0381596,0.0117634,0.011076,0.050735699999999995,0.464214,0.0255359,0.0525314,0.0232685,0.0446157,0.00984224,0.0293134
21,0.00807484,0.0292197,0.04202569999999999,0.00340052,0.0681273,0.06435700000000001,0.0492435,0.045353199999999996,0.027546299999999996,0.019875099999999996,0.00515382,0.21513600000000002,0.00483803,0.026758099999999996,0.017405599999999997,0.242873,0.0235547,0.00427287,0.08846649999999999,0.0143178
22,0.16630899999999998,0.00378914,0.0207204,0.0089456,0.0101978,0.276389,0.03917709999999999,0.0538394,0.014746500000000001,0.024685299999999997,0.036044599999999996,0.0275857,0.0224435,0.0160062,0.0163434,0.0908305,0.0392796,0.07498250000000001,0.046842199999999994,0.0108423
23,0.0416341,0.00508924,0.00672674,0.00446166,0.07454889999999999,0.0185937,0.022900599999999997,0.029095999999999997,0.00236377,0.040181699999999994,0.04485530000000001,0.0448094,0.052708000000000005,0.0991798,0.0417752,0.0640705,0.216691,0.0564654,0.059721,0.074128
24,0.0153687,0.015528799999999999,0.0572776,0.106136,0.10234,0.00694741,0.00769761,0.07220139999999999,0.0112324,0.308535,0.0253634,0.016869299999999997,0.00582204,0.0323882,0.00632677,0.00628326,0.0915623,0.00850688,0.0946588,0.00895473
25,0.019018599999999997,0.0381144,0.00489697,0.00747358,0.019812,0.0104524,0.00752542,0.516794,0.024330200000000003,0.0146411,0.0312965,0.032615899999999996,0.00363828,0.00592776,0.0180023,0.009217,0.110625,0.10337400000000001,0.007881399999999998,0.0143627
26,0.00879794,0.00765055,0.0134959,0.00589376,0.11785799999999999,0.0170293,0.014553700000000001,0.0266536,0.220888,0.016769299999999997,0.046145599999999995,0.00564289,0.00293388,0.012728299999999998,0.414264,0.0193808,0.016721200000000002,0.0137361,0.007645900000000001,0.0112119
27,0.190699,0.00319742,0.00972643,0.0209136,0.0469806,0.0170136,0.06150800000000001,0.11838800000000001,0.0421749,0.050158999999999995,0.012748700000000002,0.012359700000000001,0.011473100000000002,0.0306586,0.06003819999999999,0.019696900000000003,0.0566246,0.0368707,0.028622700000000004,0.170147
28,0.0191177,0.09320830000000001,0.00264358,0.0304565,0.0235066,0.08367139999999999,0.00983792,0.00493176,0.00458215,0.062220500000000005,0.06500890000000001,0.0534091,0.015046200000000001,0.120573,0.0312529,0.240814,0.025824,0.0120987,0.00829056,0.093507
29,0.0210165,0.120682,0.0250903,0.013343,0.0348172,0.0153869,0.00723671,0.098873,0.016440299999999998,0.0305311,0.035688,0.012377299999999999,0.0476061,0.0198248,0.00461168,0.00656773,0.00751811,0.459089,0.012340700000000001,0.01096
30,0.0291403,0.00886579,0.0201529,0.0443498,0.020535400000000002,0.600893,0.0109142,0.0448993,0.021953599999999997,0.00444406,0.029026,0.00954649,0.016958400000000002,0.016402700000000003,0.025709199999999998,0.030003,0.006157,0.0350808,0.011948299999999999,0.0130195
31,0.138677,0.013479499999999998,0.00797967,0.025618400000000003,0.0363755,0.00891466,0.109109,0.0487019,0.15851800000000002,0.023781200000000002,0.11451700000000001,0.024075299999999997,0.00244116,0.0103758,0.13812,0.0163309,0.0483597,0.0220297,0.036148599999999996,0.0164477
32,0.0167833,0.0101152,0.00557422,0.00864608,0.0790574,0.010967600000000001,0.040982599999999994,0.0306435,0.0338457,0.0377616,0.5744199999999999,0.0109638,0.00843614,0.0154399,0.00910047,0.017896099999999998,0.0248715,0.0331414,0.013746600000000001,0.0176065
33,0.0501775,0.17993599999999998,0.011791,0.004647,0.030851499999999997,0.0104514,0.0091563,0.349327,0.0115999,0.0356912,0.069257,0.0279884,0.0141762,0.0102363,0.00217222,0.0224785,0.08407780000000001,0.051281799999999995,0.00973241,0.014969999999999999
34,0.169775,0.07169099999999999,0.0324494,0.033063499999999996,0.00542632,0.19506400000000002,0.09997930000000001,0.029312,0.0474496,0.051524400000000005,0.016895900000000002,0.0456467,0.012461,0.013641,0.029876599999999996,0.036382,0.053486900000000004,0.0181685,0.0244291,0.013276699999999999
35,0.0254446,0.028673200000000003,0.010314700000000001,0.0521943,0.019163299999999998,0.44505900000000004,0.0220873,0.00955326,0.0148526,0.00896297,0.0242502,0.04631880000000001,0.00476918,0.0516312,0.0361516,0.0171327,0.0353327,0.0457491,0.0797268,0.0226322
36,0.00890738,0.0308524,0.0112157,0.029297900000000005,0.0440194,0.0144078,0.0122009,0.383425,0.0250916,0.11010999999999999,0.107733,0.0295519,0.016087200000000003,0.0120899,0.00456021,0.021157099999999998,0.0333886,0.046655800000000004,0.043181699999999996,0.0160667
37,0.0675596,0.0551562,0.0150684,0.0469811,0.025246599999999998,0.419357,0.05668240000000001,0.0278365,0.0190287,0.0201649,0.0339775,0.0150082,0.00836079,0.0183088,0.042085199999999996,0.027821600000000002,0.0159976,0.0360213,0.034986300000000005,0.014352
38,0.016444099999999996,0.0279824,0.017883,0.0247699,0.0189303,0.101812,0.101232,0.05904630000000001,0.00865163,0.026081,0.134324,0.010368299999999999,0.00966108,0.0310714,0.267163,0.038556,0.026389199999999998,0.0151622,0.0500264,0.014445600000000001
39,0.0216925,0.0779297,0.0141993,0.00566822,0.28455,0.024299900000000003,0.00977386,0.0325289,0.00753303,0.017195699999999998,0.024641999999999997,0.00596168,0.00220621,0.0054192,0.00267018,0.0167168,0.0320431,0.114578,0.264261,0.036130199999999994
40,0.0411077,0.018069599999999998,0.015380000000000001,0.00562917,0.0349055,0.00396034,0.325825,0.0105295,0.00453554,0.00807038,0.0866977,0.028569900000000002,0.0104066,0.0316784,0.0032361999999999994,0.011468899999999999,0.00622997,0.0045113,0.027943799999999998,0.32124400000000003
41,0.025059,0.0147299,0.0283476,0.00793695,0.012497,0.028846299999999995,0.0027667,0.0844934,0.00425115,0.2215,0.03365,0.0248304,0.00151741,0.0152484,0.018728799999999997,0.10535499999999999,0.06743819999999999,0.0114668,0.0978637,0.193474
42,0.00790549,0.0104243,0.028977099999999995,0.0292192,0.00928174,0.0169334,0.0270927,0.0115789,0.033602,0.017875099999999998,0.041887400000000005,0.0135608,0.0195687,0.531655,0.0239126,0.014671,0.0997377,0.020655,0.016912,0.0245501
43,0.051059600000000004,0.036240499999999995,0.013396200000000002,0.0241354,0.09134060000000001,0.00483538,0.00633765,0.0607616,0.043261400000000005,0.050337400000000004,0.494329,0.00803348,0.00660254,0.00805674,0.011592700000000001,0.0101155,0.0257382,0.029075999999999998,0.0134672,0.011282899999999998
44,0.0314256,0.24842199999999998,0.00506264,0.058569,0.0287302,0.0559977,0.012925899999999999,0.0681778,0.012439799999999999,0.043276,0.0340288,0.0126713,0.00333217,0.03394969999999999,0.0275596,0.140592,0.053788,0.0465832,0.048401,0.034067099999999996
45,0.033981300000000006,0.0118136,0.0152751,0.0529506,0.0177868,0.00636527,0.0194294,0.043149,0.0120565,0.0303975,0.057006100000000004,0.0351337,0.0218608,0.0102679,0.00508667,0.0483675,0.49773900000000004,0.02536,0.033052,0.0229214
46,0.0131071,0.0089487,0.0433904,0.537752,0.00840571,0.023640400000000002,0.06524690000000001,0.00674594,0.045987099999999996,0.0748758,0.0202113,0.00763141,0.00375478,0.037272,0.0160102,0.00610835,0.010135799999999999,0.0367538,0.013452100000000002,0.0205707
47,0.015344700000000001,0.039082,0.0107236,0.0828952,0.0284091,0.00601849,0.0239942,0.234004,0.00572971,0.23427800000000001,0.117029,0.0170798,0.014852,0.0130975,0.0064545,0.00584431,0.059114599999999996,0.06513060000000001,0.015058199999999999,0.00586063
48,0.024446799999999998,0.0177166,0.0192789,0.0174635,0.00721149,0.0679691,0.00845028,0.0201106,0.290617,0.042036300000000006,0.059624699999999996,0.018616099999999997,0.062029499999999994,0.0400625,0.0603822,0.103148,0.080137,0.0434644,0.0102369,0.00699877
49,0.00868137,0.0285065,0.00482657,0.0128093,0.06914769999999999,0.00283293,0.0281305,0.07903919999999999,0.00552594,0.46896800000000005,0.0837543,0.00356633,0.0125479,0.0037034999999999998,0.00827069,0.00250924,0.00619873,0.137697,0.0255212,0.00776311
50,0.0657003,0.07622260000000002,0.0664947,0.028310000000000002,0.0059299999999999995,0.238105,0.0253918,0.0706373,0.00449619,0.0168658,0.033494800000000005,0.0120375,0.00573973,0.120001,0.0164282,0.129971,0.0343233,0.0404315,0.00327119,0.00614763
51,0.017850900000000003,0.0263895,0.151444,0.061150300000000005,0.00288392,0.011779600000000001,0.013013999999999998,0.16459400000000002,0.0135482,0.0700683,0.0532359,0.0407013,0.20088,0.040729900000000006,0.00414622,0.022936599999999998,0.0420589,0.0336969,0.00547486,0.0234175
52,0.113276,0.10492699999999999,0.00606135,0.00460214,0.093821,0.030727800000000003,0.0101991,0.0129231,0.175016,0.00820422,0.031555900000000005,0.142091,0.00407505,0.00788047,0.020097,0.030009300000000003,0.024190700000000002,0.0287531,0.0257798,0.12581099999999998
53,0.101212,0.00912112,0.0329713,0.598614,0.016366299999999997,0.02046,0.00924375,0.00483587,0.042873800000000004,0.00974495,0.0203599,0.011677,0.00404467,0.0360986,0.00453387,0.00840877,0.00565427,0.04045719999999999,0.0151847,0.00813811
54,0.0646308,0.030302999999999997,0.0103192,0.0668665,0.019727599999999998,0.220998,0.00627069,0.00496072,0.0205571,0.0337122,0.023213900000000003,0.0518827,0.0481508,0.027620699999999998,0.020512,0.265993,0.00667108,0.029463999999999997,0.0436084,0.00453656
55,0.0289666,0.030810700000000003,0.027786900000000003,0.019734400000000003,0.055007799999999996,0.0113492,0.018774799999999998,0.020918,0.361319,0.0561317,0.0182248,0.0142209,0.00545788,0.0174578,0.208616,0.021874900000000003,0.022175200000000003,0.025169900000000002,0.027314599999999994,0.00868892
56,0.0438378,0.0202005,0.010256200000000002,0.0113904,0.053392999999999996,0.00362437,0.00915919,0.131099,0.00911141,0.485096,0.0367124,0.0228921,0.0104136,0.00580122,0.00614325,0.0516434,0.0190514,0.0276209,0.037435699999999995,0.00511819
57,0.0052963,0.100766,0.0113611,0.0245884,0.0364164,0.00527991,0.00560083,0.420289,0.009740700000000001,0.0786292,0.06302959999999999,0.0252485,0.00342042,0.0095575,0.00459828,0.0102793,0.0220237,0.136159,0.0207924,0.00692425
58,0.00424795,0.00513791,0.00743175,0.0239803,0.00889536,0.00318753,0.030117400000000003,0.00620021,0.025467300000000002,0.0164933,0.031547000000000006,0.289083,0.018471099999999997,0.45026499999999997,0.0170954,0.00326326,0.00486695,0.020656099999999997,0.0255994,0.00799333
59,0.00870401,0.00523722,0.04779,0.00640832,0.00735217,0.00724285,0.0235826,0.0213587,0.0434355,0.00521405,0.0125604,0.669721,0.0115198,0.00811656,0.00264055,0.042082,0.0299569,0.00639281,0.0155013,0.025183700000000003
60,0.00853892,0.145978,0.0210865,0.0101405,0.0137649,0.0607336,0.00975633,0.0285904,0.0115151,0.0124206,0.011535,0.034555800000000005,0.0067786,0.00826084,0.0349392,0.431591,0.0904815,0.0145131,0.029092200000000002,0.0157274
61,0.013216299999999999,0.00993967,0.00722519,0.006890100000000001,0.048717500000000004,0.00890964,0.00954643,0.260154,0.00761971,0.22460700000000003,0.022456900000000002,0.08857029999999999,0.00392302,0.00499841,0.00425647,0.0390755,0.192924,0.0307661,0.0107844,0.00541876
62,0.055676300000000005,0.035155900000000004,0.010044200000000001,0.00860464,0.0134639,0.14316900000000002,0.00470162,0.020446000000000002,0.058923800000000005,0.0327912,0.015151900000000001,0.0607366,0.00405851,0.012701100000000002,0.0215924,0.0599221,0.36546999999999996,0.0603164,0.010566899999999999,0.0065074
63,0.0139389,0.0599029,0.0088351,0.011416599999999999,0.128226,0.00689201,0.00562915,0.466128,0.037272900000000005,0.102064,0.0407848,0.0118606,0.0050471000000000005,0.00823731,0.00503109,0.00228352,0.035943199999999995,0.0302795,0.013959200000000001,0.00626676
64,0.0173645,0.0091696,0.0310874,0.577417,0.0204177,0.0309056,0.07702869999999999,0.0114321,0.0352872,0.00977409,0.024983,0.0106157,0.00464316,0.029575,0.0121016,0.011527299999999999,0.019876400000000002,0.0301714,0.018441299999999997,0.018181599999999996
65,0.00667827,0.00960056,0.020597099999999997,0.00647777,0.043944199999999996,0.0632333,0.0195334,0.0303445,0.0712428,0.0112387,0.026956599999999997,0.09094169999999999,0.00321459,0.00776562,0.49134099999999997,0.023596799999999998,0.0185515,0.0171487,0.029612799999999998,0.00797944
66,0.0183981,0.0690277,0.0191868,0.0214704,0.017383000000000003,0.00956404,0.0109757,0.049822399999999996,0.0472157,0.0851291,0.36653,0.022825,0.011512,0.021846599999999997,0.0138154,0.0238024,0.0249642,0.148835,0.0100568,0.00763991
67,0.045594300000000004,0.0165447,0.028073700000000004,0.0494268,0.0218226,0.0474066,0.0453039,0.0851432,0.016321600000000002,0.0372686,0.05387140000000001,0.0248649,0.013539500000000001,0.0253988,0.00784642,0.104725,0.0173621,0.298102,0.00899784,0.052385400000000006
68,0.0119485,0.0473004,0.034467199999999996,0.00984337,0.0129576,0.050853800000000005,0.0214114,0.31389,0.00660032,0.300227,0.0119662,0.0119758,0.0104771,0.0404074,0.0128357,0.0149756,0.0271438,0.0314945,0.0197044,0.0095201
69,0.104602,0.0255952,0.0134041,0.012475299999999998,0.030843000000000002,0.0251468,0.00722791,0.0105815,0.00766137,0.031576400000000004,0.0466481,0.0215237,0.0185701,0.0164299,0.00861342,0.448133,0.017480700000000002,0.0504096,0.00973662,0.09334169999999999
70,0.392477,0.106859,0.0343614,0.020056,0.00890183,0.0645041,0.00940622,0.0081327,0.0143513,0.00517246,0.014331100000000001,0.00913209,0.0262606,0.0093566,0.00506042,0.11331199999999998,0.106518,0.0294365,0.00973487,0.012635200000000001
71,0.0179804,0.0235808,0.035635400000000005,0.0186082,0.395451,0.00722695,0.0216401,0.0173219,0.0947842,0.05214169999999999,0.014643100000000001,0.031048700000000002,0.00466868,0.0719517,0.018141499999999998,0.0814044,0.012094200000000001,0.0249028,0.0120862,0.0446879
72,0.076771,0.0159417,0.492188,0.0512374,0.018745400000000002,0.0424726,0.0782013,0.00860385,0.01549,0.00429864,0.0204738,0.0420051,0.00719852,0.00996765,0.0059303,0.00391225,0.00733171,0.050159699999999995,0.0140659,0.0350048
73,0.195992,0.00779805,0.0323313,0.235015,0.015141,0.026495099999999997,0.0353358,0.0235774,0.029056,0.0256,0.10462,0.05760830000000001,0.00442688,0.037332,0.0344892,0.0635805,0.00316608,0.0466556,0.015039700000000001,0.00673983
74,0.134044,0.0127389,0.0127765,0.0146909,0.0186325,0.018982699999999998,0.0204602,0.022080000000000002,0.10018200000000001,0.014029499999999999,0.0362635,0.034730300000000006,0.00553482,0.0228981,0.295935,0.0315877,0.0180159,0.00721384,0.0424017,0.136802
75,0.0105375,0.0157588,0.017195,0.0212649,0.0193153,0.032887599999999996,0.014448599999999999,0.035180199999999995,0.0426815,0.0264373,0.030289999999999997,0.016735800000000002,0.0056074,0.026455000000000003,0.554484,0.0403592,0.0298575,0.0108545,0.0314683,0.018181
76,0.168006,0.00576029,0.038902099999999995,0.0217207,0.00570546,0.0059279,0.0896687,0.07537289999999999,0.0403455,0.0354426,0.009924200000000001,0.24054099999999998,0.00250475,0.0392674,0.00527628,0.11967,0.045505199999999996,0.00887393,0.0122366,0.029348700000000002
77,0.177284,0.0100596,0.0249045,0.021973,0.0318101,0.013826,0.014099100000000002,0.0192497,0.14941400000000002,0.03859509999999999,0.046226800000000005,0.0426895,0.00238738,0.034618,0.0879929,0.00664964,0.0405936,0.210865,0.0193169,0.00744547
78,0.0477148,0.0283467,0.0354798,0.00745577,0.055970900000000004,0.00893536,0.0379053,0.011020700000000001,0.00999311,0.00678956,0.0163078,0.028850599999999997,0.0125734,0.0139019,0.015872,0.0120706,0.0139726,0.016089700000000002,0.0225289,0.59822
79,0.0146524,0.0276225,0.00725472,0.00687999,0.0284664,0.01706,0.04011869999999999,0.0324236,0.03196040000000001,0.535708,0.0294966,0.0250961,0.0206445,0.059973,0.0116345,0.017110900000000002,0.0289704,0.019771200000000003,0.0379256,0.0072299999999999994
80,0.0766556,0.10400799999999999,0.011017200000000001,0.0849472,0.0161718,0.103545,0.00977199,0.0672422,0.033195499999999996,0.0522393,0.0046164,0.02441,0.000865906,0.0139001,0.026951,0.31049099999999996,0.0311275,0.00941948,0.00378745,0.0156377
81,0.00229822,0.00729841,0.0689317,0.182481,0.0380981,0.0148912,0.0373614,0.0684488,0.019052700000000002,0.043634,0.00795729,0.00598649,0.00239996,0.0423027,0.0030472,0.0234681,0.00375259,0.00961737,0.014659799999999999,0.40431300000000003
82,0.0954289,0.0712109,0.0208704,0.032709800000000004,0.054416099999999995,0.014500999999999998,0.23025700000000002,0.00856055,0.00695362,0.0301868,0.00660834,0.0322087,0.00833877,0.0886887,0.027266000000000002,0.0699875,0.12595499999999998,0.011944799999999998,0.010729899999999999,0.0531769
83,0.020363299999999997,0.0214412,0.0038479,0.011762100000000001,0.0112852,0.035146300000000005,0.0320253,0.013597899999999998,0.0763919,0.0278209,0.0315167,0.0234433,0.326583,0.04704,0.0354311,0.0723495,0.04252569999999999,0.0756255,0.077534,0.014268600000000001
84,0.10625599999999999,0.0207775,0.027288200000000002,0.0208116,0.0184563,0.0973573,0.018378400000000003,0.020339199999999998,0.00614849,0.0170024,0.0381836,0.19271,0.00451657,0.0794721,0.0411514,0.23509699999999997,0.0173206,0.0149404,0.0191662,0.00462687
85,0.215736,0.015543000000000001,0.013478700000000001,0.038053500000000004,0.00568445,0.130897,0.00529058,0.00461232,0.10528900000000001,0.00471503,0.0089681,0.00976934,0.0348354,0.0369369,0.186651,0.0555752,0.054248199999999996,0.0171262,0.0129983,0.0435911
86,0.0255315,0.013253999999999998,0.039325900000000004,0.013362,0.104532,0.279242,0.0653379,0.00477278,0.014479800000000001,0.056508,0.00803005,0.0078274,0.0151876,0.08082660000000001,0.0117887,0.0363305,0.0732025,0.039723800000000004,0.031522,0.0792147
87,0.0047097,0.00806021,0.00823924,0.0359306,0.017392599999999998,0.00514625,0.0155207,0.0403635,0.5802109999999999,0.00678024,0.0475615,0.0293075,0.00357385,0.0236685,0.077677,0.00934064,0.0446949,0.014762799999999998,0.014860299999999998,0.0121988
88,0.00775602,0.09035460000000001,0.457721,0.0432727,0.00941026,0.027398500000000003,0.0299785,0.00709675,0.00527897,0.0106981,0.014868200000000002,0.0368861,0.00668648,0.012927200000000002,0.00214987,0.167544,0.00299704,0.021621400000000002,0.00945123,0.035903899999999996
89,0.120332,0.025760599999999998,0.018906,0.00709612,0.00699957,0.25255900000000003,0.148224,0.038218800000000004,0.0087292,0.0107887,0.006496300000000001,0.0210085,0.204726,0.015146799999999998,0.0161181,0.022343400000000003,0.014109,0.013922200000000001,0.0357439,0.0127709
90,0.00668713,0.00623106,0.00401085,0.036075800000000005,0.0172923,0.07993510000000001,0.0172583,0.166515,0.121922,0.0441108,0.00649836,0.064814,0.00174351,0.00757265,0.011671700000000002,0.0112025,0.203704,0.176782,0.00764866,0.00832315
91,0.0083546,0.0064678,0.0114669,0.040032599999999995,0.0108415,0.00699328,0.00367705,0.020605900000000003,0.5711729999999999,0.00613385,0.0179894,0.0352626,0.00589123,0.0204838,0.16782,0.0292837,0.0113787,0.00413891,0.00984684,0.0121581
92,0.0477845,0.0250646,0.013428200000000001,0.0163686,0.0109433,0.00601968,0.0106732,0.0327455,0.00753612,0.0074703999999999994,0.0215797,0.0953874,0.017902,0.0122804,0.00535377,0.0351704,0.584011,0.020035900000000002,0.019222200000000002,0.011022399999999998
93,0.0251575,0.0185946,0.0111498,0.038947,0.011185200000000001,0.67835,0.0222087,0.00797633,0.015808600000000003,0.00614738,0.0163166,0.011537100000000002,0.00820201,0.013926,0.0233487,0.0155106,0.0103164,0.0252762,0.0234752,0.0165659
94,0.033591199999999995,0.00920196,0.012383499999999999,0.047713099999999994,0.0117887,0.63265,0.046116000000000004,0.010774299999999999,0.0133156,0.00604975,0.0209454,0.0193378,0.00640634,0.010037,0.035354699999999996,0.00738075,0.012709999999999999,0.033293500000000004,0.0162768,0.0146739
95,0.0232163,0.0135915,0.024064099999999998,0.010870600000000001,0.0205244,0.0077212,0.0689832,0.0410836,0.0180923,0.0267538,0.317805,0.00731195,0.26122399999999996,0.025112400000000003,0.020829300000000002,0.0441281,0.0450796,0.00570049,0.012591799999999998,0.00531599
96,0.0216644,0.07884939999999999,0.00997837,0.0643117,0.0326351,0.00363588,0.00554673,0.388936,0.0291695,0.144539,0.0505565,0.017078599999999996,0.00585133,0.00416833,0.00727499,0.00347105,0.035309600000000003,0.06139,0.0170347,0.0185995
97,0.0133985,0.208878,0.00855657,0.027281,0.115147,0.00264055,0.156411,0.03185109999999999,0.00320218,0.0476818,0.007236399999999999,0.0204502,0.00193901,0.00537434,0.0021985,0.00720125,0.00217203,0.00368491,0.0888092,0.245887
98,0.00434994,0.00637842,0.00739813,0.0075946,0.026835200000000003,0.0176692,0.142097,0.0500333,0.055430600000000003,0.00693348,0.0331291,0.00695594,0.00266796,0.13683499999999998,0.33310100000000004,0.0499296,0.0353627,0.0129592,0.0552664,0.00907373
99,0.0391528,0.0739469,0.017558400000000002,0.00995677,0.0269399,0.025427099999999998,0.012204399999999999,0.028185900000000003,0.0691636,0.0153238,0.0192268,0.00852531,0.015736700000000003,0.0207848,0.501297,0.0304511,0.0280069,0.0132065,0.0183315,0.026574
100,0.031305,0.00891641,0.00599805,0.043186800000000004,0.024844400000000003,0.011942,0.00820789,0.0406494,0.0580809,0.106976,0.016951499999999998,0.0456756,0.108429,0.0139809,0.028564299999999997,0.115747,0.0608911,0.167095,0.018374599999999998,0.0841837
101,0.0016097000000000001,0.11277899999999999,0.06808099999999999,0.00886937,0.00349542,0.17941500000000002,0.0582547,0.0167035,0.0354415,0.0164722,0.00549343,0.0850102,0.0198465,0.093851,0.0223268,0.0530847,0.0690501,0.03672519999999999,0.0207022,0.09278910000000001
102,0.06586900000000001,0.029747900000000004,0.024418900000000004,0.043078,0.137799,0.136158,0.0756094,0.0427445,0.029966399999999997,0.03285,0.011295999999999999,0.0245551,0.0158907,0.00495876,0.0199359,0.226967,0.00772645,0.0358051,0.0120192,0.0226045
103,0.11967699999999999,0.0162565,0.009595900000000001,0.0478384,0.0107457,0.0496283,0.0395349,0.00824138,0.207563,0.044945099999999995,0.0448483,0.15471,0.0140488,0.015457499999999999,0.125507,0.00925392,0.045692,0.0108989,0.0174863,0.00807186
104,0.00517461,0.0357975,0.0101383,0.0102625,0.103749,0.0245638,0.025186700000000003,0.042627899999999996,0.00656111,0.050521699999999996,0.0482088,0.069502,0.00563891,0.01023,0.0293482,0.024570599999999998,0.005588,0.00687298,0.45574799999999993,0.0297093
105,0.07736110000000002,0.06848430000000001,0.009816799999999999,0.0206167,0.00903844,0.10748699999999999,0.00546841,0.17031400000000002,0.0451409,0.019760299999999998,0.275976,0.00694015,0.00377905,0.038042,0.0404336,0.00313375,0.025985,0.026713900000000002,0.0159876,0.029521
106,0.00613091,0.0800934,0.014647299999999999,0.013562200000000002,0.032835199999999995,0.035016900000000004,0.143826,0.036881199999999996,0.0386781,0.0117682,0.0301431,0.0241729,0.00508824,0.011928,0.36886199999999997,0.0325123,0.0559376,0.031169599999999995,0.017114700000000004,0.00963219
107,0.028340800000000003,0.0352029,0.047391,0.320523,0.0186822,0.031723,0.0285289,0.035075,0.0289319,0.010285500000000001,0.0295601,0.13830399999999998,0.0148359,0.05063719999999999,0.019143900000000002,0.0384861,0.0293632,0.0399288,0.0297764,0.0252805
108,0.054964599999999995,0.0137107,0.017156499999999998,0.0230242,0.0533572,0.053799599999999996,0.116949,0.0488235,0.016936700000000002,0.24359699999999998,0.032006599999999996,0.0229273,0.0228856,0.0116099,0.0231082,0.165407,0.0179437,0.0298527,0.019102599999999997,0.0128379
109,0.00496883,0.0605455,0.0175684,0.010026100000000001,0.0470811,0.00403214,0.108779,0.20554,0.00897562,0.0581408,0.048162800000000006,0.182292,0.00327413,0.0102556,0.00655158,0.0646336,0.0389589,0.0979319,0.013251400000000002,0.00903112
110,0.0108333,0.033574900000000005,0.0223227,0.027183,0.0440992,0.00842202,0.04748019999999999,0.11261700000000001,0.0223178,0.282175,0.0224207,0.0270494,0.047855199999999994,0.0374802,0.04094880000000001,0.009406399999999999,0.0121649,0.14533,0.030542900000000005,0.0157763
111,0.00711328,0.0466135,0.051229,0.0195632,0.0446646,0.00934342,0.0409005,0.048444,0.0106324,0.141728,0.036326199999999996,0.0413459,0.00408714,0.026389099999999995,0.016891800000000002,0.0196601,0.021778400000000003,0.051046100000000004,0.03464880000000001,0.32759499999999997
112,0.105858,0.044306599999999995,0.41676599999999997,0.0462517,0.0173075,0.0389334,0.0390918,0.00743941,0.00916233,0.012887799999999998,0.022630599999999997,0.0473537,0.00790139,0.0206326,0.00949506,0.0120869,0.029553500000000003,0.036305800000000006,0.0351642,0.0408716
113,0.010928700000000001,0.0260075,0.014048699999999999,0.039226,0.0126987,0.00636413,0.013561000000000002,0.0280073,0.5118020000000001,0.00939224,0.024852799999999998,0.0319241,0.00561464,0.0432625,0.152757,0.0160666,0.017912099999999997,0.00699628,0.01974,0.008837399999999999
114,0.0229444,0.0366626,0.0463944,0.23165700000000003,0.0440515,0.04157569999999999,0.029138799999999996,0.019574900000000003,0.028322800000000002,0.00971276,0.0154983,0.0660778,0.08497130000000001,0.05866369999999999,0.00674371,0.051369200000000004,0.0455329,0.057302099999999995,0.0163693,0.08743580000000001
115,0.0119777,0.0143422,0.148667,0.495824,0.0094277,0.0372811,0.015964700000000002,0.00871793,0.0234013,0.00500949,0.0187882,0.0135935,0.00681995,0.0371356,0.00494764,0.00411799,0.013294499999999999,0.0225898,0.0847784,0.023321
116,0.013184600000000001,0.117354,0.0162459,0.00926907,0.00966903,0.00388447,0.016616099999999998,0.511015,0.052305700000000004,0.11211700000000001,0.0340667,0.00588721,0.00523201,0.00513745,0.00566707,0.00367901,0.0226011,0.031880200000000004,0.017956299999999998,0.00623199
117,0.0269012,0.07640169999999999,0.0210363,0.00321858,0.00168071,0.0251597,0.0617394,0.07017639999999999,0.013277,0.0979152,0.030850400000000004,0.00953514,0.00106147,0.054798599999999996,0.0750833,0.184794,0.0945088,0.0340264,0.014396100000000002,0.10344
118,0.00780068,0.00568507,0.00446875,0.00733877,0.00797915,0.0420134,0.0263575,0.00482347,0.1566,0.048481,0.132434,0.0307872,0.012891999999999999,0.0103046,0.207738,0.0459269,0.0839314,0.127219,0.0172215,0.0199965
119,0.0106303,0.011769700000000001,0.00989534,0.0110211,0.039481999999999996,0.00443631,0.0106838,0.356415,0.00934831,0.0714659,0.05740830000000001,0.036726999999999996,0.00656107,0.0139391,0.0213967,0.029689799999999995,0.199675,0.0361018,0.0399707,0.0233828
120,0.00654154,0.04140119999999999,0.011331299999999999,0.010035299999999999,0.020884200000000002,0.022825900000000003,0.016101400000000002,0.00996805,0.014889600000000001,0.025763400000000002,0.019715299999999998,0.0164754,0.00601837,0.0149709,0.0303568,0.0446224,0.0102334,0.0107741,0.6410020000000001,0.026089499999999998
121,0.0571804,0.219493,0.00497654,0.00587848,0.0117989,0.016107399999999997,0.0169692,0.011441100000000001,0.131803,0.039073500000000004,0.0327904,0.00498733,0.00668604,0.00852255,0.22598400000000002,0.06846139999999999,0.0153488,0.0860913,0.0290341,0.00737284
122,0.00391853,0.187499,0.00417588,0.0117228,0.0117623,0.010319,0.05233340000000001,0.059867,0.0719318,0.0647703,0.0782419,0.00461863,0.00262691,0.261049,0.07572999999999999,0.013161,0.0210947,0.0473389,0.010111499999999999,0.00772754
123,0.45282,0.0356958,0.035589300000000004,0.0109981,0.012716,0.08344589999999999,0.0228605,0.013338999999999998,0.00578678,0.0106021,0.028368,0.0371655,0.0118274,0.00868829,0.0172598,0.057221,0.03653119999999999,0.0981477,0.00735431,0.0135838
124,0.033983,0.0269865,0.037445400000000004,0.00403167,0.0797153,0.0318436,0.0671072,0.0242554,0.0225902,0.0132942,0.0587861,0.43740100000000004,0.00196969,0.0559124,0.00837579,0.0191317,0.0188908,0.022953900000000003,0.0134459,0.02188
125,0.0503205,0.105456,0.0276551,0.038775199999999996,0.0268407,0.050106,0.00556279,0.06719760000000001,0.018381599999999998,0.0703198,0.0496726,0.10968399999999999,0.0125384,0.0215611,0.0125919,0.0559803,0.0445311,0.21049600000000002,0.00185289,0.020477099999999998
126,0.152587,0.01746,0.059692999999999996,0.031224900000000003,0.00311722,0.200377,0.0337817,0.00966288,0.0246358,0.06758860000000001,0.0405082,0.0207218,0.0035259,0.0819935,0.044158499999999996,0.0287199,0.0790341,0.06559939999999999,0.0320376,0.00357374
127,0.0328121,0.00716067,0.11075,0.0145744,0.041973800000000006,0.045211400000000006,0.048925199999999995,0.025723000000000003,0.0508723,0.0677551,0.07777569999999999,0.0295223,0.0164055,0.0550395,0.0221037,0.0398693,0.0268285,0.0773701,0.047245,0.162083
128,0.00819262,0.12620399999999998,0.128706,0.08115139999999998,0.046905300000000004,0.013544299999999999,0.0796551,0.0550226,0.0209195,0.032989599999999994,0.00652747,0.0200445,0.025851,0.028963,0.00837433,0.0140243,0.0836791,0.153712,0.00562416,0.059909199999999996
129,0.144342,0.09316580000000001,0.015605500000000001,0.018940900000000004,0.00743137,0.020059,0.0376771,0.0125049,0.04714190000000001,0.0446728,0.0410551,0.0593799,0.0067112,0.021833099999999998,0.0232718,0.0507786,0.101485,0.20996599999999999,0.00531521,0.038662300000000004
130,0.0341549,0.00608245,0.00847314,0.016455200000000003,0.00609381,0.013469700000000001,0.0150889,0.0352593,0.0560617,0.055494600000000005,0.0173617,0.015030200000000002,0.218165,0.11018800000000001,0.060747300000000004,0.0451493,0.21495799999999998,0.0198625,0.0433401,0.00856508
131,0.150857,0.18212799999999998,0.0196345,0.00244871,0.0118613,0.114472,0.0198509,0.00785841,0.00418594,0.00427151,0.107672,0.0117517,0.0509039,0.137639,0.00231642,0.0417239,0.0128833,0.06117090000000001,0.0266532,0.0297187
132,0.048967000000000004,0.036704400000000005,0.0407887,0.00936138,0.0134398,0.557295,0.00776225,0.00879633,0.0085969,0.0166613,0.0104671,0.00959627,0.028278700000000004,0.0180146,0.0232516,0.09539310000000001,0.01761,0.0242209,0.0124405,0.0123538
133,0.0296849,0.00500017,0.00841847,0.00800248,0.014059700000000001,0.00264347,0.0072706,0.0199171,0.24586999999999998,0.289958,0.0941529,0.00732227,0.0118553,0.0963895,0.0371425,0.00937171,0.015902200000000002,0.07904680000000001,0.00471977,0.0132727
134,0.0941615,0.43163199999999996,0.00303278,0.0149119,0.0024563000000000002,0.00283121,0.00117459,0.028145499999999997,0.00252182,0.014546799999999999,0.0038571999999999994,0.00902936,0.0031836,0.019183900000000004,0.00300152,0.176269,0.0965493,0.0872902,0.00336664,0.00285431
135,0.219191,0.11626199999999999,0.0158043,0.00463417,0.00964025,0.00644556,0.258802,0.015050999999999998,0.00992987,0.011637100000000001,0.0345853,0.0382418,0.00347912,0.108545,0.00947062,0.054103099999999994,0.0420221,0.019216900000000002,0.00613421,0.0168046
136,0.00584706,0.08699730000000001,0.00431782,0.0136423,0.09976139999999999,0.00189517,0.00516683,0.134166,0.011912200000000001,0.055909400000000005,0.211916,0.027187299999999998,0.00121935,0.0387064,0.00428427,0.0174489,0.045288800000000004,0.207808,0.014578899999999999,0.0119464
137,0.00793534,0.0221727,0.0123663,0.00742859,0.027831099999999998,0.010224299999999999,0.0626836,0.0746414,0.0272822,0.151867,0.426575,0.008321799999999999,0.00489709,0.0379085,0.012810299999999998,0.00827079,0.0363865,0.023806900000000002,0.021685299999999998,0.014905700000000001
138,0.00864859,0.0304638,0.015557900000000001,0.0138524,0.0468049,0.010203799999999999,0.012808100000000001,0.42946599999999996,0.0108426,0.210209,0.0352906,0.030089299999999996,0.00284398,0.025875099999999998,0.00993396,0.0126133,0.0236753,0.0504749,0.0145181,0.00582849
139,0.00869103,0.0323738,0.0163168,0.011049600000000001,0.0397614,0.0228436,0.0184959,0.011421299999999999,0.018825099999999997,0.051657600000000005,0.029087799999999997,0.00927648,0.00889089,0.008312200000000002,0.0271178,0.053623199999999996,0.0118458,0.0192928,0.55118,0.0499368
140,0.013427000000000001,0.00343151,0.0145983,0.020057,0.05767230000000001,0.0494391,0.14551,0.058064099999999993,0.00462815,0.154608,0.0121698,0.0211978,0.00295212,0.08850910000000001,0.0121917,0.0166153,0.014799799999999998,0.17482899999999998,0.038247500000000004,0.09705189999999998
141,0.204626,0.129254,0.00711888,0.014727700000000002,0.0392907,0.09986439999999999,0.00833318,0.00370931,0.00511635,0.00515796,0.0265505,0.0661056,0.0220757,0.00964795,0.00649052,0.249032,0.026893200000000003,0.038530800000000004,0.010349299999999999,0.0271259
142,0.0150483,0.0217713,0.0329144,0.0069688,0.0095727,0.22227199999999997,0.07070610000000001,0.0193235,0.0626823,0.00435031,0.0070002,0.321805,0.0184072,0.0698245,0.0114652,0.0562477,0.0167818,0.00552713,0.00857816,0.018753400000000003
143,0.0247585,0.0400027,0.00802584,0.033346,0.0396037,0.00485708,0.018618700000000002,0.0138392,0.00822211,0.437324,0.0544572,0.00869894,0.00737437,0.0132024,0.00660446,0.0224285,0.10856700000000001,0.0830921,0.0506085,0.0163686
144,0.08964169999999999,0.0908734,0.0164194,0.0061871,0.0173959,0.176027,0.018276900000000002,0.0336115,0.019769099999999998,0.103933,0.057589800000000003,0.164529,0.00284295,0.0716313,0.00393734,0.0189267,0.041904000000000004,0.011605599999999999,0.00965379,0.045243900000000004
145,0.0285897,0.034547900000000006,0.610792,0.038196499999999994,0.00802748,0.0299184,0.037288699999999994,0.00972425,0.0106664,0.00691396,0.0212873,0.032486799999999996,0.00443813,0.00892131,0.00347204,0.016059399999999998,0.00662905,0.0475777,0.0116314,0.032831400000000004
146,0.269298,0.0204003,0.00777982,0.0208259,0.0347716,0.04706969999999999,0.00762971,0.0104493,0.0115663,0.00478193,0.0221737,0.0145269,0.018140299999999998,0.0680504,0.00211232,0.0805816,0.256959,0.0646737,0.029071100000000002,0.00913865
147,0.0468106,0.0235575,0.00476219,0.00829722,0.0106694,0.00319347,0.025515700000000002,0.0845447,0.0101656,0.014315399999999999,0.016021200000000003,0.073619,0.00959556,0.105341,0.00798853,0.0257923,0.38302600000000003,0.108123,0.0166341,0.022028
148,0.00620284,0.054888900000000004,0.024028900000000002,0.0117652,0.0402581,0.00696381,0.0340829,0.0080821,0.00806805,0.00685614,0.0161375,0.0401792,0.00299139,0.00987698,0.0065146,0.00926047,0.00609825,0.0116431,0.026637099999999997,0.669465
149,0.0445487,0.030938,0.0113335,0.0434019,0.011508599999999999,0.00664075,0.0408324,0.0272399,0.0441599,0.0201465,0.022878700000000002,0.021277200000000003,0.0105959,0.531953,0.0470781,0.0170156,0.016162799999999998,0.017569,0.0156547,0.0190653
150,0.00417536,0.0116494,0.00956127,0.00953733,0.0104368,0.0310704,0.0293466,0.0257611,0.0342457,0.0115307,0.0350035,0.00884973,0.011518899999999999,0.0102179,0.582086,0.025964099999999997,0.040693900000000005,0.00872516,0.0348337,0.06479220000000001
151,0.0253732,0.00878908,0.00845703,0.00929959,0.00761067,0.00955473,0.010490000000000001,0.026628199999999998,0.0494798,0.011645299999999999,0.08459760000000001,0.015198900000000001,0.00927594,0.0168838,0.0203093,0.142741,0.5077729999999999,0.0201422,0.010521299999999999,0.00522829
152,0.00918036,0.00998052,0.00859513,0.0056857,0.010160299999999999,0.0231815,0.0118431,0.017087,0.0864122,0.0183842,0.0128988,0.0196782,0.00588178,0.023848400000000002,0.68504,0.018122700000000002,0.00907795,0.00557958,0.014418,0.00494487
153,0.307915,0.0159836,0.029615499999999996,0.00521113,0.00569157,0.024169799999999998,0.00715633,0.011442299999999999,0.0324057,0.0168194,0.0388823,0.00769174,0.010152,0.00889737,0.019186900000000003,0.294736,0.0978477,0.048165,0.00981873,0.00821216
