site,A,C,D,E,F,G,H,I,K,L,M,N,P,Q,R,S,T,V,W,Y
1,0.05660509999999999,0.0482422,0.0535163,0.0494446,0.044853500000000004,0.0504101,0.050582199999999994,0.0158053,0.048738800000000006,0.053491899999999995,0.11223499999999999,0.0514258,0.048094300000000006,0.049473500000000004,0.053081500000000004,0.0472784,0.028064099999999995,0.039492900000000004,0.0477648,0.05139969999999999
2,0.6794,0.00635281,0.00287331,0.036832199999999995,0.00596322,0.0138649,0.00212538,0.00315923,0.00568219,0.0015547,0.0298856,0.00601348,0.0074492000000000004,0.00289428,0.0129515,0.0145016,0.0102454,0.14886300000000002,0.00548636,0.00390249
3,0.177278,0.030157099999999996,0.00610021,0.00652509,0.0664152,0.028961599999999997,0.07134220000000001,0.0538428,0.017583900000000003,0.08630589999999999,0.0432435,0.10421,0.0112313,0.0484981,0.0107072,0.0914659,0.0594491,0.016462400000000002,0.027200799999999997,0.0430196
4,0.0319028,0.027918799999999997,0.00359652,0.0402114,0.165812,0.0065278,0.0125893,0.0687599,0.0198334,0.0490285,0.06175119999999999,0.142451,0.00161697,0.0334547,0.0013369000000000002,0.0711237,0.0481601,0.0495842,0.0160047,0.148337
5,0.129813,0.0866316,0.013845099999999999,0.0110702,0.00473222,0.276154,0.0118077,0.00492529,0.0109611,0.00085267,0.0145162,0.0102301,0.017622400000000003,0.00264473,0.23613,0.0839638,0.027283299999999996,0.0114339,0.00879594,0.0365857
6,0.083999,0.00424119,0.00534782,0.00463836,0.00487308,0.00239737,0.00360327,0.020624400000000005,0.00837111,0.00147973,0.008950299999999998,0.023587200000000003,0.00220821,0.00336843,0.00286811,0.014441599999999999,0.786326,0.00230698,0.0126664,0.00370186
7,0.00261746,0.00541293,0.00483596,0.0701475,0.00429752,0.00179236,0.00235111,0.025462000000000002,0.701746,0.00224057,0.0101466,0.0838242,0.0011634,0.0125065,0.0202814,0.00190496,0.00753446,0.0190752,0.00952637,0.0131344
8,0.00800019,0.014574200000000002,0.00707266,0.00464984,0.00589451,0.0138065,0.00514868,0.00373881,0.00329253,0.0241507,0.00673396,0.00666182,0.0287502,0.0371353,0.776961,0.0053073999999999994,0.0122942,0.00418668,0.0276944,0.00394656
9,0.0924382,0.0190564,0.00316833,0.0056838999999999995,0.0678933,0.00855277,0.00765805,0.0672422,0.00224085,0.0861698,0.0732322,0.0905422,0.00725509,0.0534941,0.0118557,0.29992800000000003,0.06723789999999999,0.00384447,0.0126742,0.0198322
10,0.017022299999999997,0.0524946,0.0604538,0.0480812,0.07010330000000001,0.0125447,0.148259,0.0785279,0.00793901,0.05001130000000001,0.00954829,0.0764913,0.0248025,0.023262,0.00182226,0.026069299999999997,0.0312303,0.0647173,0.00330321,0.19331600000000002
11,0.0279277,0.0340136,0.0778322,0.381127,0.0096764,0.09751339999999999,0.0420831,0.0370625,0.048765300000000004,0.01402,0.0340639,0.0175876,0.00854789,0.0426485,0.00832472,0.018932900000000003,0.012215700000000001,0.0492556,0.012137299999999998,0.026264099999999995
12,0.0759988,0.046437400000000004,0.050311800000000004,0.00968403,0.0172071,0.00366257,0.0946931,0.019959599999999997,0.166742,0.0466101,0.0341484,0.050453899999999996,0.00648723,0.0591228,0.08592810000000001,0.139099,0.029879000000000003,0.022150299999999998,0.0202735,0.0211517
13,0.00880671,0.020140099999999998,0.00970538,0.032941000000000005,0.0158554,0.030360599999999998,0.00774165,0.0269033,0.0645115,0.0251895,0.585862,0.010947700000000001,0.00682231,0.00888507,0.0185237,0.0115054,0.0182519,0.021062200000000003,0.00799284,0.0679925
14,0.00477306,0.0184375,0.109221,0.162529,0.00351786,0.01037,0.00787944,0.00953524,0.012484,0.148254,0.00859682,0.010765,0.0026016999999999998,0.010902799999999999,0.44009,0.011624299999999999,0.00242004,0.0159491,0.00444273,0.00560655
15,0.0250942,0.146998,0.00559002,0.0337517,0.014885599999999999,0.00380925,0.102923,0.07969789999999999,0.00527488,0.051997400000000006,0.048501300000000004,0.0331161,0.0295041,0.0230267,0.00644859,0.028315800000000002,0.30951100000000004,0.0344192,0.00801988,0.00911565
16,0.00947038,0.039517199999999995,0.48715600000000003,0.0364135,0.014329,0.0476956,0.0348337,0.00845005,0.010326100000000001,0.0112433,0.0396966,0.027218,0.00532723,0.0344435,0.010208700000000001,0.00834643,0.100836,0.0312941,0.00941277,0.0337829
17,0.0447782,0.0810077,0.0113008,0.012629099999999999,0.00435741,0.206671,0.00912893,0.009982,0.09244939999999999,0.012307799999999999,0.029162099999999996,0.156159,0.0688962,0.09990139999999999,0.0104826,0.0628249,0.041126199999999995,0.0317983,0.0134365,0.00160115
18,0.07637530000000001,0.0300099,0.121422,0.11954100000000001,0.0390403,0.0239333,0.0470181,0.08602119999999999,0.0115936,0.0251482,0.022831099999999997,0.0412708,0.0630351,0.059659800000000006,0.00685133,0.041029,0.0504293,0.10560599999999999,0.00717419,0.0220095
19,0.0191357,0.020658000000000003,0.00540256,0.0105916,0.0554863,0.0537862,0.030995299999999996,0.00362666,0.11498199999999999,0.0250264,0.0107198,0.0118599,0.0291457,0.0057431,0.5121220000000001,0.019868,0.0302652,0.00832879,0.017198400000000003,0.015058600000000002
20,0.0095234,0.00515412,0.00273368,0.015209100000000001,0.0082804,0.00407845,0.028866200000000005,0.0112596,0.018586000000000002,0.027815,0.0184565,0.016846299999999998,0.391414,0.345002,0.0624886,0.00655844,0.00810889,0.00588002,0.00659526,0.00714426
21,0.0168446,0.133553,0.0154452,0.00154447,0.00295241,0.028194,0.023145699999999998,0.0246563,0.0821605,0.023059700000000002,0.0292992,0.10533,0.00944676,0.020937200000000003,0.05637280000000001,0.15651700000000002,0.217462,0.0230465,0.00634005,0.023693099999999998
22,0.134007,0.00679617,0.00327018,0.0147211,0.00986517,0.0121458,0.025259900000000002,0.00833169,0.0712205,0.00804282,0.010552200000000001,0.0392329,0.023266,0.011311700000000001,0.385786,0.057048699999999994,0.048127800000000005,0.11507300000000001,0.00727575,0.00866505
23,0.061934300000000005,0.0319173,0.00879541,0.00768886,0.019884,0.08188630000000001,0.128215,0.030685200000000003,0.023822,0.039741399999999996,0.0412168,0.0455755,0.012242200000000002,0.05114319999999999,0.033965300000000004,0.176576,0.124001,0.0475361,0.014606399999999999,0.0185668
24,0.041916300000000004,0.016458700000000003,0.0534611,0.22913499999999998,0.0284356,0.012905000000000002,0.0109899,0.0534891,0.0427671,0.0364486,0.06707610000000001,0.0262624,0.00467201,0.121046,0.0432501,0.0236141,0.0788508,0.08691030000000001,0.0148246,0.00748817
25,0.017921700000000002,0.00772985,0.06884889999999999,0.00741557,0.032266500000000004,0.0106391,0.0178203,0.47588400000000003,0.013184600000000001,0.017457900000000002,0.0292798,0.014874,0.09231289999999999,0.044769800000000005,0.03414980000000001,0.012450200000000002,0.027157099999999997,0.030661599999999997,0.0216125,0.0235638
26,0.0132308,0.014473699999999999,0.0102654,0.0443336,0.05504880000000001,0.0519485,0.0152797,0.033884500000000005,0.07795139999999999,0.0118064,0.0722275,0.011748399999999999,0.0110604,0.023026400000000002,0.45038500000000004,0.043599,0.011287100000000001,0.00381359,0.0224559,0.022173599999999998
27,0.174673,0.0151976,0.00377673,0.020028,0.040245300000000005,0.027981400000000003,0.07375930000000001,0.0315402,0.21532300000000001,0.0188567,0.044720499999999996,0.019597200000000002,0.00680637,0.0331256,0.0988878,0.033606800000000006,0.049736699999999995,0.049331900000000005,0.0161297,0.026677
28,0.020386,0.0585562,0.00600019,0.0230487,0.012744499999999999,0.0638302,0.0710454,0.0029473000000000004,0.16146300000000002,0.00666387,0.0130024,0.38956799999999997,0.00906196,0.0181116,0.0314495,0.0782705,0.00784309,0.00681786,0.00370788,0.015481700000000001
29,0.0115861,0.06870599999999999,0.0398392,0.00805599,0.0414319,0.00883136,0.0174897,0.353425,0.00652025,0.027664499999999998,0.017533299999999998,0.0174554,0.010240899999999999,0.00867512,0.015279,0.0110164,0.0105179,0.290902,0.028666200000000003,0.00616352
30,0.0331445,0.030082599999999998,0.0104739,0.0189454,0.0133566,0.26522199999999996,0.0152561,0.019711000000000003,0.013571799999999998,0.00914266,0.0239444,0.414258,0.00612693,0.024928799999999997,0.015053299999999999,0.011838,0.010358599999999999,0.019536599999999998,0.0373408,0.007708800000000001
31,0.049976599999999996,0.041411,0.028389599999999997,0.032720599999999996,0.0103182,0.020747,0.040147800000000004,0.00657083,0.385157,0.027032599999999997,0.049749699999999994,0.0437168,0.00928149,0.0317874,0.116684,0.0220151,0.027496899999999998,0.0184875,0.0192313,0.019078599999999998
32,0.0191645,0.029798400000000003,0.0227423,0.029979900000000004,0.00826613,0.0243493,0.0200888,0.023743900000000002,0.0397703,0.0267946,0.514436,0.0429324,0.035083300000000005,0.0146555,0.0271764,0.00748915,0.051483100000000004,0.0398636,0.014408100000000002,0.00777364
33,0.0412244,0.100481,0.0241028,0.027429500000000002,0.04024880000000001,0.039487400000000006,0.0110015,0.315734,0.020789,0.080478,0.026814499999999998,0.0209351,0.019966099999999997,0.00982609,0.00708988,0.0158788,0.047406000000000004,0.106222,0.028834199999999997,0.0160512
34,0.0879987,0.0127771,0.0898713,0.155591,0.0666153,0.06391609999999999,0.035756699999999995,0.082462,0.0276841,0.0853195,0.0238767,0.023457299999999997,0.00289249,0.0186403,0.0286401,0.0435789,0.026638,0.056889199999999994,0.00639935,0.060996100000000004
35,0.06698480000000001,0.0233245,0.033092,0.035675099999999994,0.033776099999999996,0.367843,0.056675,0.037523400000000005,0.043373300000000004,0.031595599999999995,0.018196,0.0641348,0.0168138,0.014116899999999998,0.027916900000000005,0.0455342,0.0262032,0.0248805,0.0127691,0.0195721
36,0.0656188,0.0258772,0.147727,0.0316755,0.034375199999999995,0.015074700000000002,0.00817173,0.299142,0.0254158,0.0495701,0.047495800000000005,0.05699169999999999,0.0111416,0.0080201,0.010867,0.025909300000000003,0.036333,0.0372848,0.0455151,0.0177931
37,0.042127,0.0272058,0.0174355,0.049884899999999996,0.028040499999999996,0.36848400000000003,0.015164799999999999,0.06012719999999999,0.0575505,0.0290048,0.019227599999999997,0.0333473,0.016935299999999997,0.0309661,0.0469722,0.030374400000000003,0.019586199999999998,0.0427828,0.0368909,0.027892200000000002
38,0.0716432,0.030021199999999998,0.0125849,0.022787599999999998,0.0170038,0.0489646,0.0738339,0.06088330000000001,0.0203315,0.0298871,0.0367767,0.0285518,0.00739028,0.0448162,0.29539699999999997,0.047683300000000005,0.0704588,0.0212805,0.0398138,0.019891299999999997
39,0.07311110000000001,0.213856,0.0129739,0.00648294,0.15770599999999999,0.00551003,0.00624453,0.019162000000000002,0.028727099999999995,0.0122792,0.26810100000000003,0.00976073,0.0470038,0.0228905,0.013575899999999998,0.0122265,0.022550900000000002,0.0157017,0.023668900000000003,0.0284672
40,0.0241304,0.0302788,0.0228415,0.0111329,0.051201199999999995,0.009830799999999999,0.131807,0.00872838,0.00727833,0.026345099999999996,0.029273900000000002,0.0329099,0.013231799999999998,0.041761900000000005,0.0163667,0.0197334,0.0400291,0.0115883,0.0733957,0.398135
41,0.0673457,0.0448334,0.0194223,0.019509400000000003,0.0209531,0.063057,0.0101232,0.10032200000000001,0.013501499999999998,0.12748099999999998,0.09362949999999999,0.0618286,0.0175042,0.056298,0.0487295,0.030038299999999997,0.101853,0.055222,0.0116177,0.0367305
42,0.030495400000000002,0.0211759,0.059811699999999995,0.0286503,0.0240602,0.0642777,0.0531438,0.0609383,0.0287464,0.0288704,0.0173709,0.014688299999999998,0.022583199999999998,0.388112,0.0423601,0.013968600000000001,0.0211732,0.0277413,0.017611,0.0342213
43,0.0132535,0.0182482,0.00622804,0.0516794,0.0317521,0.0304768,0.0143159,0.029400400000000004,0.035710000000000006,0.023884700000000002,0.205209,0.346442,0.00705433,0.0130889,0.0156543,0.0121081,0.0196607,0.07895369999999999,0.013219499999999999,0.0336609
44,0.034484100000000004,0.117626,0.022052000000000002,0.0108542,0.029255200000000002,0.0335788,0.00921895,0.0132425,0.197946,0.044561300000000005,0.033302899999999996,0.0152041,0.0136211,0.00789346,0.0235426,0.0109325,0.0313274,0.187783,0.145851,0.0177225
45,0.0222263,0.061637300000000006,0.0502087,0.0101557,0.026212700000000002,0.0216605,0.037199800000000005,0.0407972,0.024949900000000004,0.0156768,0.0230319,0.024705599999999998,0.011693700000000001,0.031114299999999998,0.0578054,0.0200926,0.230266,0.237275,0.0348048,0.0184855
46,0.0339355,0.0356779,0.04788,0.322341,0.038853399999999996,0.0312841,0.0337707,0.06789760000000002,0.0303137,0.0410833,0.082958,0.0173083,0.014242099999999999,0.021666,0.0164101,0.0205485,0.0596451,0.038776,0.0268639,0.018545500000000003
47,0.028705400000000002,0.13790999999999998,0.0291185,0.016356799999999998,0.056443499999999994,0.0270629,0.034054,0.0348386,0.0215348,0.27427399999999996,0.0904527,0.0246303,0.0184761,0.0262788,0.020308,0.0225782,0.0373439,0.043146,0.0339379,0.022549200000000002
48,0.0467159,0.0216846,0.05965319999999999,0.014907499999999999,0.0324992,0.22471100000000002,0.0348658,0.0246172,0.172324,0.017878900000000003,0.0157296,0.0536004,0.029613999999999998,0.0404004,0.0461315,0.0490696,0.0408774,0.0430749,0.016186700000000002,0.0154582
49,0.0250574,0.028791399999999998,0.0449434,0.0253608,0.0537063,0.020424099999999997,0.019621400000000004,0.104369,0.022900900000000002,0.34274299999999996,0.027639099999999996,0.0237384,0.035141900000000004,0.0370665,0.024067099999999998,0.0267472,0.032435700000000005,0.055527599999999996,0.0357695,0.0139479
50,0.15754300000000002,0.134464,0.022227,0.029856099999999997,0.00685257,0.126603,0.0421627,0.00516368,0.06415900000000001,0.0124081,0.0218529,0.0239888,0.07661160000000002,0.0633539,0.0311688,0.06883339999999999,0.08837,0.014967500000000002,0.00385913,0.00555525
51,0.083886,0.011126,0.0897452,0.035057099999999994,0.0182563,0.045214,0.014480600000000001,0.037202400000000004,0.00825665,0.024389599999999997,0.00804968,0.2578,0.0508608,0.036411599999999995,0.0556934,0.0437235,0.0834752,0.0507066,0.012789299999999998,0.032876999999999997
52,0.034554699999999994,0.030295299999999997,0.0193379,0.00838596,0.0628669,0.055276099999999995,0.0166829,0.0168347,0.013080000000000001,0.023153200000000002,0.104326,0.0300903,0.05890309999999999,0.022721900000000003,0.015114600000000002,0.04536230000000001,0.256818,0.0286004,0.0233392,0.134256
53,0.020368599999999997,0.029656099999999998,0.05598009999999999,0.39665500000000004,0.0395931,0.0243266,0.0226893,0.035334199999999996,0.06294169999999999,0.0329486,0.019976400000000002,0.027363799999999997,0.0281466,0.0355251,0.0206903,0.043935300000000004,0.026864,0.0335893,0.0235833,0.0198332
54,0.200664,0.013244799999999998,0.023030900000000003,0.0178352,0.0168771,0.23353400000000002,0.0852989,0.009422100000000001,0.025904000000000003,0.0163884,0.016134299999999997,0.0291553,0.016286099999999998,0.0641472,0.0470117,0.073278,0.056438300000000004,0.0228672,0.0235618,0.00892086
55,0.0407356,0.035944,0.038228399999999996,0.028325200000000002,0.0231359,0.0336315,0.105254,0.019754499999999998,0.0803002,0.048876499999999996,0.0262571,0.0306336,0.014110900000000001,0.0463342,0.315828,0.029365499999999996,0.0354669,0.018903,0.010631,0.0182845
56,0.0304134,0.020096,0.036586900000000006,0.0149856,0.021585,0.019392799999999998,0.0330061,0.0943712,0.0210213,0.26667399999999997,0.116897,0.0296259,0.0271753,0.020793799999999998,0.00835395,0.0229477,0.0975947,0.07305410000000001,0.0190769,0.0263488
57,0.017899400000000003,0.00984044,0.0138031,0.00651463,0.0371957,0.022925499999999998,0.0159367,0.258751,0.017914799999999998,0.22443600000000002,0.0271708,0.06872160000000001,0.03581,0.0120113,0.015607499999999998,0.0127901,0.0164722,0.142426,0.028198400000000005,0.0155745
58,0.021094599999999998,0.026485,0.0315744,0.0219748,0.0255553,0.0222863,0.022506900000000003,0.014261700000000002,0.0355366,0.0226408,0.0402142,0.050043699999999997,0.027686099999999998,0.479645,0.027888200000000002,0.011821600000000002,0.0324769,0.029360400000000005,0.0364453,0.020503200000000003
59,0.0230735,0.01273,0.0362595,0.020250599999999997,0.0328065,0.018968900000000004,0.041289400000000004,0.014696,0.0240278,0.0681138,0.0324212,0.469225,0.0144013,0.0214674,0.0439665,0.026301799999999997,0.0338689,0.0151563,0.0207682,0.030207799999999996
60,0.0222397,0.0438549,0.025069799999999996,0.00720537,0.0237723,0.0493832,0.010860600000000002,0.0344241,0.0758716,0.0263452,0.0985163,0.0251024,0.042932599999999994,0.0205514,0.0283291,0.308669,0.0699427,0.0196268,0.0637023,0.00360086
61,0.00966529,0.0578384,0.00557919,0.06597080000000001,0.053242700000000004,0.00676636,0.029810700000000002,0.145446,0.0144543,0.11909000000000002,0.0533197,0.0343838,0.00522877,0.012919700000000001,0.00860862,0.00928142,0.012329600000000001,0.22674299999999997,0.0541288,0.0751933
62,0.09226160000000001,0.0520336,0.00801852,0.0140637,0.0196699,0.015618200000000002,0.0230778,0.0218238,0.014088499999999999,0.020257499999999998,0.0137488,0.0460406,0.0169496,0.0124154,0.0204965,0.302775,0.25236,0.0214674,0.015537200000000001,0.0172948
63,0.0193225,0.0810549,0.258315,0.021383199999999998,0.0117264,0.00680706,0.019992199999999998,0.199148,0.0212139,0.06713569999999999,0.0686543,0.016961599999999997,0.030870799999999997,0.0201031,0.00977841,0.00748256,0.011739399999999999,0.0813388,0.013719299999999999,0.033253899999999996
64,0.00983493,0.0540595,0.0322338,0.364286,0.011432,0.0233238,0.018768200000000002,0.049868699999999995,0.0310069,0.057340699999999994,0.026016700000000004,0.0135286,0.044248,0.0339511,0.0480888,0.036265399999999996,0.022383,0.07221489999999998,0.014385499999999999,0.036762699999999995
65,0.0225916,0.0611732,0.050203,0.025592300000000002,0.0344397,0.054974300000000004,0.021968099999999997,0.0202857,0.06291530000000001,0.0131171,0.0416479,0.051161,0.0204144,0.0228117,0.40320300000000003,0.030249,0.0158756,0.0209228,0.013682900000000001,0.0127713
66,0.0430779,0.028055,0.0276367,0.036311,0.040732,0.0311643,0.0189101,0.0293193,0.0436827,0.0370555,0.36701300000000003,0.017483000000000002,0.0255172,0.030931599999999997,0.06795169999999999,0.0149864,0.0395117,0.0498656,0.0291747,0.0216199
67,0.056799800000000004,0.021453299999999998,0.0147869,0.0498087,0.0347524,0.0975376,0.033976599999999996,0.256355,0.0236533,0.0342957,0.04051130000000001,0.0390185,0.00894125,0.0110212,0.00462216,0.0407235,0.0205169,0.15881900000000002,0.028500599999999997,0.0239064
68,0.0417205,0.023360099999999998,0.0100425,0.019052700000000002,0.056365599999999995,0.06566519999999999,0.033926,0.0761507,0.010654899999999998,0.23942199999999997,0.0481868,0.128684,0.025740499999999996,0.0181531,0.0285819,0.0296101,0.045086,0.051277300000000005,0.0299322,0.0183888
69,0.0630269,0.030682400000000002,0.00727688,0.0178944,0.0250905,0.120647,0.0322275,0.0236647,0.0303362,0.0151534,0.019669700000000002,0.048959800000000005,0.0182926,0.0362849,0.012990999999999999,0.353617,0.041703199999999996,0.00973859,0.0584846,0.0342588
70,0.30379,0.060485000000000004,0.0232524,0.046065800000000004,0.013693299999999999,0.0513837,0.00730975,0.0253722,0.00848264,0.012819399999999998,0.0161197,0.0120439,0.00638148,0.0112501,0.0187083,0.133447,0.166413,0.0292156,0.045093400000000006,0.00867292
71,0.018893,0.0291008,0.0072455,0.0213773,0.202625,0.0175602,0.042917800000000006,0.0251878,0.0190729,0.048396800000000004,0.045694,0.030585200000000003,0.00582725,0.0231189,0.0218083,0.0182886,0.0168569,0.0284935,0.201466,0.175484
72,0.0198171,0.022116900000000002,0.49745200000000006,0.057891,0.014411000000000002,0.0454229,0.0393942,0.00973337,0.013320199999999999,0.0162841,0.027070599999999997,0.0276834,0.0263236,0.022049700000000002,0.018225599999999998,0.040131599999999996,0.00691959,0.025468599999999997,0.0246755,0.0456089
73,0.0525193,0.109473,0.0101365,0.056364599999999994,0.0372372,0.0329147,0.037373,0.0574506,0.015091899999999998,0.09592819999999999,0.00894702,0.0278202,0.00240227,0.0788688,0.0313206,0.06654249999999999,0.0813198,0.0684668,0.017938,0.11188499999999998
74,0.054696,0.024450799999999998,0.00671745,0.0244182,0.03351269999999999,0.0251978,0.07477110000000001,0.016137799999999997,0.19788599999999998,0.026017099999999998,0.0709275,0.0375086,0.0390287,0.0116816,0.23530399999999999,0.0581745,0.0218039,0.0130525,0.015546700000000002,0.0131666
75,0.0109004,0.00804576,0.0319542,0.019438,0.0072994,0.0280745,0.023625900000000002,0.11453599999999999,0.0417661,0.0214123,0.0311316,0.030182900000000002,0.008155599999999999,0.0220611,0.47554399999999997,0.0332693,0.014372200000000002,0.016096100000000002,0.045774,0.0163607
76,0.0285558,0.0153466,0.0542601,0.0319691,0.00801365,0.0174979,0.0160393,0.121064,0.0194524,0.030733299999999998,0.0357714,0.109122,0.00346911,0.025768,0.01854,0.0448934,0.023142199999999998,0.22753299999999999,0.147003,0.0218267
77,0.0334885,0.189323,0.0132251,0.00895986,0.00796414,0.056982200000000004,0.0941447,0.0437462,0.0477643,0.0645486,0.0105335,0.0237854,0.00222888,0.022593799999999997,0.141689,0.0462788,0.031902299999999995,0.146874,0.00257791,0.011389299999999998
78,0.0169327,0.0296811,0.0171974,0.00358499,0.113294,0.00839769,0.325809,0.0058041,0.00945943,0.0166375,0.0058844,0.024499200000000002,0.00376108,0.016266,0.0148516,0.00906037,0.0176217,0.0228298,0.097485,0.240943
79,0.0236458,0.0242057,0.0641294,0.019913,0.021705000000000002,0.0169988,0.0255016,0.06876030000000001,0.00867921,0.436586,0.042538599999999996,0.014979,0.012088799999999999,0.045619400000000004,0.013767500000000002,0.0164861,0.044448699999999994,0.0374857,0.0223618,0.0400986
80,0.026526799999999996,0.0965543,0.05455419999999999,0.165958,0.05120419999999999,0.063786,0.0567952,0.0781198,0.0202016,0.013552799999999999,0.014168700000000001,0.0253391,0.00226113,0.045956800000000006,0.0153584,0.106857,0.0476651,0.0626119,0.018818900000000003,0.033710199999999996
81,0.021054,0.06267619999999999,0.0507535,0.18542999999999998,0.0579106,0.0672321,0.0466436,0.047786,0.025409400000000002,0.023913,0.0176304,0.0404091,0.00335519,0.0268542,0.0187645,0.015947799999999998,0.0200523,0.115559,0.0773589,0.07526089999999999
82,0.0247004,0.08340260000000001,0.00294276,0.00733608,0.152366,0.00328165,0.0467744,0.0188468,0.028035200000000003,0.013599799999999999,0.0353724,0.0411324,0.00164174,0.158202,0.0450712,0.0574516,0.043499300000000005,0.032288,0.0438762,0.16018
83,0.08325160000000001,0.0745591,0.0101177,0.0404871,0.0133973,0.127843,0.0504288,0.0188977,0.0218585,0.0195993,0.0340691,0.0747413,0.125001,0.062567,0.040773500000000004,0.07187130000000001,0.0506254,0.0404116,0.00617744,0.0333215
84,0.0994431,0.0349462,0.00639319,0.00834824,0.0135738,0.0858836,0.0703026,0.0804478,0.0176686,0.0830814,0.166796,0.0866956,0.0182136,0.0472885,0.00725728,0.07881089999999999,0.027717000000000002,0.025514500000000002,0.029584500000000003,0.0120337
85,0.069449,0.0248735,0.015322799999999998,0.014364799999999999,0.010099799999999999,0.054252999999999996,0.108502,0.042467000000000005,0.051672699999999995,0.035395300000000005,0.00364143,0.0204338,0.07174130000000001,0.06900360000000001,0.0476943,0.0382531,0.0905622,0.0916845,0.00295241,0.137633
86,0.029063599999999995,0.0172952,0.012949100000000002,0.0134328,0.05964019999999999,0.0516922,0.25951599999999997,0.00614079,0.110678,0.063435,0.049849199999999996,0.07220839999999999,0.021469299999999997,0.0795389,0.0396096,0.0249193,0.0559768,0.00483531,0.00941312,0.0183372
87,0.011695200000000001,0.0455848,0.0117594,0.0305474,0.00659968,0.00944746,0.00786074,0.0163321,0.5988760000000001,0.0134673,0.0424212,0.030956099999999997,0.0134455,0.034607099999999995,0.038151,0.0174527,0.018121,0.0159629,0.0248259,0.011886399999999998
88,0.00332736,0.143451,0.0790791,0.00707677,0.00447032,0.00589793,0.013641200000000001,0.00283692,0.0141321,0.00421792,0.00904791,0.61685,0.00162038,0.00674569,0.00464557,0.05765830000000001,0.00324187,0.00371112,0.00836634,0.009982099999999999
89,0.19656300000000002,0.094436,0.0147239,0.011964399999999998,0.137383,0.056084,0.024266,0.0163858,0.0161,0.00494047,0.022134,0.014300799999999999,0.132,0.0168669,0.0132313,0.0472265,0.013899799999999999,0.018162,0.0700906,0.0792422
90,0.0421279,0.017221599999999997,0.0110399,0.042636,0.00585904,0.0952828,0.115523,0.0224321,0.12784600000000002,0.0362207,0.0502667,0.0794122,0.00243699,0.0513243,0.12310499999999999,0.019862599999999998,0.103647,0.023893599999999997,0.017198599999999998,0.0126644
91,0.00520929,0.0118443,0.011290799999999998,0.0386899,0.011966500000000001,0.00618637,0.00898262,0.00590197,0.280359,0.00931804,0.0492954,0.014849700000000002,0.012633700000000001,0.00695569,0.49555600000000005,0.00819744,0.00313658,0.00618415,0.010535,0.0029070999999999997
92,0.03823769999999999,0.0495842,0.058228999999999996,0.0101306,0.00985027,0.023316800000000002,0.0177127,0.0279498,0.0271675,0.014797399999999999,0.0353335,0.0485161,0.021578299999999998,0.026100400000000003,0.0304376,0.0316711,0.465592,0.0158345,0.029507599999999995,0.018453
93,0.0275473,0.0104136,0.0203189,0.0393688,0.020412299999999998,0.522934,0.00956401,0.00773594,0.0306051,0.0393411,0.0253289,0.0188791,0.036587800000000004,0.0384274,0.0360685,0.0117772,0.0156268,0.0330252,0.0329281,0.023109400000000002
94,0.025174400000000003,0.013278,0.0429159,0.0272182,0.033844599999999996,0.467471,0.027719999999999998,0.040772,0.021596900000000002,0.0121261,0.034275400000000004,0.0345694,0.0147036,0.0325846,0.0294582,0.0210643,0.028813,0.0420954,0.031142000000000003,0.0191778
95,0.201723,0.0219903,0.011179799999999998,0.16049000000000002,0.0117139,0.0250845,0.0157235,0.0122039,0.00957776,0.0184718,0.052430700000000004,0.0223896,0.180148,0.0204336,0.0308591,0.0963233,0.020056900000000003,0.014749000000000002,0.0422911,0.0321603
96,0.017626,0.0485663,0.0102168,0.016902900000000002,0.024899099999999997,0.0252761,0.0232243,0.258347,0.0386893,0.101994,0.049592800000000006,0.014149700000000001,0.010483,0.00595393,0.00966895,0.0190218,0.017601,0.265728,0.0318687,0.0101903
97,0.0220524,0.04510580000000001,0.0328717,0.0280981,0.07773669999999999,0.0205371,0.0381839,0.0262611,0.033549800000000005,0.0173277,0.029377800000000003,0.0303587,0.0179601,0.010272799999999999,0.0358519,0.0282423,0.029613099999999996,0.015274000000000001,0.0275159,0.433809
98,0.0103848,0.0306798,0.0112608,0.0245287,0.0176632,0.00483613,0.0613638,0.0300986,0.198524,0.0507032,0.174677,0.0444163,0.0110287,0.0626119,0.14498,0.0121354,0.058470600000000005,0.027150599999999997,0.0168102,0.00767596
99,0.08962260000000001,0.0206608,0.0167867,0.0152482,0.0112901,0.0351694,0.0280416,0.0672961,0.102002,0.0275564,0.030012599999999997,0.057555999999999996,0.00520965,0.019125200000000002,0.32503200000000004,0.061750599999999996,0.0167299,0.021935299999999998,0.0117369,0.037239
100,0.0347201,0.0675002,0.0128865,0.103191,0.0647114,0.0662484,0.0238998,0.0193541,0.00618463,0.0304606,0.117291,0.0396797,0.034225,0.043006699999999995,0.0479889,0.0343358,0.0635934,0.050265,0.00422524,0.136232
101,0.07322689999999998,0.0136305,0.24903000000000003,0.084378,0.0108814,0.0375489,0.0260741,0.0252708,0.0210043,0.0404583,0.0477986,0.0346976,0.08411389999999999,0.045341900000000004,0.017343099999999997,0.0496103,0.04572059999999999,0.049424300000000004,0.012457700000000002,0.0319888
102,0.06749889999999999,0.0401231,0.0263707,0.00712668,0.0511199,0.0870079,0.107136,0.022953599999999998,0.0734047,0.0702173,0.0316462,0.00921319,0.017842900000000002,0.011010500000000001,0.171896,0.0206375,0.024599799999999998,0.011778700000000001,0.079362,0.0690544
103,0.08493769999999999,0.0718303,0.0344052,0.0519851,0.00592721,0.0417076,0.0171283,0.032270599999999997,0.118269,0.0398271,0.048824099999999995,0.0430979,0.00406378,0.013547700000000001,0.136711,0.0331873,0.0478435,0.149112,0.00940735,0.0159176
104,0.030735900000000003,0.103629,0.00751579,0.00977814,0.049628500000000006,0.036102499999999996,0.0221636,0.018528700000000002,0.0215737,0.0171689,0.0514438,0.0490457,0.0142614,0.0462673,0.0353279,0.012767299999999999,0.00919054,0.0213354,0.41377700000000006,0.029758299999999998
105,0.0809194,0.0183813,0.014559899999999999,0.0290916,0.078074,0.11533900000000001,0.10043400000000001,0.0352179,0.0329522,0.0770021,0.08999,0.016657400000000003,0.00227887,0.086748,0.019321,0.0307392,0.0712166,0.049995,0.021698099999999998,0.029384500000000004
106,0.0230569,0.0125034,0.0150589,0.00841719,0.019396599999999996,0.033021800000000004,0.0468452,0.017221200000000002,0.11334000000000001,0.0128146,0.0479549,0.0700655,0.021861500000000002,0.036606099999999996,0.339942,0.07399889999999999,0.0127608,0.0264324,0.0473255,0.0213765
107,0.048993,0.03674469999999999,0.180038,0.276494,0.0205112,0.023239199999999998,0.0464336,0.027765699999999997,0.029669499999999998,0.010617,0.0279089,0.0585577,0.0085218,0.0410403,0.0190457,0.0648356,0.0154483,0.031635,0.0208762,0.011625
108,0.0228855,0.149437,0.029810700000000002,0.0316619,0.0179888,0.0404358,0.031283,0.0345992,0.013270400000000002,0.206436,0.064558,0.00966304,0.0921195,0.030852800000000003,0.033449099999999996,0.0385934,0.066165,0.05825369999999999,0.00932297,0.019214099999999998
109,0.085551,0.0823195,0.0317376,0.00691472,0.0254703,0.016809400000000002,0.013919299999999999,0.032630900000000004,0.044636199999999994,0.030163599999999995,0.167846,0.015257299999999998,0.016165600000000002,0.157094,0.0175118,0.028446,0.0677362,0.127711,0.0189392,0.0131394
110,0.00830271,0.0292173,0.0209516,0.015504399999999998,0.0377364,0.016197200000000002,0.0199003,0.171766,0.0434593,0.332766,0.023540900000000003,0.017440599999999997,0.018415400000000002,0.0138023,0.0319393,0.00957771,0.09522230000000001,0.0668684,0.018760299999999997,0.00863199
111,0.00446762,0.019809900000000002,0.0278161,0.0110714,0.119299,0.00263317,0.0246608,0.209664,0.00831783,0.037936000000000004,0.013155799999999999,0.0287743,0.0042201,0.0174242,0.00583231,0.031719599999999994,0.250896,0.09446210000000001,0.018186599999999997,0.06965299999999999
112,0.06310700000000001,0.051535199999999996,0.23465999999999998,0.0986943,0.0207276,0.0413468,0.05594169999999999,0.027294599999999995,0.0252851,0.018027099999999997,0.0351469,0.043392400000000005,0.029857599999999998,0.0445418,0.038733699999999996,0.0487406,0.023419099999999998,0.0264928,0.0428611,0.0301947
113,0.013760099999999999,0.018810499999999997,0.0215351,0.0389801,0.0124562,0.00831152,0.0545203,0.031257400000000005,0.537226,0.0145167,0.0192905,0.0237903,0.0391431,0.0334783,0.0436809,0.0299183,0.0244832,0.00705922,0.019760800000000002,0.00802178
114,0.0365349,0.0422853,0.0498523,0.149099,0.231287,0.018122,0.0168267,0.022145500000000002,0.0443034,0.08296150000000001,0.0814433,0.0496114,0.00718652,0.04068069999999999,0.0195976,0.025263999999999998,0.0115197,0.00813152,0.0321971,0.0309514
115,0.045817000000000004,0.0139244,0.0405964,0.368863,0.017303299999999997,0.0895112,0.0660873,0.0170791,0.029632,0.00605542,0.029713599999999996,0.0285202,0.0274036,0.0338221,0.0253342,0.06638680000000001,0.00811986,0.0354109,0.033445300000000004,0.016974400000000004
116,0.0422142,0.0688622,0.026603199999999997,0.0253451,0.0183391,0.025097900000000003,0.0102334,0.273037,0.021652900000000003,0.06567669999999999,0.0501719,0.0166615,0.01794,0.0400961,0.0153275,0.010628100000000001,0.0150303,0.22311599999999998,0.0207867,0.0131791
117,0.0320809,0.0337923,0.015726,0.029339999999999998,0.0321565,0.042231,0.0354766,0.06886569999999999,0.0353755,0.06778939999999999,0.0236047,0.019045199999999998,0.00992505,0.180794,0.191564,0.046266,0.026291200000000004,0.062340599999999996,0.038890499999999995,0.00844415
118,0.0353579,0.127914,0.00493311,0.015416399999999999,0.0149841,0.019584999999999998,0.0338545,0.055363699999999995,0.16100799999999998,0.016957299999999998,0.038313599999999996,0.0374102,0.0194366,0.0401716,0.251217,0.0183888,0.0461599,0.00669921,0.034555300000000004,0.022273599999999998
119,0.142586,0.23255,0.0093724,0.0329509,0.0370541,0.031135700000000002,0.0463422,0.105176,0.017680099999999997,0.0445849,0.032574599999999995,0.0419874,0.00718766,0.0113698,0.0102538,0.011920700000000001,0.0860381,0.0532844,0.026668200000000003,0.0192821
120,0.0462575,0.0293286,0.0235924,0.058711900000000004,0.030938999999999998,0.029183799999999996,0.0396369,0.0213482,0.026751799999999996,0.029847500000000003,0.0285986,0.0224398,0.024281999999999998,0.025044099999999996,0.0395044,0.0296142,0.0131785,0.026070099999999995,0.39977199999999996,0.055899199999999996
121,0.06575779999999999,0.024950200000000002,0.018553599999999996,0.0147137,0.0371519,0.0330968,0.054565699999999995,0.045238099999999996,0.07315579999999999,0.057163900000000004,0.0618795,0.00838091,0.00590559,0.0354674,0.168196,0.0140829,0.0110696,0.053872500000000004,0.08297360000000001,0.133825
122,0.0263151,0.141213,0.0122858,0.0114118,0.0102588,0.025588099999999996,0.07147410000000001,0.161423,0.0200975,0.050844099999999996,0.028254,0.00892064,0.00294579,0.0934895,0.019361,0.0172276,0.09863989999999999,0.181619,0.012412799999999998,0.00621803
123,0.260042,0.07513660000000001,0.0321782,0.0389599,0.020503099999999996,0.0945233,0.0161268,0.0227303,0.0183827,0.031860200000000005,0.0289652,0.010224500000000001,0.014577200000000002,0.015399700000000002,0.029380700000000003,0.143733,0.0314719,0.050616900000000006,0.0497802,0.015407299999999999
124,0.0310845,0.055141699999999995,0.051583000000000004,0.036581,0.0115635,0.00943984,0.11341400000000001,0.0489936,0.0352919,0.013191999999999999,0.02675,0.271524,0.0190525,0.091054,0.0209706,0.0345767,0.0224054,0.0223759,0.047918800000000004,0.0370868
125,0.0172931,0.0717961,0.036431599999999995,0.0543316,0.019806400000000002,0.0833189,0.046120999999999995,0.028388099999999996,0.028190899999999998,0.111805,0.0558616,0.107798,0.016525099999999997,0.022871799999999998,0.08527130000000001,0.0723904,0.0397484,0.00978159,0.026242599999999998,0.06602639999999999
126,0.0439491,0.0368226,0.016759599999999996,0.0383782,0.015949,0.152712,0.0477164,0.0279129,0.10489000000000001,0.116177,0.0192787,0.0588048,0.0118181,0.0999008,0.0375603,0.0476858,0.062091999999999994,0.0178362,0.00525924,0.0384976
127,0.0503354,0.025319400000000002,0.0692581,0.06701460000000001,0.0700225,0.0334016,0.043993300000000006,0.0530053,0.037715,0.06453099999999999,0.0118944,0.0500725,0.012362999999999999,0.0670353,0.0453158,0.0824283,0.033925300000000005,0.13642,0.0194768,0.026472700000000002
128,0.0802438,0.035693800000000005,0.0485769,0.048006599999999996,0.0471459,0.0535751,0.0151201,0.0092125,0.059761400000000006,0.0996113,0.0902806,0.12176,0.0168519,0.0206402,0.0255079,0.10756199999999999,0.0679237,0.026211099999999998,0.00506475,0.021250900000000003
129,0.129698,0.0162689,0.010178399999999999,0.0121191,0.016295900000000002,0.0874099,0.0361541,0.0158683,0.0703078,0.0251167,0.192492,0.021375,0.0118779,0.029057599999999996,0.05658440000000001,0.094282,0.0929792,0.06506100000000001,0.00595396,0.0109208
130,0.0615611,0.0194129,0.00499376,0.00269498,0.014807399999999998,0.0103688,0.121874,0.0164204,0.139284,0.0581212,0.07004780000000001,0.0466309,0.07699450000000001,0.074081,0.0461141,0.019035800000000002,0.12309,0.0702698,0.0124608,0.0117366
131,0.161579,0.00808514,0.0300258,0.0124333,0.019413200000000002,0.011100299999999999,0.10361,0.027217500000000002,0.00905761,0.00941752,0.0122198,0.033986,0.31391199999999997,0.00997566,0.0180678,0.107652,0.021504699999999998,0.0711344,0.0117054,0.0079034
132,0.07473760000000002,0.0373577,0.034263800000000004,0.0179653,0.0205672,0.43165299999999995,0.0156333,0.0122434,0.0235908,0.0259502,0.028642900000000002,0.0309923,0.018313299999999998,0.0181734,0.0342942,0.035370900000000004,0.028807599999999996,0.037732,0.0390224,0.0346885
133,0.0256858,0.0268553,0.015039400000000001,0.0198723,0.0124619,0.018046700000000002,0.016822900000000002,0.269964,0.0163226,0.31601799999999997,0.0478753,0.00693577,0.011760799999999998,0.020920400000000002,0.055799699999999994,0.0164755,0.0121984,0.023350799999999998,0.027824400000000003,0.039769900000000004
134,0.0645544,0.0637913,0.0125641,0.00712306,0.0117716,0.0129886,0.0135286,0.0174827,0.0112059,0.00981631,0.033178,0.0366635,0.0109376,0.0109818,0.0123131,0.155701,0.31366700000000003,0.08985180000000001,0.0231296,0.0887493
135,0.0285586,0.022326699999999998,0.0347208,0.028962,0.0191554,0.0202897,0.39565500000000003,0.0249783,0.0474578,0.0260983,0.0122794,0.034473699999999996,0.0182995,0.0326946,0.05046919999999999,0.024943700000000003,0.015132499999999998,0.039350199999999995,0.0889906,0.0351644
136,0.0146601,0.0252761,0.00573546,0.013373900000000001,0.08502699999999999,0.0227204,0.00690321,0.246966,0.0127464,0.187273,0.18879100000000001,0.0181186,0.014656,0.0127888,0.0100044,0.00599859,0.019648099999999998,0.0842253,0.0103041,0.0147844
137,0.0221452,0.0407638,0.02424,0.07302819999999999,0.0131887,0.012451,0.029264,0.05343150000000001,0.0364301,0.030376599999999997,0.41089,0.0350108,0.030824400000000002,0.011627,0.017389599999999998,0.0172675,0.0445152,0.0409357,0.043229199999999995,0.0129909
138,0.015941,0.0134436,0.0142589,0.0171698,0.049477,0.0102672,0.021606099999999996,0.442729,0.0502081,0.082078,0.0479075,0.029320299999999997,0.0217842,0.0223004,0.013847299999999998,0.0267132,0.0372978,0.0576183,0.0144795,0.011553
139,0.0106614,0.039468699999999995,0.0227041,0.0223467,0.062036900000000006,0.039300800000000004,0.052443,0.022232299999999997,0.0136589,0.0266198,0.0223197,0.0191319,0.0304108,0.025696499999999997,0.0196035,0.03581090000000001,0.017432800000000002,0.0490534,0.434933,0.0341344
140,0.00479107,0.0332495,0.041153800000000004,0.0317878,0.0354839,0.0469148,0.294077,0.0127003,0.0232958,0.0444161,0.0215396,0.037784,0.0180531,0.12889,0.0459512,0.0340077,0.0353078,0.032288700000000004,0.0342701,0.0440378
141,0.147278,0.0375567,0.0637976,0.0330553,0.030288599999999995,0.111701,0.0155656,0.0120568,0.00709368,0.0174281,0.029045599999999994,0.0171708,0.041393599999999996,0.00875628,0.012972599999999999,0.294531,0.0343318,0.029303199999999998,0.024063099999999997,0.0326115
142,0.0506536,0.039399699999999996,0.060377999999999994,0.029298200000000003,0.0167896,0.018236000000000002,0.04676,0.044099400000000004,0.035748800000000004,0.0164847,0.0325001,0.40029699999999996,0.0416519,0.027240300000000002,0.0157385,0.0276594,0.0158287,0.0159691,0.0266067,0.0386601
143,0.015366899999999998,0.034993300000000005,0.0213373,0.0336931,0.038016,0.0366663,0.0537091,0.0138123,0.030272700000000003,0.432354,0.050654199999999996,0.0165725,0.0201337,0.0137884,0.0295675,0.023875999999999998,0.029915499999999998,0.031342300000000003,0.0478845,0.0260442
144,0.054068899999999996,0.08910269999999999,0.0287565,0.01511,0.013459700000000002,0.0251992,0.0248892,0.07657180000000001,0.015723599999999997,0.034170099999999995,0.06252150000000001,0.316827,0.020379400000000002,0.0167475,0.014237999999999999,0.0252939,0.022279300000000002,0.10800699999999999,0.010042,0.0266128
145,0.0526207,0.015752600000000002,0.46189600000000003,0.0587525,0.041186400000000005,0.037534899999999996,0.0366185,0.013815299999999999,0.00747203,0.00938819,0.0248155,0.0511578,0.0145703,0.016612400000000003,0.019091099999999996,0.00803424,0.0102962,0.032323000000000005,0.0452741,0.0427888
146,0.0869153,0.0408918,0.0255833,0.026683099999999994,0.0181269,0.00467835,0.0192458,0.025261000000000002,0.033828500000000004,0.00975383,0.012313,0.00604864,0.014211600000000001,0.018629,0.013880799999999999,0.422677,0.170975,0.00948407,0.011107700000000002,0.0297052
147,0.035693199999999994,0.020549099999999997,0.0256276,0.036721,0.017555099999999997,0.0396855,0.0450916,0.0536308,0.0427711,0.017000099999999997,0.0415732,0.0222864,0.0203553,0.0431129,0.026842200000000004,0.05861330000000001,0.373502,0.0380486,0.022277,0.019064400000000002
148,0.0189651,0.043812300000000005,0.013427000000000001,0.0130348,0.046442699999999996,0.0297897,0.0380676,0.0715809,0.0197919,0.00710892,0.0329573,0.0494125,0.015578799999999999,0.0103729,0.0110946,0.0139716,0.0173338,0.0126152,0.018203900000000002,0.516439
