site,A,C,D,E,F,G,H,I,K,L,M,N,P,Q,R,S,T,V,W,Y
32,0.081482019,0.065487998,0.026840549,0.154688365,0.016208474,0.080360521,0.024440286,0.030973062,0.018341748,0.022106927,0.039883958,0.047129063,0.06679701,0.037102471,0.08867906,0.053661239,0.044483026,0.029099024,0.050112592,0.022122609
33,0.046977032,0.04440795,0.071732426,0.086316851,0.034687884,0.076665287,0.032269742,0.022495198,0.049629263,0.009810277,0.020699981,0.068184175,0.028393111,0.060426043,0.031764757,0.113813142,0.071076086,0.027769759,0.067745929,0.035135108
34,0.012182656,0.016296847,0.037777821,0.049637583,0.083536758,0.032854376,0.053826915,0.043353155,0.028010053,0.089120179,0.049153329,0.039268961,0.037048732,0.019238396,0.051883955,0.044038251,0.075424952,0.064363159,0.110182619,0.062801305
35,0.023504109,0.044543988,0.026526427,0.018771216,0.093492592,0.052335546,0.020958778,0.02255543,0.030806907,0.031908971,0.038910764,0.03211407,0.028064058,0.0564152,0.08348408,0.045531145,0.027839367,0.021921443,0.178310271,0.122005636
36,0.119047185,0.06018243,0.049953992,0.031673252,0.027043381,0.024235815,0.023138699,0.094213698,0.042074924,0.010326565,0.022181854,0.041712652,0.024599291,0.02680073,0.032163031,0.046467056,0.074133802,0.160470683,0.039645366,0.049935593
37,0.054382875,0.056203324,0.037233387,0.016198358,0.053612643,0.062398763,0.020823647,0.059813816,0.02696015,0.027321514,0.031147916,0.09871045,0.029095163,0.038646404,0.045615596,0.069424716,0.158465293,0.035643717,0.033156682,0.045145586
38,0.035524951,0.038782421,0.038565418,0.035002529,0.057198266,0.02593008,0.017258647,0.227388119,0.043340624,0.027477496,0.021387361,0.023026227,0.014566874,0.041874723,0.028466798,0.031762997,0.025644693,0.159813979,0.049440237,0.057547559
39,0.026653842,0.012517866,0.071236354,0.042678413,0.226170576,0.044520988,0.042514097,0.024321698,0.018985055,0.018495208,0.071166439,0.065235066,0.016085327,0.011053914,0.033664359,0.029139671,0.02367552,0.054932829,0.04395221,0.123000567
40,0.026639299,0.064632343,0.053056056,0.03132476,0.079456083,0.023025721,0.017791567,0.034269172,0.02828048,0.03175401,0.039234614,0.08664045,0.03465681,0.052140627,0.018652946,0.031787906,0.0497229,0.03868104,0.096321596,0.161931618
41,0.061859502,0.031342335,0.055597275,0.0484164,0.019978012,0.19550816,0.041648117,0.051902049,0.036754943,0.021117439,0.029042214,0.030495942,0.034817792,0.049693307,0.086823368,0.030385867,0.040534054,0.024566357,0.074780967,0.034735901
42,0.049128973,0.026333547,0.044072025,0.078837349,0.01998741,0.041399993,0.022466962,0.089837547,0.048298116,0.051040948,0.040001704,0.049382711,0.030415296,0.025725087,0.047715215,0.02599693,0.034342685,0.171852386,0.054445672,0.048719445
43,0.016709474,0.030884692,0.038672252,0.03338987,0.035492952,0.020773417,0.04802063,0.040206853,0.043025277,0.073473525,0.049488049,0.039521768,0.246062625,0.037601778,0.043033661,0.031697322,0.057139693,0.027049884,0.047767301,0.039988978
44,0.062568191,0.07309192,0.030689332,0.062551333,0.025036998,0.037037388,0.035129103,0.085176558,0.129710303,0.018357035,0.040741439,0.055812733,0.02550036,0.023883156,0.023917983,0.034287751,0.025644325,0.148541281,0.028850298,0.033472513
45,0.028755853,0.032339239,0.043170842,0.020373436,0.095813642,0.016140495,0.023849796,0.032495523,0.052759798,0.066517661,0.046744878,0.012946265,0.053533091,0.027413958,0.031035847,0.023927483,0.016248754,0.034324055,0.190561153,0.151048231
46,0.077547032,0.032861885,0.054138627,0.056079944,0.018148948,0.038426629,0.08454912,0.052246784,0.076635197,0.045754475,0.015451198,0.038144738,0.018722499,0.077472762,0.05858227,0.039244617,0.068704491,0.091287432,0.017909739,0.038091612
47,0.024793479,0.010769618,0.089125082,0.126955784,0.033676033,0.016638936,0.045229282,0.025490575,0.019623598,0.007723732,0.06706805,0.176187016,0.078101686,0.051348041,0.022975991,0.033023307,0.078336888,0.040225284,0.029613449,0.02309417
48,0.104562849,0.105545999,0.026915864,0.059631172,0.012888165,0.079977995,0.03475444,0.029215155,0.02673758,0.031116774,0.048175301,0.028531924,0.012956671,0.032501127,0.036342187,0.085917262,0.092194979,0.033366056,0.040484045,0.078184454
49,0.075502186,0.028403598,0.048816215,0.0532728,0.043140708,0.04988708,0.05815857,0.081789413,0.053558779,0.040383357,0.040041454,0.035760828,0.026632693,0.050308843,0.068610666,0.064119459,0.067852535,0.05860659,0.027572091,0.027582136
50,0.159008547,0.040326165,0.012272004,0.027576794,0.036009572,0.03322544,0.020574821,0.121700695,0.040011138,0.02456853,0.055204854,0.054323583,0.064421917,0.021995531,0.02305786,0.043145574,0.101323816,0.052148212,0.045871983,0.023232962
51,0.057992067,0.023937837,0.021507956,0.027071672,0.041435188,0.062075714,0.038128557,0.13154128,0.011432288,0.050131847,0.045164143,0.041371568,0.055792794,0.036301832,0.014742536,0.072573655,0.080342538,0.110876604,0.046913119,0.030666805
52,0.027109834,0.027672755,0.029043125,0.032565871,0.046423577,0.029900248,0.039090465,0.179854289,0.027426629,0.193676238,0.048053219,0.047081328,0.042021087,0.055887291,0.027654681,0.023980575,0.025578336,0.022662989,0.028875909,0.045441555
53,0.009092553,0.089391826,0.028938088,0.035444448,0.115882283,0.020146057,0.043283262,0.071412612,0.025990983,0.066140587,0.048453506,0.063431197,0.01520828,0.052160519,0.042283895,0.066409815,0.022767834,0.030979749,0.038550575,0.114031931
54,0.054445372,0.207443039,0.029739716,0.015431471,0.059211748,0.047483703,0.05339333,0.037511543,0.070454879,0.044505121,0.036019067,0.017149763,0.037768759,0.030852434,0.031205693,0.035934514,0.017966272,0.026605659,0.016323131,0.130554786
55,0.123489042,0.029984896,0.017104546,0.05238481,0.072425094,0.030500889,0.039544814,0.036224446,0.056563452,0.029007927,0.079508916,0.044091289,0.027631518,0.057246831,0.014792332,0.103134571,0.094789563,0.034381668,0.039076948,0.018116451
56,0.050751625,0.063441396,0.048832021,0.030537094,0.094992266,0.0537408,0.058408797,0.051001972,0.034676731,0.035441574,0.038883254,0.037170598,0.030568053,0.012327923,0.032689099,0.137892397,0.058874488,0.050812267,0.046349309,0.032608337
57,0.069510051,0.049838577,0.05570157,0.047806036,0.049307083,0.045253351,0.065089124,0.052634627,0.040238348,0.038206474,0.049592206,0.069537413,0.052218918,0.045995705,0.048636103,0.049705803,0.0420125,0.053345482,0.047895474,0.027475154
58,0.032761878,0.047503416,0.04963906,0.049598375,0.044759696,0.039353941,0.046475329,0.045427995,0.049295276,0.042287757,0.052119749,0.050368269,0.071116586,0.041403168,0.051862,0.04877829,0.059292954,0.077213917,0.04894955,0.051792794
59,0.04969249,0.051932554,0.048459933,0.078736612,0.05207427,0.047441016,0.050962819,0.028500812,0.042479446,0.027373107,0.053489313,0.054122319,0.054091118,0.055507847,0.06587772,0.046231508,0.044277356,0.052007995,0.046646964,0.050094802
60,0.019247157,0.047926307,0.04601065,0.051735738,0.069996507,0.0693075,0.078925959,0.050424782,0.03669266,0.054077794,0.050911504,0.048685758,0.049707793,0.048011311,0.050198412,0.010163724,0.109292173,0.016524137,0.045850488,0.046309644
61,0.026869143,0.03162164,0.054968752,0.043638664,0.091411719,0.045853796,0.04563974,0.026239781,0.028066332,0.084445549,0.044892009,0.051056133,0.072645243,0.104772979,0.057126112,0.021187652,0.053578675,0.021353301,0.06231053,0.032322249
62,0.043171637,0.034764951,0.070426855,0.052882965,0.040632821,0.072797733,0.057287578,0.03680381,0.019006792,0.024481077,0.049522283,0.070613523,0.078234256,0.061699232,0.064128476,0.023113658,0.022901092,0.06491777,0.063020756,0.049592736
63,0.057840756,0.016910687,0.052179182,0.059043172,0.032672587,0.056708488,0.078201742,0.03675429,0.041328558,0.020760659,0.095373555,0.027985467,0.086560849,0.036867123,0.093337886,0.046082874,0.058390382,0.030812713,0.047763422,0.024425608
64,0.042176424,0.034607626,0.038070198,0.053288218,0.055352844,0.062562938,0.04858147,0.020278453,0.066250029,0.029207346,0.035114069,0.117546145,0.016011655,0.041530683,0.073061824,0.045002113,0.050096728,0.05768112,0.046840208,0.066739909
65,0.030725808,0.017273031,0.018202611,0.135949675,0.050784758,0.074464786,0.037197498,0.025551934,0.033892677,0.057095333,0.117916862,0.030890572,0.015475876,0.07270439,0.048339203,0.029502294,0.076380994,0.0317791,0.028717795,0.067154802
66,0.044804943,0.048026264,0.053581814,0.026900229,0.026642475,0.070992941,0.050363872,0.09662276,0.030571498,0.036213924,0.042546658,0.092138349,0.037767033,0.050982497,0.015195024,0.090499478,0.027806173,0.03513345,0.047649262,0.075561357
67,0.030696616,0.013711998,0.052689024,0.027214763,0.072764055,0.027643358,0.04323963,0.020915491,0.030816258,0.012205582,0.014496283,0.118435612,0.087102208,0.055651373,0.083870153,0.069668461,0.087929211,0.041397146,0.032643351,0.076909426
68,0.014274641,0.040065354,0.013902598,0.029910266,0.055232204,0.049803415,0.026467643,0.17860388,0.034695014,0.037363213,0.087350123,0.072241029,0.047473171,0.038834314,0.081879255,0.036519348,0.024123373,0.079040298,0.027293212,0.024927651
69,0.051020982,0.023492556,0.035580088,0.036625632,0.068688854,0.038088805,0.031880482,0.034248219,0.042416755,0.056416171,0.084050619,0.044316217,0.037628558,0.051217979,0.036489453,0.036840864,0.021360693,0.060766828,0.147417117,0.061453126
70,0.064541348,0.049275338,0.085003282,0.042694394,0.027487622,0.055944486,0.034536662,0.031495827,0.042393677,0.020423735,0.038393942,0.013451983,0.015910159,0.084728571,0.037956865,0.052507173,0.118277385,0.087805267,0.041349331,0.055822953
71,0.061981782,0.045513317,0.030201941,0.045702778,0.022253562,0.061692013,0.041355347,0.032417518,0.121674962,0.032584783,0.018581915,0.050494103,0.043000555,0.027823285,0.03512051,0.050188533,0.13095269,0.073709492,0.048589325,0.026161588
72,0.024811267,0.031155158,0.066806901,0.062462119,0.044965095,0.041479719,0.10312389,0.021653888,0.023403508,0.020207489,0.03283582,0.11510901,0.048399471,0.103901554,0.049780448,0.040799485,0.041808076,0.052128954,0.056269293,0.018898854
73,0.07576475,0.094274127,0.071652401,0.016427058,0.050627912,0.038990795,0.019818671,0.049417341,0.05308749,0.083024967,0.07578108,0.051377973,0.033353671,0.028697325,0.033805241,0.038677416,0.035798332,0.043487182,0.047212362,0.058723906
74,0.039502683,0.187132382,0.029487767,0.015881533,0.072359039,0.060268244,0.053855557,0.026836825,0.017604204,0.033859845,0.035024027,0.035637734,0.035971606,0.044889095,0.018227401,0.02955067,0.031285475,0.061411542,0.06529871,0.105915661
75,0.062035686,0.025473781,0.029835964,0.01081094,0.026486724,0.02308654,0.036545743,0.113595782,0.017588257,0.072530836,0.119229482,0.029818561,0.064057503,0.023311222,0.022544833,0.050342256,0.069241852,0.132320702,0.05369193,0.017451404
76,0.076478933,0.036478894,0.043842422,0.018500413,0.05679026,0.074784173,0.037497449,0.02350369,0.032920218,0.054657389,0.080608297,0.040841829,0.150789635,0.027371507,0.022512855,0.057636382,0.029694354,0.035737798,0.056358013,0.04299549
77,0.044390603,0.072751564,0.008547686,0.028315327,0.066399189,0.042259192,0.028489018,0.128775275,0.035445586,0.037304236,0.050186851,0.058457325,0.024205372,0.064672531,0.019913288,0.05826452,0.07528038,0.108991396,0.034006107,0.013344556
78,0.062796011,0.037769679,0.083355997,0.10052218,0.013430376,0.034245592,0.029520884,0.026931359,0.041366166,0.039859641,0.072929812,0.134928442,0.028373846,0.018975807,0.025809351,0.040648295,0.060094073,0.011087272,0.03888435,0.098470868
79,0.055148252,0.057645634,0.022052046,0.031041076,0.090246198,0.019118748,0.048795245,0.041685393,0.034123402,0.109498451,0.07553955,0.039458873,0.051284537,0.044674887,0.021249904,0.087141513,0.048378055,0.017398485,0.060713083,0.044806668
80,0.093351301,0.047567895,0.024513069,0.053937301,0.068930165,0.06316059,0.073737163,0.031490512,0.027488648,0.060496546,0.062292568,0.064869462,0.013217034,0.030775697,0.075208648,0.038001267,0.013193577,0.072364551,0.042475195,0.042928811
81,0.088387821,0.03762919,0.042767002,0.055724163,0.059235229,0.044427282,0.016353973,0.035477568,0.079219329,0.032301442,0.121338409,0.017040052,0.069131812,0.089064298,0.025431549,0.039831762,0.045109462,0.042149766,0.015369207,0.044010685
82,0.085706831,0.048418474,0.047729301,0.028377271,0.066227848,0.040693197,0.085428764,0.039854777,0.023952692,0.048437227,0.071194678,0.057520869,0.029673305,0.069170579,0.036338446,0.065354563,0.031398684,0.028103506,0.055728257,0.040690732
83,0.05953113,0.026550184,0.087054632,0.135503669,0.018407811,0.031786226,0.02292383,0.011759045,0.15136279,0.030867052,0.038987165,0.031882584,0.052781332,0.055896423,0.025506769,0.065196272,0.027135813,0.045261274,0.033736932,0.047869067
84,0.047149515,0.040960546,0.029479974,0.033136122,0.040359523,0.031825329,0.048908886,0.071676712,0.05392549,0.043456193,0.03844748,0.042867309,0.018814684,0.070387165,0.049782601,0.050878972,0.079829238,0.07281526,0.060907918,0.074391082
85,0.072997968,0.071313187,0.089299356,0.027285823,0.033960873,0.01667139,0.048604141,0.079420685,0.092038122,0.035474709,0.043759644,0.047032857,0.037934925,0.040221175,0.05384747,0.039268371,0.046598966,0.033576488,0.03480144,0.055892411
86,0.029146913,0.099552082,0.038397346,0.013948772,0.022236696,0.025267548,0.014467546,0.0694064,0.015062124,0.119766887,0.143922268,0.043367543,0.017670978,0.018087896,0.022131873,0.033274161,0.036145688,0.113195071,0.080054758,0.044897449
87,0.033466308,0.041784067,0.071156462,0.047552226,0.03245279,0.016438962,0.096069942,0.046198888,0.186883225,0.053415432,0.072448341,0.040605705,0.029613278,0.033111002,0.01911822,0.047619575,0.069531987,0.025552098,0.010194887,0.026786606
88,0.042515111,0.036180263,0.051809587,0.018358709,0.036418725,0.041046049,0.106747643,0.057047901,0.075735054,0.058449404,0.07028703,0.08399695,0.028180746,0.037162156,0.072511065,0.044978362,0.036207479,0.022254963,0.052338991,0.027773811
89,0.030114855,0.021859369,0.048614402,0.038900967,0.02569347,0.043834044,0.052616266,0.035020919,0.044063735,0.06949102,0.210091484,0.014974086,0.011675831,0.024257323,0.036549735,0.036071374,0.024388414,0.135838695,0.061776749,0.034167262
90,0.023344558,0.074187741,0.039699862,0.051105006,0.063345456,0.059791148,0.054528994,0.120898455,0.029954092,0.035554221,0.032710334,0.075221156,0.017057014,0.046454341,0.052466105,0.029521475,0.042893459,0.037127596,0.054678887,0.0594601
91,0.060076628,0.033486621,0.05245176,0.101306608,0.042293937,0.03005296,0.01780418,0.032987766,0.069784481,0.03496927,0.050386507,0.021607763,0.02307381,0.056223455,0.008808651,0.109029705,0.09695525,0.071117686,0.037222697,0.050360266
92,0.044695788,0.041969183,0.046333384,0.045667418,0.041617919,0.052417879,0.033038911,0.072269493,0.139909943,0.028744625,0.061068096,0.029661049,0.042670853,0.045904653,0.03963129,0.04559496,0.049270623,0.046544664,0.026079876,0.066909393
93,0.027767037,0.032096274,0.038432629,0.024490512,0.218508779,0.0499912,0.024260292,0.06435518,0.032967113,0.037010292,0.065584801,0.044388718,0.022568456,0.023073843,0.047202697,0.024324341,0.0643154,0.024087103,0.049679705,0.08489563
94,0.031652749,0.022031187,0.067963448,0.036002731,0.028393782,0.044870512,0.060821637,0.060688759,0.080117131,0.031281437,0.060062803,0.080445557,0.024090949,0.053332017,0.014006179,0.067410358,0.060942885,0.039385691,0.042953603,0.093546582
95,0.059581635,0.107652819,0.02652465,0.045173012,0.035226421,0.082968637,0.019708152,0.097847571,0.048071204,0.079019385,0.083328477,0.018095668,0.038027074,0.03573926,0.018422733,0.063716353,0.049049409,0.051690794,0.021147419,0.019009326
96,0.036230674,0.029885798,0.046907907,0.041585605,0.081264615,0.044843227,0.045473654,0.01754114,0.016066264,0.016052797,0.037637237,0.034102348,0.030326476,0.097897124,0.050475044,0.026156817,0.030506582,0.041167253,0.173914531,0.10196491
97,0.052629549,0.032228186,0.049778364,0.059052399,0.032041548,0.047084247,0.050923171,0.038293337,0.04894589,0.026313282,0.035210973,0.04040883,0.007704403,0.03093765,0.055520019,0.071603815,0.055829648,0.117588792,0.047747476,0.100158421
98,0.044308384,0.026154604,0.042293201,0.050457733,0.023899637,0.062704164,0.053112966,0.068865081,0.045246066,0.059276907,0.013988019,0.126026134,0.02377433,0.044481884,0.015417753,0.124234961,0.046400175,0.044316993,0.040506782,0.044534223
99,0.036659603,0.018456956,0.082168036,0.082173824,0.020649207,0.019751586,0.044099733,0.027064357,0.050355833,0.041799248,0.063506413,0.066342352,0.079657235,0.051776932,0.0812912,0.029800276,0.063232108,0.053740182,0.058721057,0.028753861
100,0.031499405,0.041240807,0.030151568,0.067151125,0.057844948,0.038346495,0.028426864,0.133571576,0.064960013,0.087649272,0.172614475,0.034627429,0.022419171,0.019508872,0.023935096,0.038850761,0.014406402,0.018731251,0.038070341,0.035994128
101,0.102672332,0.040305923,0.039885371,0.057589323,0.034324388,0.039939014,0.016121006,0.220077349,0.021548551,0.027813786,0.046921802,0.041334186,0.054702413,0.020583715,0.010701038,0.010180061,0.022269506,0.087396082,0.049256557,0.056377598
102,0.015072242,0.010582513,0.040604359,0.045124797,0.0172434,0.095898333,0.04467887,0.019966688,0.234930901,0.03092686,0.040093303,0.058655309,0.037143386,0.052312965,0.029548149,0.042438755,0.044003134,0.018724248,0.037950441,0.084101344
103,0.071175858,0.072182372,0.063169761,0.033980959,0.021807788,0.051352108,0.078296181,0.039010036,0.033922088,0.008922247,0.035657582,0.060382807,0.031383996,0.128478849,0.030401825,0.075117547,0.057662088,0.018832916,0.050930373,0.03733262
104,0.047488183,0.077121156,0.02213377,0.035155778,0.043020274,0.018345342,0.027071189,0.091108503,0.03708372,0.137987744,0.159860364,0.021544563,0.024680401,0.031301413,0.027732557,0.023973111,0.048505531,0.034820082,0.045182703,0.045883616
105,0.038429395,0.029654642,0.064362753,0.11977029,0.030078453,0.054337584,0.075895854,0.022865084,0.04779376,0.038032019,0.037567436,0.09007723,0.009532277,0.05677919,0.053486333,0.050355469,0.048393272,0.026129128,0.059921644,0.046538187
106,0.070878902,0.027548714,0.086315796,0.087891824,0.052585615,0.038763543,0.054645898,0.075971089,0.045501483,0.037619735,0.064651686,0.028581279,0.010881314,0.037577083,0.033008542,0.043411918,0.050982545,0.066858308,0.054731285,0.031593443
107,0.025116231,0.023307579,0.197287634,0.091195111,0.050620145,0.033786112,0.061347059,0.022401153,0.013520449,0.037019325,0.08087613,0.100299379,0.032977106,0.046339067,0.023358883,0.028730214,0.030223799,0.027089553,0.040533939,0.033971133
108,0.047727774,0.117872881,0.041150711,0.011165379,0.052569255,0.024576287,0.035652132,0.117601087,0.01665718,0.035701558,0.103101503,0.016499081,0.019120513,0.024157953,0.015601612,0.045971727,0.047524693,0.15140488,0.046751223,0.02919257
109,0.014791606,0.026017817,0.018434352,0.062039992,0.038158973,0.009343656,0.024642509,0.10457635,0.020183528,0.148235552,0.109081065,0.04025362,0.017486505,0.121044066,0.019487838,0.01425651,0.059124862,0.069913629,0.043072062,0.039855509
110,0.042345109,0.026627799,0.07009983,0.076420956,0.046880651,0.058267041,0.064390036,0.041187378,0.047279469,0.046365751,0.025923901,0.135127235,0.005437057,0.023858191,0.014296439,0.075445776,0.079441534,0.029770179,0.059767361,0.031068308
111,0.057753062,0.050788094,0.027693795,0.018027037,0.041706608,0.046074423,0.025040504,0.077572367,0.030833061,0.141029559,0.021501402,0.01858359,0.017964565,0.057740209,0.055527154,0.058607116,0.051011809,0.109176185,0.057867889,0.03550157
112,0.035747543,0.027982596,0.068192964,0.024545525,0.104890296,0.034981653,0.029070532,0.042094027,0.059930727,0.063414799,0.033450456,0.05436004,0.016472522,0.026379163,0.029054978,0.037550476,0.028370558,0.071005975,0.169754815,0.042750356
113,0.052223216,0.017515763,0.107972996,0.081505614,0.037283159,0.031178976,0.033641686,0.024642048,0.03656956,0.028186769,0.025695788,0.218734895,0.009856,0.047304572,0.02632321,0.022436542,0.029104261,0.063558315,0.038370991,0.067895637
114,0.059756261,0.019656968,0.15966484,0.190943001,0.035936185,0.019664334,0.024416609,0.040250405,0.036887684,0.034087596,0.036236878,0.033801771,0.017753019,0.083609915,0.011333545,0.028537441,0.015328712,0.036389759,0.052422905,0.06332217
115,0.168370689,0.016988053,0.057659267,0.056459483,0.012378908,0.120607984,0.038258445,0.037577868,0.054145206,0.012446481,0.040985033,0.034303622,0.010777263,0.020771446,0.028472969,0.155755302,0.036605519,0.042099147,0.032052854,0.023284461
116,0.058638506,0.020690972,0.020350694,0.030486003,0.147871972,0.023891686,0.032464785,0.0868179,0.022666355,0.183249023,0.061599509,0.01713323,0.030054355,0.018143015,0.034369635,0.030559752,0.047492127,0.066662915,0.041299413,0.025558153
117,0.063066206,0.030495999,0.032415162,0.057062255,0.035679456,0.025635504,0.061269762,0.041841863,0.059142983,0.038639983,0.096760196,0.034492582,0.010201202,0.096080792,0.060038335,0.058330432,0.072541007,0.043199089,0.039823845,0.043283347
118,0.096312504,0.032017484,0.052574862,0.028176982,0.048873426,0.053461536,0.017682475,0.016145853,0.044669797,0.027088561,0.085211015,0.051139162,0.111770408,0.066016331,0.042380677,0.060574839,0.081749719,0.021894167,0.025364339,0.036895865
119,0.048129572,0.221450727,0.045629086,0.034879084,0.059429246,0.050016826,0.031025484,0.02258665,0.047272983,0.0233489,0.070537103,0.031822477,0.023077022,0.026074231,0.031548718,0.050522039,0.040183025,0.026568835,0.043134503,0.07276349
120,0.05892784,0.048351458,0.026705185,0.051716191,0.060363663,0.034979467,0.039058293,0.108710705,0.028189998,0.026573458,0.04091362,0.045306278,0.029777418,0.039835873,0.029257285,0.026363449,0.066565661,0.186413695,0.031727371,0.020263093
121,0.035563065,0.031006148,0.038268502,0.059426107,0.016486897,0.030814749,0.030975842,0.017215474,0.132412073,0.04527112,0.03451153,0.065263758,0.054987563,0.09209737,0.10985748,0.081520521,0.038314487,0.039618435,0.029550375,0.016838505
122,0.02632876,0.030904864,0.043751406,0.051363124,0.030862452,0.032780831,0.034350006,0.046594531,0.048556279,0.249226123,0.03556173,0.051419612,0.033312953,0.033744801,0.035504835,0.056723898,0.026554646,0.028283936,0.070523516,0.033651698
123,0.034777626,0.022799821,0.021636959,0.053716128,0.071795857,0.022595745,0.071730424,0.069725205,0.0326848,0.038131058,0.022486728,0.116451589,0.016744922,0.024568718,0.017666085,0.092868641,0.120443137,0.028991317,0.054852268,0.065332969
124,0.095512976,0.033521973,0.10136937,0.051771354,0.044333854,0.017776073,0.02411826,0.026571167,0.027057269,0.084777947,0.057405994,0.06331839,0.100884964,0.033663109,0.043588673,0.060591746,0.024086844,0.038517557,0.043064712,0.028067766
125,0.039526201,0.027899771,0.06826076,0.052067435,0.050023638,0.009206677,0.036851444,0.025457109,0.056300268,0.20240656,0.051574425,0.082961632,0.018920304,0.08251016,0.024053089,0.03393282,0.02672018,0.032575358,0.042119401,0.036632766
126,0.043178714,0.185032059,0.060988023,0.022100909,0.041959422,0.054069678,0.02551235,0.043356287,0.045515532,0.030174333,0.035053701,0.027905807,0.042019476,0.011373626,0.028988288,0.051283556,0.026713239,0.030875113,0.085983759,0.107916128
127,0.039798717,0.040632448,0.124935748,0.02175631,0.047808185,0.069557452,0.024229781,0.054345611,0.066551716,0.030076923,0.019863431,0.032682437,0.037369665,0.028823784,0.043596101,0.026250932,0.027196119,0.187621456,0.041500598,0.035402586
128,0.063716466,0.034851928,0.034131996,0.055528658,0.029871774,0.076468207,0.030439173,0.082681331,0.023538927,0.036306707,0.073656305,0.033383349,0.026971645,0.014982563,0.030401528,0.062217281,0.179666519,0.044475611,0.037535702,0.029174331
129,0.052093686,0.020701629,0.046619142,0.049164013,0.091956632,0.027315556,0.070957552,0.052779653,0.016574573,0.191730813,0.082159838,0.033462042,0.035516277,0.022161077,0.046947468,0.029585575,0.023536458,0.046659148,0.024511276,0.03556759
130,0.018311565,0.040265835,0.046288857,0.068086205,0.030922788,0.023663387,0.024097354,0.0368213,0.040710579,0.012984554,0.024424549,0.375492077,0.011956418,0.042262459,0.012446495,0.022370177,0.049761426,0.043898305,0.043750756,0.031484912
131,0.018632043,0.165565803,0.050404164,0.061464288,0.10851265,0.034406706,0.043630369,0.016955863,0.043850327,0.012412576,0.09042335,0.019203539,0.023372045,0.06199473,0.076080935,0.028616109,0.026499095,0.052216702,0.033243732,0.032514974
132,0.063017314,0.03498184,0.084034531,0.024262157,0.048824388,0.036008103,0.054268809,0.030895776,0.055405552,0.011243646,0.040104622,0.060898565,0.015702955,0.09565153,0.047636525,0.083417042,0.055706538,0.028562791,0.0394245,0.089952817
133,0.074972816,0.016092269,0.044521962,0.074963159,0.020636073,0.06062283,0.081108937,0.024073524,0.129793967,0.035615234,0.019249064,0.05700735,0.090311553,0.057403111,0.020207809,0.062350812,0.05763104,0.014707887,0.031287295,0.027443307
134,0.043885451,0.050598424,0.052327552,0.038873385,0.031928295,0.026529149,0.022900249,0.081726514,0.030482555,0.104459925,0.042468654,0.037258849,0.108915065,0.034545043,0.022737588,0.016510214,0.078990626,0.107266741,0.031992247,0.035603474
135,0.019582447,0.017938714,0.05286073,0.070539122,0.046533238,0.069971854,0.069490353,0.073411698,0.025703632,0.037007344,0.077356233,0.047087643,0.024883594,0.115253095,0.050203963,0.042074161,0.043748902,0.02052622,0.051636264,0.044190793
136,0.05225811,0.044399598,0.060843663,0.048849773,0.050407806,0.081835344,0.070143107,0.052693234,0.058636559,0.051766321,0.063990723,0.038530109,0.025830458,0.033002519,0.033855556,0.029052781,0.028232979,0.051472001,0.042083402,0.082115956
137,0.039872468,0.046845115,0.054703839,0.031920468,0.036664719,0.034824704,0.043594283,0.094161642,0.081125542,0.011441798,0.037189806,0.064177046,0.057094697,0.066075183,0.056258171,0.047579516,0.029833537,0.072623216,0.043487058,0.050527193
138,0.061880735,0.053534142,0.044892124,0.041795412,0.050819204,0.018122962,0.038317764,0.07655317,0.043459756,0.049353739,0.051828982,0.05622611,0.046379215,0.045909407,0.024850954,0.089400097,0.050457027,0.052657689,0.059577179,0.043984331
139,0.046788563,0.036073324,0.034565263,0.045514096,0.061380566,0.048844722,0.032497922,0.050481052,0.039626262,0.030969064,0.049214559,0.052229478,0.050728694,0.038398004,0.079318003,0.077232772,0.0858848,0.055194364,0.046606413,0.038452079
140,0.041161669,0.067780971,0.043945242,0.033639214,0.064676781,0.06946353,0.075634427,0.062717073,0.020606274,0.015439352,0.029670005,0.096032999,0.046900751,0.054744644,0.040936188,0.07851377,0.036347998,0.049100783,0.034003829,0.038684502
141,0.066910829,0.009066771,0.06130835,0.042769333,0.073610145,0.014265583,0.036181261,0.066304972,0.028528392,0.042828411,0.045070988,0.145447518,0.043721942,0.060053047,0.044368505,0.037124705,0.052270764,0.06529495,0.039167826,0.025705708
142,0.047599431,0.014302873,0.036759079,0.027496444,0.03280412,0.025306715,0.028636721,0.253635996,0.036756441,0.026406586,0.087025639,0.029302819,0.014218118,0.02588758,0.04493783,0.038412537,0.022131607,0.082227902,0.062493538,0.063658024
151,0.053029177,0.020818641,0.033794872,0.035000633,0.043536388,0.062035572,0.052765939,0.036557676,0.077091477,0.054839715,0.055725503,0.04740847,0.019582885,0.037205745,0.057062789,0.075964509,0.026215437,0.058934141,0.075773963,0.07665647
152,0.044629036,0.047959291,0.058277938,0.052229659,0.037835051,0.081545142,0.05782165,0.030818709,0.149125554,0.035142366,0.040260535,0.069724197,0.021460167,0.029927679,0.031552161,0.041395536,0.044526862,0.041109463,0.030210996,0.054448008
153,0.046998858,0.017489263,0.036049715,0.101810143,0.066219259,0.020005826,0.039297625,0.041052997,0.129362865,0.046944016,0.041219666,0.037733196,0.015870461,0.103426632,0.019368493,0.04707634,0.050845401,0.036949987,0.066252167,0.03602709
154,0.03823722,0.05000545,0.05074287,0.026639663,0.115555511,0.051851211,0.014016168,0.14722123,0.026056435,0.080696092,0.046223214,0.016996892,0.020790927,0.037875722,0.034497937,0.040252829,0.034551537,0.060054191,0.048487482,0.059247418
155,0.06050578,0.025841219,0.027289658,0.02057598,0.065145975,0.018340989,0.036164838,0.080115766,0.113124272,0.074797772,0.053529681,0.015756852,0.017241449,0.036975146,0.057409818,0.018885827,0.093315113,0.080688076,0.04369591,0.060599881
156,0.048269386,0.032043321,0.068804926,0.048013151,0.040330912,0.041295639,0.020770722,0.08186575,0.06416109,0.032391532,0.042802078,0.187433351,0.030595834,0.037179585,0.024819862,0.041136345,0.035314634,0.048426882,0.034284888,0.040060111
157,0.030908411,0.180665765,0.114124956,0.051355464,0.043209092,0.046395631,0.006979792,0.01872299,0.039386099,0.025511463,0.064268077,0.036448369,0.031728518,0.050765622,0.044352365,0.078961874,0.025729476,0.016036235,0.034098769,0.060351034
158,0.066012145,0.040146973,0.011674168,0.022983389,0.076205472,0.031386158,0.02754356,0.049454391,0.03243575,0.035036472,0.051190059,0.038442298,0.065013845,0.013886717,0.032490082,0.178563577,0.130823056,0.035787537,0.027006686,0.033917666
159,0.072965296,0.049309075,0.055373315,0.027772128,0.0568818,0.024951416,0.042994291,0.021882968,0.047361052,0.033132146,0.068540076,0.049592625,0.03428097,0.06554238,0.025776367,0.033337219,0.022278419,0.031918386,0.040481206,0.195628868
160,0.018390101,0.027152607,0.042990074,0.0558619,0.050093566,0.010385143,0.071023439,0.06459564,0.104004051,0.06108624,0.111580772,0.077069345,0.019852746,0.038982186,0.03443948,0.030109842,0.048091016,0.03633543,0.047330044,0.050626376
161,0.043348509,0.024102932,0.027086355,0.043130966,0.038302914,0.03078524,0.033856777,0.157447037,0.016583148,0.093554455,0.075398149,0.023612127,0.031412772,0.046634084,0.017213312,0.02977798,0.052514109,0.138316688,0.046861064,0.030061381
162,0.025381712,0.020913091,0.063454758,0.06243978,0.038434255,0.015166197,0.018052282,0.054083224,0.044146988,0.04499267,0.080477993,0.03716004,0.040448673,0.093947268,0.043423785,0.058188449,0.079264121,0.047985882,0.111080599,0.020958233
163,0.087303452,0.02082152,0.029671459,0.013768757,0.031061988,0.14748992,0.049489319,0.023834547,0.036580812,0.03585634,0.040657113,0.043485761,0.047200893,0.047005552,0.016530286,0.105862083,0.103336584,0.041469791,0.021914769,0.056659054
164,0.087425733,0.061038027,0.019207246,0.086337843,0.071286068,0.017298993,0.023425229,0.055727144,0.025410956,0.03689474,0.057062482,0.01927488,0.081398855,0.03624044,0.010133,0.059895749,0.035899178,0.116037766,0.041156822,0.058848848
165,0.022255416,0.027963857,0.058433371,0.048334674,0.045794564,0.03628562,0.013577924,0.097299813,0.065313765,0.13444514,0.042727912,0.013971988,0.081137798,0.022195925,0.026771937,0.021588443,0.06997689,0.09989764,0.056315334,0.015711987
166,0.085226742,0.03224971,0.019761575,0.036997025,0.06123811,0.011585697,0.020810909,0.044158958,0.13052055,0.059941711,0.026262845,0.027137537,0.01925748,0.076286572,0.096962808,0.019998459,0.040614069,0.082387684,0.03110301,0.07749855
167,0.017532932,0.031470763,0.194618539,0.05365871,0.028483364,0.038236128,0.025050159,0.023752059,0.033107083,0.023046332,0.039800329,0.18820633,0.027774358,0.016163206,0.03372358,0.027045339,0.021176923,0.039275445,0.071957085,0.065921336
168,0.034158833,0.022164399,0.023689689,0.018379074,0.035037286,0.018388823,0.042952138,0.171803229,0.070715195,0.049246134,0.084465228,0.037125101,0.00656553,0.047127582,0.07060425,0.031660578,0.079467175,0.09880315,0.020495467,0.037151139
169,0.039453421,0.029056643,0.058384447,0.043835742,0.033480542,0.016612771,0.027076284,0.0953625,0.058884507,0.062567837,0.038539926,0.035833923,0.054277449,0.054808282,0.069512046,0.05016931,0.044596344,0.079796498,0.078012281,0.029739246
170,0.045568607,0.039396043,0.062490072,0.092369874,0.025494544,0.021376186,0.028410729,0.096605638,0.068130747,0.038253449,0.057278292,0.019413816,0.011320409,0.101547205,0.027621823,0.037345251,0.058137542,0.102972694,0.026737621,0.03952946
171,0.043076412,0.027198764,0.012772362,0.064688422,0.057813367,0.020923848,0.05147096,0.046657658,0.058075773,0.087582105,0.062430324,0.018326132,0.031922304,0.049183034,0.05463147,0.122291176,0.079453883,0.041537586,0.036974812,0.032989608
172,0.083962239,0.046853282,0.037323847,0.080464712,0.050899444,0.026176187,0.054212077,0.144508674,0.04171713,0.035039741,0.065851885,0.016468378,0.029510088,0.022707186,0.016198247,0.01527591,0.045215758,0.107194974,0.037861886,0.042558354
173,0.050700739,0.049529117,0.025496748,0.020855358,0.151777938,0.031559324,0.057673623,0.017772353,0.019570109,0.019640334,0.036977977,0.06508674,0.04286675,0.095163561,0.02738103,0.083396776,0.064778241,0.046054797,0.042501121,0.051217363
174,0.06420908,0.035132874,0.037478688,0.023960766,0.035657705,0.051385839,0.039813915,0.018663551,0.049635106,0.052176092,0.042575653,0.03237869,0.025651585,0.088814485,0.037885723,0.200735747,0.06887947,0.035206731,0.03259202,0.027166281
175,0.007476776,0.01186015,0.042812659,0.040243043,0.12306692,0.0265377,0.065596993,0.107443596,0.041779265,0.079215271,0.030513674,0.019513459,0.200261099,0.011843917,0.032639574,0.022848056,0.011380179,0.048906997,0.052726546,0.023334128
176,0.026652366,0.040620777,0.043901389,0.037590544,0.185561486,0.044314867,0.037685016,0.051736405,0.057661951,0.042090542,0.041403431,0.057425636,0.0331456,0.0208361,0.016304313,0.051961055,0.027502533,0.066444414,0.070207561,0.046954014
177,0.01148023,0.051353157,0.082489196,0.050811372,0.10062628,0.028692511,0.052129624,0.019217465,0.042106515,0.013828392,0.062821085,0.088242827,0.018205827,0.044895337,0.036557592,0.031449572,0.024813804,0.036549764,0.05879334,0.14493611
178,0.028760035,0.049746266,0.032516239,0.055004652,0.041496061,0.019488796,0.018595357,0.051725503,0.088870808,0.074600546,0.100688609,0.023938581,0.011209516,0.025542003,0.051691689,0.077649527,0.127003795,0.032355191,0.038782719,0.050334108
179,0.019337413,0.050470898,0.038886651,0.01868543,0.050954026,0.010866022,0.043887717,0.164886654,0.035927598,0.180055037,0.090699036,0.01743192,0.026866089,0.07258598,0.016202896,0.017674888,0.015738022,0.056944878,0.052748737,0.019150107
180,0.011006378,0.024055017,0.078485651,0.029801896,0.022407078,0.034844243,0.026560621,0.007793365,0.011198746,0.020207082,0.018461703,0.525799275,0.010309718,0.009742371,0.014774691,0.006475274,0.016736194,0.056470451,0.044222043,0.030648202
181,0.035048405,0.02884596,0.026727079,0.053348637,0.041866251,0.030758938,0.064411782,0.157716843,0.048166241,0.059301898,0.045260724,0.042919763,0.015131215,0.044768827,0.02780998,0.01065089,0.02561275,0.159033592,0.053229641,0.029390585
182,0.032093015,0.039461225,0.025319134,0.075431175,0.020466828,0.057376164,0.029542469,0.127421047,0.018960055,0.04752229,0.055879224,0.030617408,0.033222265,0.041853337,0.071579223,0.023685891,0.062006984,0.13847934,0.045637314,0.023445611
183,0.068677127,0.046898814,0.028595039,0.042536789,0.028514071,0.047367926,0.064513809,0.03254877,0.054554406,0.046126246,0.026965266,0.035517077,0.056570488,0.077205638,0.114390822,0.033361301,0.080780195,0.054338591,0.045651347,0.014886278
184,0.033523964,0.050896925,0.045560498,0.021877538,0.066647283,0.02206306,0.018227057,0.099021323,0.045715327,0.049772269,0.052337271,0.084514215,0.015893824,0.011224166,0.040452858,0.02539158,0.080122249,0.134973828,0.041502235,0.060282529
184a,0.033596908,0.038905097,0.020852121,0.222720599,0.034044274,0.040812909,0.036248402,0.021103434,0.098459317,0.027020035,0.031591068,0.027809723,0.02356286,0.06597977,0.109322513,0.035282002,0.031713937,0.02770749,0.029061732,0.044205807
184b,0.030839139,0.035402563,0.085377819,0.051137935,0.071912389,0.055204402,0.039917281,0.125868717,0.016910195,0.030445446,0.033690215,0.032403546,0.044538844,0.071036678,0.027166651,0.114633404,0.054309252,0.026306102,0.02474505,0.028154373
185,0.022459877,0.014918527,0.069868015,0.042697206,0.063388652,0.037400873,0.03552668,0.055578937,0.084249159,0.03273128,0.04156003,0.05812921,0.04891784,0.061331576,0.063887183,0.042708014,0.035167285,0.067207856,0.032390745,0.089881054
186,0.048049329,0.017188044,0.104239112,0.066143568,0.046328611,0.043891251,0.056625752,0.032567523,0.077466898,0.032086942,0.063603311,0.101371507,0.037318336,0.052918469,0.040255787,0.045759201,0.020691394,0.028758336,0.057726263,0.027010366
187,0.043353298,0.041484361,0.040499499,0.066887752,0.037603035,0.03354969,0.032241543,0.034585019,0.17513975,0.04616094,0.048761129,0.032877524,0.026875122,0.048408952,0.042096563,0.06632143,0.057308192,0.068713688,0.027724637,0.029407876
188,0.044061346,0.049077617,0.033690447,0.041254504,0.075890644,0.022678822,0.048064937,0.098248752,0.080367686,0.022978029,0.048682474,0.063115442,0.042746317,0.02046608,0.021178,0.06775261,0.074094783,0.033508219,0.050415267,0.061728026
189,0.03012836,0.037884507,0.044206171,0.0288649,0.047903038,0.044584338,0.031515221,0.061383522,0.140957765,0.026859128,0.062660118,0.058675013,0.034318126,0.057390608,0.058363044,0.096219449,0.057846168,0.01854004,0.031249126,0.030451359
190,0.043433176,0.01715289,0.023498157,0.035749356,0.041618944,0.040556203,0.089194184,0.03362705,0.031146054,0.021846469,0.034460013,0.161302004,0.041834148,0.017576929,0.165347346,0.054229832,0.039122051,0.025500981,0.012011579,0.070792634
190a,0.029775348,0.024545174,0.048014028,0.05626176,0.062183788,0.042470135,0.126836845,0.013828994,0.079936802,0.055653516,0.037921915,0.072510004,0.018522395,0.063966224,0.0340234,0.020916098,0.014668588,0.016143908,0.089024488,0.092796589
191,0.035419708,0.029600398,0.053003624,0.081388954,0.114207254,0.022030109,0.071982474,0.06511903,0.043899634,0.033187748,0.051881805,0.033993216,0.028614847,0.027616791,0.015229253,0.027295971,0.026188015,0.028767427,0.027776046,0.182797697
192,0.048337531,0.02241863,0.016545822,0.020996872,0.013437211,0.014134261,0.071822456,0.057528353,0.383441061,0.024473525,0.053639672,0.012168,0.009469347,0.009163447,0.067393648,0.012168141,0.039030534,0.045998318,0.040473717,0.037359451
193,0.025911414,0.039582883,0.040183256,0.023257861,0.130517995,0.037283616,0.059470969,0.079360781,0.026332931,0.152058069,0.053609204,0.017421454,0.025096114,0.035596159,0.044752228,0.03640611,0.031279141,0.067315978,0.042047644,0.032516194
194,0.078782469,0.006956592,0.029017779,0.028598456,0.05332253,0.020668625,0.064044482,0.073247736,0.05076612,0.041012297,0.053909986,0.072395119,0.015078951,0.103452889,0.05793756,0.062183592,0.065738789,0.049084328,0.03896977,0.034831929
195,0.05855834,0.031614992,0.080409744,0.055694424,0.062145701,0.081093314,0.067259688,0.020758611,0.083924637,0.017272194,0.047125849,0.099666109,0.015912841,0.031840468,0.055612376,0.071024433,0.03054235,0.011990055,0.024363487,0.053190388
196,0.047047878,0.137163211,0.060662045,0.040291735,0.089786788,0.015814793,0.040833716,0.033693923,0.031209168,0.044033833,0.04735249,0.021380024,0.03556761,0.051246485,0.015031558,0.021580017,0.017231805,0.036119564,0.044133714,0.169819644
197,0.028220917,0.037248618,0.03071443,0.029071111,0.053853768,0.039922153,0.048783814,0.047402745,0.083734573,0.011608535,0.058305684,0.19445723,0.019837997,0.060447573,0.023106348,0.045001504,0.037882052,0.054195855,0.043442327,0.052762767
198,0.0443088,0.076186409,0.05318748,0.066988036,0.017306427,0.015543738,0.074688845,0.090445438,0.024370095,0.020840493,0.037061052,0.044529991,0.015927917,0.044194205,0.052483851,0.07676633,0.129815287,0.057898097,0.03397143,0.023486079
199,0.049098968,0.045580628,0.013781882,0.016321311,0.03954157,0.024034758,0.04078419,0.035744462,0.042738733,0.047224098,0.047225722,0.027980781,0.030943785,0.050317674,0.024248198,0.138197033,0.246614537,0.02328841,0.024270074,0.032063186
200,0.057708874,0.029003683,0.046615464,0.074577531,0.027305561,0.007037071,0.050129232,0.03481827,0.026463005,0.02421991,0.074660403,0.00854544,0.014248124,0.094997716,0.047367184,0.062076591,0.186011593,0.048462212,0.046160685,0.039591451
