site,A,C,D,E,F,G,H,I,K,L,M,N,P,Q,R,S,T,V,W,Y
1,0.055958,0.0485077,0.050755400000000006,0.0473221,0.038219699999999995,0.0483345,0.0532703,0.00874612,0.0498534,0.0551769,0.0995841,0.052081600000000006,0.0488727,0.055335199999999994,0.055423599999999996,0.0493826,0.0356985,0.0484246,0.0463999,0.052653
2,0.7625569999999999,0.00540351,0.00418268,0.0355541,0.00699842,0.0145412,0.00336417,0.00469522,0.008264200000000001,0.0024831999999999996,0.0340444,0.00945991,0.0046812,0.00362769,0.00186414,0.0148293,0.0139517,0.054690300000000004,0.00891124,0.00589592
3,0.314223,0.0562952,0.00629642,0.00786828,0.08233639999999999,0.0283349,0.05567709999999999,0.045621800000000004,0.0272298,0.07046569999999999,0.0295111,0.021640700000000002,0.00986764,0.06866660000000001,0.00854226,0.08287169999999999,0.014599299999999999,0.00696874,0.0421099,0.0208736
4,0.030114099999999998,0.0421002,0.00107076,0.047944400000000005,0.0890051,0.00506188,0.0125492,0.0710674,0.00704504,0.0477668,0.05216319999999999,0.146899,0.00227524,0.026026,0.00174946,0.0727998,0.0298032,0.0514361,0.022702,0.240421
5,0.116627,0.033558199999999996,0.0182413,0.0184699,0.00492266,0.32942,0.00299254,0.00305307,0.019277799999999998,0.00100053,0.020726400000000002,0.00517801,0.0279885,0.00459509,0.246646,0.0476676,0.0470235,0.0131543,0.00984935,0.029606999999999998
6,0.0763061,0.00654141,0.00525621,0.00490627,0.0073435,0.00346247,0.00558919,0.0254952,0.0121635,0.002015,0.00901323,0.0254882,0.00224129,0.00465017,0.00433699,0.0122954,0.77193,0.002984,0.0117349,0.0062473
7,0.00362349,0.00876507,0.00371573,0.104256,0.00512862,0.00254445,0.00324306,0.0230005,0.649343,0.00338323,0.0106594,0.0896293,0.0018096,0.0164428,0.0268856,0.00307734,0.00954354,0.00339621,0.0120034,0.0195505
8,0.00506728,0.012421399999999999,0.00924049,0.00538279,0.00611852,0.0195155,0.00418861,0.00344876,0.00474641,0.0199243,0.00688642,0.011035799999999998,0.03155,0.0393444,0.7565930000000001,0.00510079,0.0148827,0.00487281,0.0335845,0.00609534
9,0.0366414,0.0239309,0.00520024,0.00617145,0.0337425,0.015278,0.00560244,0.128882,0.00216415,0.10134299999999999,0.0511885,0.145569,0.00815261,0.042716000000000004,0.0125509,0.30351300000000003,0.0422281,0.00655464,0.0133575,0.0152135
10,0.0134249,0.0187804,0.0270707,0.00641102,0.09241110000000001,0.0148179,0.175148,0.0616835,0.00684189,0.061095000000000003,0.0116791,0.119595,0.021978,0.0169377,0.00123704,0.019141599999999998,0.0446936,0.0696635,0.00322421,0.214166
11,0.00968284,0.0183435,0.0479423,0.347982,0.013312799999999998,0.184818,0.0242014,0.0433305,0.024680700000000003,0.0197693,0.0570616,0.0214067,0.011976700000000002,0.033776,0.00852826,0.00880205,0.013715100000000001,0.0797224,0.00644295,0.024504599999999998
12,0.09566480000000001,0.0263993,0.0917624,0.00389226,0.0285147,0.00231946,0.0740752,0.026007699999999998,0.0122733,0.0683694,0.020972400000000002,0.0659011,0.00784166,0.0728753,0.12972899999999998,0.15599000000000002,0.0330241,0.0350267,0.030741,0.0186202
13,0.00567003,0.0112805,0.00891625,0.0533056,0.0196704,0.013296200000000001,0.00559983,0.0265986,0.09135080000000001,0.0331437,0.601815,0.0094525,0.00618233,0.0116724,0.0203665,0.00852513,0.0188387,0.0276029,0.00806478,0.0186481
14,0.00914848,0.033677,0.206283,0.272379,0.0056449,0.0138535,0.012322,0.0134374,0.017305200000000003,0.294214,0.0139971,0.0169412,0.00468195,0.017819799999999997,0.0029338000000000003,0.0208329,0.00393178,0.025355700000000002,0.00775318,0.00748778
15,0.0160698,0.244281,0.00558493,0.0117324,0.0076429,0.00382197,0.11169000000000001,0.0407337,0.0036621,0.054643899999999995,0.0617769,0.0263644,0.0512889,0.00242505,0.00635022,0.0173104,0.262205,0.0499978,0.00999371,0.012424700000000002
16,0.00986691,0.06255930000000001,0.5184439999999999,0.053393499999999997,0.013606700000000001,0.0712914,0.022737599999999997,0.00645391,0.008705599999999999,0.0165548,0.07095510000000001,0.0317872,0.00423612,0.013102200000000001,0.00721941,0.00740975,0.0199383,0.027464799999999998,0.0115585,0.022715
17,0.021525700000000002,0.0904323,0.0104758,0.017011599999999998,0.007394100000000001,0.197199,0.00484977,0.0106326,0.018937799999999998,0.0124536,0.045199800000000005,0.27673000000000003,0.046604,0.07235180000000001,0.00656467,0.08255989999999999,0.0377497,0.0233338,0.016428400000000003,0.00156576
18,0.0763433,0.05273150000000001,0.09602150000000001,0.11230699999999999,0.06378819999999999,0.0124842,0.06182530000000001,0.128174,0.00901473,0.0279538,0.00880942,0.020840900000000002,0.0425382,0.039235,0.00599747,0.04615,0.061115800000000005,0.113006,0.0110337,0.0106299
19,0.0175277,0.0157067,0.00738241,0.016713099999999998,0.0863352,0.0076760000000000005,0.025228200000000003,0.00440087,0.0953918,0.0297577,0.010302500000000001,0.0173555,0.0410634,0.00708878,0.532197,0.019339099999999998,0.015576499999999998,0.0108074,0.0132106,0.0269399
20,0.010029799999999998,0.00344479,0.00355144,0.0117294,0.0104477,0.00249778,0.0195545,0.00855564,0.019167700000000003,0.0360351,0.0236809,0.0179416,0.42914399999999997,0.317261,0.052123800000000005,0.00722435,0.00705463,0.0101973,0.00728438,0.00307402
21,0.014409799999999999,0.251783,0.00749699,0.00156552,0.00354926,0.0237006,0.0122058,0.023809,0.0652247,0.013272299999999999,0.00752577,0.090602,0.0119906,0.0165415,0.027641100000000002,0.17516800000000002,0.20747100000000002,0.00992091,0.00748502,0.028637400000000004
22,0.143504,0.00422432,0.0035975,0.00649464,0.0130239,0.010515700000000001,0.0153779,0.0102,0.0662052,0.00898224,0.009503600000000001,0.00670675,0.019428099999999997,0.00564734,0.455742,0.0492904,0.0419604,0.11427999999999999,0.011495700000000001,0.0038207000000000002
23,0.0571062,0.0463945,0.00631402,0.0068513,0.00650638,0.0717939,0.187379,0.0376845,0.0193233,0.034005,0.055480999999999996,0.046991399999999996,0.0140101,0.0522139,0.0315087,0.112614,0.116356,0.05889880000000001,0.022075400000000002,0.0164925
24,0.027446299999999996,0.024081,0.09037080000000002,0.25259699999999996,0.0300774,0.0182774,0.011252700000000001,0.0759018,0.034451999999999997,0.0482822,0.038077,0.0102362,0.00416908,0.09547560000000001,0.07201389999999999,0.0246554,0.0734463,0.0356607,0.0253204,0.00820685
25,0.020093,0.011262399999999999,0.0187658,0.006776000000000001,0.026914799999999996,0.017496099999999997,0.011727799999999998,0.489371,0.0176549,0.022075400000000002,0.0262938,0.013479,0.141016,0.0117368,0.0460574,0.00918885,0.0449559,0.029321800000000002,0.0155054,0.0203074
26,0.0132249,0.0154941,0.012498700000000001,0.00577175,0.098423,0.0668188,0.0140859,0.040126,0.04132569999999999,0.0128107,0.028332999999999997,0.012422200000000001,0.0111941,0.0235695,0.518092,0.0268601,0.014206100000000001,0.00593179,0.013315899999999999,0.0254955
27,0.161063,0.00710806,0.00450605,0.0160234,0.059708699999999996,0.0334189,0.0915595,0.0234908,0.282063,0.016696400000000004,0.027440199999999998,0.033249,0.00302865,0.0442976,0.05687869999999999,0.017996599999999998,0.048765699999999995,0.0316782,0.00784487,0.033183300000000006
28,0.0138241,0.0470529,0.00254597,0.0455647,0.0208987,0.0727826,0.11953499999999999,0.00274597,0.16264,0.0103791,0.0242623,0.242087,0.00430432,0.0284407,0.0500514,0.11411500000000001,0.0115241,0.00732694,0.00520762,0.0147111
29,0.013037,0.0454832,0.0549614,0.00963048,0.036288,0.0142857,0.0162112,0.249705,0.00598174,0.0269825,0.031027199999999998,0.018656,0.015240100000000001,0.00384584,0.023259400000000003,0.0194576,0.0145622,0.356042,0.035637300000000004,0.00970614
30,0.057779,0.052686199999999996,0.0142324,0.0325438,0.0252372,0.46584200000000003,0.0283366,0.018440099999999997,0.025024599999999998,0.014709100000000001,0.0434365,0.030878199999999998,0.0100052,0.0450657,0.023791200000000002,0.0201095,0.0182781,0.029675599999999996,0.030572900000000004,0.013356299999999998
31,0.0161606,0.0119121,0.019739700000000002,0.0272495,0.015034100000000002,0.012991599999999999,0.060386199999999994,0.00979348,0.437507,0.0310621,0.044145800000000006,0.0554012,0.010081,0.031205,0.0837311,0.028045999999999998,0.0339522,0.0159015,0.0290068,0.026692900000000002
32,0.011918600000000001,0.036407,0.0301942,0.016527,0.0110441,0.0118857,0.034552,0.022833900000000004,0.0448094,0.026027800000000004,0.513087,0.070629,0.024375499999999998,0.0188183,0.0271274,0.00852077,0.0331323,0.0285851,0.0186532,0.010871700000000002
33,0.0592499,0.143098,0.0340063,0.0127505,0.0426125,0.0314275,0.010913299999999999,0.353074,0.0205427,0.015047999999999999,0.032692700000000005,0.0204183,0.0274866,0.00563727,0.0103214,0.015358600000000002,0.0529913,0.0585888,0.030819299999999997,0.0229637
34,0.07556239999999999,0.019197099999999998,0.11043599999999999,0.212366,0.0502528,0.027542200000000003,0.0244079,0.0860532,0.0451668,0.07267749999999999,0.040634699999999996,0.0409514,0.00513342,0.031875299999999995,0.0429533,0.045485199999999996,0.0189612,0.026448900000000004,0.0102848,0.013610200000000001
35,0.044159,0.0210077,0.0460274,0.0357907,0.0228244,0.338446,0.0647912,0.054940499999999996,0.037730099999999996,0.0269442,0.019495099999999998,0.10157200000000001,0.015730200000000003,0.0191149,0.029497500000000003,0.0507523,0.0219468,0.0196403,0.0139998,0.015590600000000001
36,0.0995435,0.0277475,0.0218993,0.0513555,0.038179000000000005,0.0151053,0.010098600000000001,0.37909699999999996,0.0221959,0.030158400000000002,0.0430292,0.0570271,0.015843700000000002,0.00973995,0.00863552,0.0163452,0.044808,0.043450199999999994,0.04429419999999999,0.0214466
37,0.054182100000000004,0.0370027,0.015315200000000001,0.0558827,0.033937,0.378578,0.0158772,0.031923400000000005,0.03547380000000001,0.0429801,0.027148000000000002,0.018134,0.0246961,0.020040799999999998,0.0470111,0.0183428,0.0275061,0.0444711,0.0417441,0.0297541
38,0.0342694,0.0456226,0.0125215,0.0250896,0.0275258,0.046079300000000004,0.0287658,0.112474,0.018414700000000003,0.0385375,0.0444173,0.043811199999999995,0.00463907,0.0400212,0.240387,0.0397709,0.09909580000000001,0.0351225,0.0438965,0.0195384
39,0.0179803,0.287379,0.0136072,0.00746168,0.200628,0.00353099,0.0091583,0.0205042,0.054659000000000006,0.0136167,0.168972,0.00935287,0.00783979,0.0380142,0.023373500000000002,0.014578200000000001,0.0228314,0.0194428,0.0400366,0.027033699999999997
40,0.0345745,0.0422977,0.016309399999999998,0.017496900000000003,0.062312099999999995,0.00574051,0.06334730000000001,0.00523596,0.00737777,0.0255792,0.024231,0.035722699999999996,0.0089263,0.0422974,0.0177148,0.0139591,0.0688849,0.0054251,0.0837125,0.41885500000000003
41,0.07074119999999999,0.0442626,0.029346800000000003,0.0222506,0.019493299999999998,0.05952819999999999,0.0105716,0.117954,0.00875997,0.096816,0.052785900000000004,0.0531477,0.027783699999999998,0.044519699999999995,0.0831982,0.0427825,0.10295399999999999,0.046967400000000006,0.0135108,0.052625599999999995
42,0.020428,0.00710783,0.028247700000000004,0.0394522,0.0409138,0.03287469999999999,0.0873892,0.0943275,0.027428300000000003,0.021219400000000003,0.028162299999999998,0.0106794,0.022147999999999998,0.377956,0.0387746,0.0178488,0.018240799999999998,0.0188563,0.019728,0.048217199999999995
43,0.0096787,0.0252542,0.00779219,0.100063,0.05463440000000001,0.057216499999999997,0.0182913,0.0361642,0.029870599999999997,0.0357541,0.315126,0.029498700000000003,0.00958433,0.019555700000000002,0.026257799999999998,0.0168084,0.0244315,0.10668299999999999,0.014343200000000002,0.0629924
44,0.0395661,0.0742044,0.00611112,0.0135011,0.014266,0.0336225,0.00550119,0.0126903,0.364619,0.027457799999999997,0.00773853,0.00756241,0.0204719,0.0114701,0.0215718,0.00736559,0.011814,0.258799,0.050444300000000004,0.0112229
45,0.0312154,0.00960465,0.052698,0.00821985,0.0344734,0.024287299999999998,0.0302558,0.045391,0.034265699999999996,0.0141655,0.0207697,0.0348624,0.0207268,0.0256688,0.0676553,0.0189302,0.28897399999999995,0.16559400000000002,0.0411404,0.0311014
46,0.041744300000000005,0.037136800000000005,0.053242,0.347306,0.0401434,0.0303045,0.057936400000000006,0.017565099999999997,0.031856999999999996,0.056214,0.0729568,0.00570762,0.0185736,0.029552999999999996,0.02447,0.014341,0.056151599999999996,0.012890899999999999,0.0448552,0.00705065
47,0.0295264,0.0464824,0.0378304,0.021039099999999998,0.051189099999999994,0.00789277,0.049130099999999996,0.0286002,0.0316821,0.22420900000000002,0.160749,0.0452969,0.0220699,0.03845730000000001,0.0162763,0.0315443,0.0489207,0.0442621,0.0373657,0.0274767
48,0.024327900000000003,0.024988200000000002,0.0992951,0.0110127,0.0166276,0.41591000000000006,0.0266767,0.0234774,0.0979676,0.0242285,0.0112616,0.0199392,0.0183354,0.037781,0.0251002,0.043806300000000006,0.037117800000000006,0.0107619,0.0139395,0.017444900000000003
49,0.0326805,0.016946,0.0567485,0.0350489,0.056707799999999996,0.0208005,0.0115787,0.113624,0.016697099999999996,0.339316,0.0257409,0.030286599999999997,0.026862,0.0370485,0.027636200000000003,0.0296557,0.036646899999999996,0.0318587,0.0329167,0.0211989
50,0.12026600000000001,0.0568271,0.0208284,0.0320502,0.00755421,0.169511,0.0595698,0.00572557,0.09991610000000001,0.00755779,0.0145196,0.0137684,0.10300999999999999,0.045251,0.032274000000000004,0.0782962,0.11682000000000001,0.011065,0.00209362,0.00309605
51,0.038055900000000004,0.0133429,0.08227330000000001,0.03058,0.028373400000000003,0.0424272,0.0205161,0.0285195,0.00812257,0.00972767,0.00301176,0.320157,0.054731100000000005,0.035426,0.033114099999999994,0.059514599999999994,0.062156399999999994,0.07063,0.022012599999999997,0.0373081
52,0.0340175,0.0288815,0.00714408,0.00875046,0.0312817,0.0235679,0.0229705,0.00997166,0.010581100000000001,0.00686919,0.207328,0.0260928,0.00369316,0.00315497,0.0175959,0.0240096,0.385629,0.0319512,0.0109986,0.105511
53,0.0260425,0.021940900000000003,0.0257363,0.45987,0.0342864,0.0364801,0.0105519,0.0598153,0.0424757,0.0246082,0.019540900000000003,0.0294165,0.0243583,0.021171099999999998,0.028443700000000002,0.0357587,0.0294745,0.0248893,0.00905903,0.036081199999999994
54,0.149349,0.017099200000000002,0.014461600000000002,0.014475,0.021878400000000003,0.25061500000000003,0.0703338,0.00533839,0.03814,0.012312,0.0114385,0.0116787,0.0217106,0.0846917,0.059372400000000006,0.0982102,0.0693073,0.019153599999999996,0.0240113,0.00642372
55,0.0458517,0.0237827,0.048581900000000004,0.0147713,0.0314915,0.0169587,0.14846099999999998,0.0201575,0.0415673,0.024395,0.039663,0.0260197,0.0135238,0.0458375,0.332422,0.0243857,0.0350902,0.026260500000000003,0.0126376,0.028141900000000004
56,0.049038099999999994,0.0286505,0.0453765,0.0167648,0.0300716,0.0211845,0.031501799999999996,0.100353,0.018075099999999997,0.332071,0.0431713,0.0341293,0.024531400000000002,0.027436900000000004,0.00853526,0.0302557,0.052526300000000005,0.0435152,0.0216325,0.0411789
57,0.016162799999999998,0.0132966,0.013389700000000003,0.00506807,0.0535682,0.0241323,0.0219058,0.29080100000000003,0.00761539,0.200955,0.019727900000000003,0.122101,0.043599,0.00495932,0.015206799999999998,0.0159274,0.0206414,0.0652987,0.0327787,0.0128651
58,0.033302899999999996,0.0320442,0.0165322,0.0194698,0.0394464,0.018534900000000003,0.022244099999999996,0.00624553,0.019984000000000002,0.0192358,0.0474499,0.0583957,0.0248247,0.510069,0.0232168,0.00680799,0.029547700000000003,0.0368357,0.0210277,0.014785399999999999
59,0.0172467,0.013214199999999999,0.0480252,0.021910699999999998,0.0384394,0.0248375,0.0334425,0.0124935,0.0194013,0.12153399999999999,0.030235500000000002,0.441242,0.00813898,0.0161108,0.046549,0.0143422,0.0340027,0.015245600000000002,0.0173011,0.026286700000000003
60,0.00786334,0.0389346,0.025017400000000002,0.00681032,0.021491800000000002,0.07259960000000001,0.0157721,0.033924300000000004,0.107875,0.0110274,0.026086599999999998,0.0242523,0.00705812,0.0163923,0.0147195,0.333596,0.109732,0.0201717,0.10222200000000001,0.00445315
61,0.00513858,0.0860515,0.00206512,0.128328,0.0887113,0.00766931,0.030620299999999996,0.0410311,0.017486599999999998,0.129297,0.00881385,0.0267118,0.00558686,0.00780135,0.00425605,0.0127947,0.016471,0.262414,0.0105683,0.10818399999999999
62,0.09859789999999999,0.0635413,0.00553073,0.0184652,0.019733,0.015944,0.0239361,0.0164693,0.0125022,0.011402899999999999,0.0197084,0.0525544,0.015252000000000002,0.014746100000000002,0.019052,0.309678,0.24977600000000003,0.0177747,0.012569499999999999,0.00276557
63,0.00618055,0.07160760000000001,0.510297,0.00730239,0.00774337,0.0065271999999999995,0.015648,0.140638,0.015234000000000001,0.0368928,0.0475875,0.00195824,0.00788955,0.0119176,0.00592452,0.00935014,0.0120094,0.0297575,0.0110385,0.0444964
64,0.0123116,0.0647614,0.039991399999999996,0.400501,0.010368899999999999,0.0303796,0.0156479,0.0246367,0.0337029,0.0239877,0.0185104,0.0187539,0.0457998,0.0429667,0.029293400000000004,0.0488218,0.026028500000000003,0.0612264,0.0183475,0.033962400000000004
65,0.022131099999999997,0.049181199999999994,0.0579097,0.0195107,0.0332815,0.041292,0.0154355,0.0206292,0.06631360000000001,0.00750374,0.0705309,0.0454925,0.015221100000000001,0.0123953,0.410204,0.044483499999999995,0.017024099999999997,0.022122,0.00938842,0.0199501
66,0.010345100000000001,0.041123400000000004,0.0359351,0.0588596,0.0157673,0.0527342,0.017066,0.030289599999999996,0.045949300000000005,0.0390913,0.31262199999999996,0.0210692,0.0180643,0.021250599999999998,0.101604,0.0212851,0.0368875,0.05643290000000001,0.032269,0.0313543
67,0.05999730000000001,0.022443,0.0269822,0.0482088,0.04049559999999999,0.16023800000000002,0.020282599999999998,0.0137351,0.0405163,0.023712999999999998,0.052689,0.0436321,0.006897800000000001,0.0168737,0.00674825,0.0634313,0.03546319999999999,0.24593,0.053649199999999994,0.018073699999999998
68,0.053271900000000004,0.0229493,0.014508799999999999,0.012498899999999999,0.0574975,0.10853099999999999,0.0179669,0.042393400000000005,0.0113493,0.295369,0.0359402,0.024124400000000004,0.042348199999999996,0.0243605,0.0373777,0.044090199999999996,0.06829500000000001,0.029167200000000004,0.0296073,0.0283534
69,0.0981923,0.016877700000000002,0.00875197,0.0170108,0.030017400000000003,0.14035699999999998,0.0263575,0.029971299999999996,0.00957729,0.0156304,0.0154849,0.0760572,0.0149974,0.0355908,0.0134097,0.368,0.0128694,0.00629598,0.029836099999999997,0.034714999999999996
70,0.36936199999999997,0.0791908,0.0251122,0.06227080000000001,0.0127045,0.029294499999999998,0.0110256,0.033908999999999995,0.014906899999999999,0.012512100000000002,0.00997747,0.0139345,0.00787114,0.0140517,0.016110299999999998,0.0676843,0.111898,0.0325545,0.0648838,0.010745999999999999
71,0.0352358,0.0379906,0.00654536,0.0196206,0.262906,0.0222655,0.0494217,0.030188299999999998,0.0252245,0.0423654,0.0864062,0.00513828,0.00545495,0.028507499999999998,0.035291,0.0249015,0.0156225,0.010637299999999999,0.181884,0.074393
72,0.0150793,0.0220942,0.518167,0.0488123,0.01381,0.06604639999999999,0.025679200000000003,0.011060299999999999,0.010802899999999999,0.020371200000000003,0.0252931,0.027532400000000002,0.030245799999999996,0.013212,0.020438099999999997,0.0153648,0.00837887,0.0208325,0.026881,0.05989830000000001
73,0.048519099999999996,0.060242399999999995,0.0119691,0.06684789999999999,0.038970099999999994,0.028014499999999998,0.0601827,0.0984618,0.0223755,0.0819625,0.00656075,0.030023900000000003,0.00115693,0.0473296,0.0423479,0.115415,0.122302,0.0376883,0.0190671,0.060562599999999994
74,0.0647908,0.0223419,0.00912362,0.043438199999999996,0.027996800000000002,0.0183889,0.0816931,0.0204991,0.08908869999999999,0.0315019,0.011925,0.0427467,0.0657091,0.00854294,0.298187,0.08297210000000001,0.028079200000000002,0.0159815,0.0211078,0.0158861
75,0.013748,0.00817684,0.0261165,0.0241463,0.00786652,0.012878899999999999,0.0393417,0.197798,0.048769099999999996,0.0125475,0.0193968,0.0377228,0.013870799999999999,0.022797900000000003,0.376798,0.0383315,0.0129857,0.0285,0.0459253,0.0122812
76,0.0467007,0.00720994,0.0543813,0.0598296,0.00540581,0.0194483,0.023411900000000003,0.07703560000000001,0.029559199999999997,0.0345129,0.031713099999999994,0.122527,0.00220542,0.023804099999999998,0.024315200000000002,0.022355299999999998,0.0266315,0.07400230000000001,0.290022,0.024928799999999997
77,0.028291000000000004,0.0461959,0.015228799999999999,0.012623200000000001,0.014893799999999999,0.065549,0.146379,0.07237239999999999,0.04894,0.100853,0.0168642,0.0181746,0.000801675,0.019243,0.21016300000000002,0.0353466,0.0100569,0.126855,0.00304088,0.00812897
78,0.0166606,0.039029400000000006,0.026600299999999997,0.00528325,0.016667500000000002,0.0152422,0.395314,0.00651646,0.00870555,0.00748875,0.00466303,0.0178686,0.00552842,0.00380981,0.011334299999999999,0.00675864,0.0164882,0.0202289,0.183194,0.192618
79,0.014459799999999998,0.028910900000000003,0.011880799999999999,0.024527,0.0263955,0.0279444,0.028318299999999998,0.069819,0.0106045,0.457247,0.0296714,0.020486400000000002,0.0150295,0.0693938,0.018135599999999998,0.017812599999999998,0.0344446,0.028803,0.0140138,0.052101800000000004
80,0.022960400000000002,0.174488,0.035417000000000004,0.147483,0.0411727,0.109102,0.0273995,0.11322,0.0217483,0.00989681,0.0122795,0.019236700000000002,0.00247542,0.0759492,0.00449797,0.054354099999999995,0.0361417,0.058785699999999996,0.00948866,0.0239025
81,0.0194488,0.0469276,0.0664832,0.17549700000000001,0.07806339999999999,0.0839872,0.0485806,0.0462399,0.0159706,0.0215277,0.013351400000000001,0.0289569,0.00375587,0.037449,0.016456799999999997,0.0160952,0.023466099999999997,0.143025,0.0372667,0.0774508
82,0.038264599999999996,0.151724,0.00268,0.00905141,0.134599,0.00483889,0.0488969,0.011828700000000001,0.0350631,0.0119646,0.0202622,0.0217761,0.00245155,0.110176,0.0489039,0.052699199999999995,0.0386636,0.0129645,0.0447605,0.198431
83,0.0688513,0.0939611,0.011520299999999999,0.0635927,0.00515993,0.132117,0.044262699999999995,0.021193599999999996,0.0120756,0.013673099999999999,0.0355676,0.116995,0.10776400000000001,0.0293409,0.0500774,0.07216710000000001,0.0587258,0.0175546,0.00753454,0.037865499999999996
84,0.08332919999999999,0.05278240000000001,0.00395624,0.000879674,0.00490304,0.0894678,0.05840890000000001,0.12441300000000001,0.014783600000000001,0.10379100000000001,0.0589268,0.146024,0.0194288,0.05508919999999999,0.00876107,0.0630957,0.0176918,0.023290599999999998,0.0516495,0.0193273
85,0.0725096,0.00566598,0.00701939,0.00569452,0.0102174,0.061614499999999996,0.0953323,0.05820419999999999,0.092896,0.059422699999999995,0.00348812,0.0103551,0.0846596,0.0292072,0.020762,0.028622900000000003,0.036662400000000005,0.167225,0.00496184,0.145479
86,0.0196864,0.00449694,0.0233965,0.00671115,0.08960239999999998,0.046676,0.260313,0.00210469,0.172246,0.07600230000000001,0.0783426,0.040149800000000006,0.0102387,0.0429819,0.03552430000000001,0.029243599999999998,0.039623900000000004,0.00340281,0.00641765,0.012839099999999999
87,0.00914134,0.055896100000000004,0.00989483,0.045449699999999996,0.00920616,0.0114722,0.00629716,0.0152703,0.605572,0.013450100000000001,0.0496824,0.027597700000000003,0.013837,0.0175517,0.031463599999999994,0.0137968,0.015729399999999998,0.00685328,0.031209399999999998,0.0106284
88,0.00471908,0.19378,0.07702010000000001,0.00599393,0.0059911999999999995,0.00613299,0.018537400000000002,0.00103542,0.019836700000000002,0.00418028,0.00781162,0.6143569999999999,0.00241389,0.0051493,0.00340325,0.011006700000000001,0.00213773,0.00481205,0.00442068,0.0072609
89,0.23713299999999998,0.0924071,0.016996900000000002,0.013466299999999999,0.13430699999999998,0.0456882,0.0242818,0.0143909,0.020391,0.00523015,0.0179673,0.00414492,0.130684,0.0156273,0.014106700000000002,0.052582000000000004,0.00890837,0.019029499999999998,0.07209249999999999,0.0605658
90,0.0452065,0.0157137,0.0114105,0.0665214,0.00799908,0.115004,0.12301300000000001,0.011515899999999999,0.138417,0.0192343,0.0434636,0.06053150000000001,0.00341831,0.0377469,0.0700978,0.0236141,0.13889,0.0176991,0.031559500000000004,0.018943599999999998
91,0.00108463,0.0132406,0.0174492,0.0385008,0.0226201,0.00623833,0.0106308,0.00659136,0.272036,0.011328200000000002,0.07470539999999999,0.0160226,0.019804,0.00747834,0.451008,0.00818591,0.00329694,0.00954318,0.00717925,0.00305638
92,0.058569399999999994,0.0315558,0.0620419,0.0121941,0.013326900000000001,0.0313241,0.0112995,0.0241367,0.0161688,0.013790799999999999,0.044893999999999996,0.026731,0.0195743,0.032782599999999995,0.0448674,0.0224769,0.47797700000000004,0.0153126,0.0274427,0.013533100000000001
93,0.0301553,0.00854949,0.025066099999999997,0.040426,0.0111049,0.474524,0.00541882,0.0111884,0.0482321,0.016411000000000002,0.0408613,0.0189205,0.056481500000000004,0.06826789999999999,0.0337794,0.019999700000000002,0.0125301,0.0227592,0.024162799999999998,0.0311613
94,0.023824599999999998,0.0197466,0.0376041,0.033724800000000006,0.052836400000000006,0.48913599999999996,0.0272928,0.021965799999999997,0.0221313,0.00956251,0.0327804,0.0381732,0.0160211,0.0173833,0.0358199,0.0178321,0.022298,0.0415794,0.020781099999999997,0.019507
95,0.261442,0.025935700000000003,0.00769167,0.300335,0.011856799999999999,0.00314465,0.0155474,0.013435299999999997,0.00662931,0.0105259,0.07690069999999999,0.00799096,0.111408,0.0296257,0.032324200000000004,0.0415036,0.009718000000000001,0.0114419,0.0188428,0.0037004
96,0.010908,0.0460647,0.0162078,0.0134796,0.013957299999999997,0.022852200000000003,0.0135399,0.21548,0.046764099999999996,0.126684,0.0475908,0.023124000000000002,0.00669708,0.00400982,0.0101873,0.0210903,0.0134661,0.33116100000000004,0.00977991,0.00695579
97,0.00931871,0.04311330000000001,0.036575699999999996,0.030296499999999997,0.12692,0.00854017,0.035797300000000004,0.018518200000000002,0.05070669999999999,0.00959299,0.0173809,0.029288099999999997,0.0105527,0.013002799999999998,0.0417548,0.013552799999999999,0.0235745,0.0244056,0.0373426,0.41976499999999994
98,0.0158393,0.00939813,0.00351488,0.0344282,0.029291900000000003,0.00425637,0.0956669,0.0498732,0.19131900000000002,0.032305400000000005,0.250819,0.014227600000000002,0.00765665,0.012366799999999999,0.146311,0.012915200000000002,0.026262200000000003,0.039828300000000004,0.012280899999999999,0.0114385
99,0.0585052,0.0258601,0.00938443,0.00983692,0.011119200000000001,0.0562966,0.045865699999999995,0.033049199999999994,0.040673400000000005,0.022066299999999997,0.035109800000000004,0.0963893,0.00352713,0.016893599999999998,0.412679,0.058639800000000006,0.0192332,0.018334700000000002,0.0157932,0.010743299999999999
100,0.0272378,0.0661295,0.0123299,0.11396400000000001,0.10999600000000001,0.0951629,0.036918,0.035363900000000004,0.003029,0.0204232,0.020547799999999998,0.0276242,0.019247900000000002,0.0447665,0.062165099999999994,0.029838599999999996,0.110732,0.0439267,0.00347376,0.117123
101,0.10571199999999999,0.0179534,0.2335,0.034786000000000004,0.017172299999999998,0.061497199999999995,0.0245261,0.026020599999999994,0.0307557,0.015569,0.0814831,0.033729699999999994,0.0505429,0.07561380000000001,0.00977358,0.0447015,0.042127099999999994,0.0579045,0.012521700000000002,0.0241093
102,0.0461629,0.014497,0.037117000000000004,0.00890175,0.063542,0.0957329,0.173535,0.027690199999999998,0.043707300000000004,0.0773865,0.031000599999999996,0.0167418,0.025791700000000004,0.00631748,0.201451,0.0198079,0.0343513,0.0152654,0.012744,0.0482555
103,0.049132300000000004,0.126076,0.0568807,0.055260699999999996,0.00355787,0.0587294,0.00513758,0.035568699999999995,0.10372100000000001,0.043257,0.05137630000000001,0.0225731,0.00198536,0.008928799999999999,0.146732,0.028360400000000004,0.061195900000000004,0.12682100000000002,0.00864901,0.006056300000000001
104,0.0291031,0.14824,0.00625731,0.013160499999999999,0.0539642,0.0164313,0.0237591,0.023717099999999998,0.0306988,0.0161796,0.038262199999999996,0.0487446,0.0130023,0.05335650000000001,0.054301800000000004,0.011020100000000001,0.00739558,0.0105366,0.37103400000000003,0.030834800000000002
105,0.14291800000000002,0.00266009,0.00312203,0.055879399999999996,0.13316,0.0984012,0.0318804,0.0375644,0.0551626,0.0869737,0.0881805,0.025708099999999998,0.00187121,0.021861000000000002,0.0357288,0.025813599999999996,0.0659552,0.0444539,0.0159768,0.026728500000000002
106,0.0171717,0.0139095,0.022402500000000002,0.010567700000000001,0.029683799999999996,0.0487286,0.0740546,0.0124646,0.038211800000000004,0.00902765,0.023365900000000002,0.0953913,0.0310454,0.0549961,0.372343,0.0429127,0.013752,0.0195238,0.035055699999999995,0.0353912
107,0.06333580000000001,0.019688099999999997,0.0499476,0.29046,0.0235169,0.025678700000000002,0.0814692,0.046358800000000006,0.0235511,0.00869942,0.037605400000000004,0.10669200000000001,0.00912429,0.03906130000000001,0.011935,0.06763569999999999,0.00833968,0.0415751,0.025487299999999997,0.019838400000000003
108,0.010992,0.0286697,0.05443340000000001,0.0492529,0.0225697,0.0489465,0.0227711,0.0442463,0.011486,0.2573,0.0338452,0.012307799999999999,0.079933,0.0527703,0.0416827,0.0538304,0.11196600000000001,0.037574699999999996,0.012748,0.0126742
109,0.138971,0.021256900000000002,0.0518802,0.0120571,0.032663,0.0234785,0.013701,0.0492877,0.026971699999999998,0.0197695,0.048825099999999996,0.0219014,0.029315499999999998,0.083177,0.026965,0.0332214,0.12486099999999999,0.195167,0.0241451,0.022384400000000002
110,0.00511672,0.024119400000000003,0.0198749,0.014105700000000002,0.0496707,0.00766725,0.025468599999999997,0.0317219,0.07631489999999999,0.359309,0.0378676,0.021416400000000002,0.016132,0.00703562,0.0455167,0.013110499999999999,0.0953404,0.111765,0.0318912,0.00655618
111,0.00188734,0.0227408,0.0269755,0.0174611,0.181386,0.00321257,0.029717900000000002,0.222892,0.00949161,0.052780499999999994,0.013108400000000001,0.014331799999999999,0.00350874,0.0324736,0.00331245,0.047749599999999996,0.060327099999999995,0.147261,0.032842199999999995,0.0765393
112,0.05302080000000001,0.024213099999999998,0.258394,0.028675599999999996,0.0118805,0.0521763,0.07933660000000001,0.0175807,0.0106341,0.0200544,0.0365316,0.0431283,0.030706599999999997,0.07430930000000001,0.062381500000000006,0.0470471,0.015283700000000002,0.036839,0.0703855,0.027421800000000003
113,0.0109306,0.021858900000000004,0.02015,0.038925,0.00976848,0.0123426,0.059294900000000005,0.0419898,0.551233,0.0115918,0.0187007,0.0243235,0.024830099999999997,0.0218184,0.030575799999999997,0.033768,0.020393900000000003,0.0112536,0.0286217,0.00762924
114,0.0438871,0.0241773,0.055839,0.13065,0.125697,0.0202739,0.00598181,0.012463799999999999,0.0625476,0.0904955,0.146649,0.09453049999999999,0.00320503,0.045435500000000004,0.0195024,0.0287653,0.006930199999999999,0.00782806,0.0319889,0.043151999999999996
115,0.0129357,0.011752799999999999,0.059318499999999996,0.333432,0.0150329,0.136709,0.0706567,0.00762141,0.028777099999999996,0.00454525,0.020223500000000002,0.040764800000000004,0.00876486,0.0317582,0.0131994,0.120092,0.013032,0.0253966,0.032688,0.0132995
116,0.00318695,0.05146130000000001,0.0230567,0.039645599999999996,0.015498699999999999,0.0348912,0.0046632,0.275192,0.0307575,0.0832833,0.0190487,0.02242,0.0258113,0.0547725,0.00775331,0.0144705,0.018529900000000002,0.243592,0.0139479,0.018016900000000002
117,0.0326718,0.0311385,0.00468708,0.018884099999999997,0.0202315,0.061574000000000004,0.0146173,0.0465902,0.026416000000000002,0.09263500000000001,0.0190778,0.0107796,0.0103777,0.29782600000000004,0.165523,0.0112488,0.0128934,0.069884,0.0468352,0.0061086000000000005
118,0.034181300000000005,0.218625,0.00286425,0.0169576,0.0198273,0.0236263,0.0132101,0.0951115,0.164915,0.016186700000000002,0.03077,0.0463339,0.014328,0.0373552,0.208564,0.00889261,0.0180574,0.0083899,0.0113226,0.010481
119,0.12334200000000001,0.393317,0.012174700000000002,0.0378346,0.05319730000000001,0.0400274,0.0147905,0.095229,0.0167875,0.0245547,0.015430600000000001,0.05390219999999999,0.00432792,0.011129799999999999,0.00702144,0.00718569,0.011577200000000001,0.0516443,0.0124791,0.0140465
120,0.0650584,0.029316700000000005,0.0321832,0.0126178,0.035900800000000004,0.0237944,0.031506400000000004,0.026771499999999997,0.0158499,0.0359325,0.0332844,0.0315182,0.0247648,0.024208,0.0485718,0.0167971,0.00701895,0.0180285,0.4003,0.0865771
121,0.102252,0.032549299999999996,0.0247743,0.026861000000000003,0.0622597,0.0257664,0.045723400000000004,0.0328857,0.11239,0.0532664,0.0328723,0.00278312,0.00452269,0.0630819,0.201046,0.0162868,0.00577237,0.074647,0.0516321,0.028627
122,0.029851799999999998,0.16233,0.0216576,0.013181,0.012731399999999999,0.0224074,0.0980796,0.0456323,0.00971403,0.0662674,0.0210611,0.00400728,0.00151099,0.0932543,0.0171021,0.015287299999999998,0.07054869999999999,0.286004,0.004516399999999999,0.00485508
123,0.259029,0.032581200000000005,0.031236700000000003,0.041208,0.0180566,0.133466,0.0244582,0.016041999999999997,0.020603599999999996,0.0399401,0.039950599999999996,0.00407187,0.00573247,0.00836999,0.0340983,0.18407300000000001,0.0198726,0.046680900000000004,0.023034,0.0174944
124,0.013766,0.0975937,0.054949,0.0598683,0.010275200000000002,0.00637007,0.05589159999999999,0.032949599999999996,0.042739400000000004,0.0202797,0.0224851,0.28676399999999996,0.0160141,0.106504,0.0244501,0.0535651,0.0147922,0.0343022,0.017739599999999998,0.028701499999999998
125,0.0162098,0.09633,0.0119676,0.07960160000000001,0.0225667,0.05411080000000001,0.042770800000000005,0.004456,0.0344749,0.0776735,0.10906400000000001,0.0962463,0.028338099999999998,0.0313713,0.09092560000000001,0.0437269,0.06734689999999999,0.00623708,0.0416278,0.0449545
126,0.0515995,0.029542900000000004,0.0224428,0.07534450000000001,0.0209366,0.141453,0.0312682,0.042315,0.06898510000000001,0.160129,0.0151358,0.0178275,0.013928200000000002,0.131054,0.049754,0.0513555,0.024181099999999997,0.0185484,0.00387327,0.030326099999999998
127,0.0767069,0.0313483,0.0736033,0.0646613,0.00586891,0.0454467,0.00818667,0.0387027,0.028013599999999996,0.0691377,0.00568307,0.049779000000000004,0.00858546,0.0868519,0.050770499999999996,0.049070499999999996,0.0553131,0.219796,0.0222056,0.010269
128,0.0870095,0.0528375,0.0408048,0.0597197,0.0646429,0.0874905,0.012144499999999999,0.00375439,0.0473405,0.0383245,0.00874113,0.16985799999999998,0.027394799999999997,0.0154596,0.0333166,0.131673,0.0614682,0.0313568,0.00353687,0.023126400000000002
129,0.177144,0.020999599999999997,0.0109911,0.017063099999999998,0.021851699999999998,0.0637908,0.05481130000000001,0.0222653,0.044481900000000005,0.015318799999999999,0.060251,0.032646299999999996,0.012957,0.0389458,0.09866660000000001,0.146646,0.050611500000000004,0.0912418,0.0104919,0.00882447
130,0.08468889999999998,0.0184234,0.0052075,0.00373332,0.00974839,0.00808761,0.071748,0.0172403,0.0570289,0.0763549,0.117629,0.028229900000000002,0.0465779,0.143058,0.044110199999999995,0.0267161,0.10392799999999999,0.118672,0.00950272,0.0093154
131,0.16603800000000002,0.00710179,0.014411600000000002,0.00699864,0.0185849,0.0110479,0.144973,0.044132300000000006,0.00683973,0.00300535,0.015463,0.0287494,0.280982,0.00818222,0.00917162,0.147473,0.025090099999999997,0.047419699999999995,0.0085822,0.00575349
132,0.0719176,0.0293446,0.0433925,0.030777699999999998,0.010799799999999998,0.43915,0.0269796,0.00757949,0.012440399999999999,0.0289622,0.0210453,0.03514930000000001,0.00824614,0.0122012,0.025694400000000003,0.0398555,0.0282825,0.0225828,0.0693016,0.036297300000000005
133,0.014743200000000001,0.029655,0.0267557,0.031675,0.0141868,0.012424700000000002,0.027731799999999997,0.222086,0.0205882,0.324391,0.0364588,0.00992663,0.0123564,0.029333099999999997,0.05672050000000001,0.019276400000000003,0.0119902,0.033174300000000004,0.0476872,0.018839099999999998
134,0.0822587,0.0803047,0.0110971,0.00636539,0.0166647,0.013850399999999999,0.00759701,0.0199875,0.0181332,0.0106443,0.0271251,0.030273500000000002,0.0120465,0.0127975,0.0158369,0.221698,0.29228899999999997,0.0742747,0.019559299999999998,0.0271965
135,0.0320468,0.00896758,0.047292,0.0209822,0.0317702,0.00999502,0.44499099999999997,0.020112599999999998,0.0155648,0.016616099999999998,0.013022,0.036270800000000006,0.0179804,0.0249072,0.0793123,0.030594299999999998,0.0136281,0.0355165,0.056224199999999995,0.044206300000000004
136,0.00801378,0.0240705,0.0089725,0.01372,0.134225,0.022669599999999998,0.00170673,0.110553,0.0160467,0.22175300000000003,0.197687,0.0177868,0.021276,0.00916238,0.010143700000000002,0.00359235,0.0191556,0.129433,0.018064700000000003,0.011967100000000001
137,0.021793299999999998,0.046638,0.0268992,0.11444800000000001,0.0133428,0.00940571,0.0159749,0.0237923,0.0322938,0.0330655,0.401706,0.054872500000000005,0.0209429,0.015392500000000002,0.018865599999999996,0.00786356,0.028221,0.0654164,0.0324624,0.016603200000000002
138,0.0194488,0.00942875,0.0204551,0.0204481,0.0506153,0.0159545,0.00929074,0.408761,0.034448,0.099469,0.050484100000000004,0.027001,0.028064999999999996,0.0193328,0.00763275,0.0213629,0.0493598,0.07347100000000001,0.0237597,0.0112118
139,0.0134953,0.036125199999999996,0.0347209,0.0168284,0.0698785,0.026722199999999998,0.029328800000000002,0.0220319,0.0119994,0.0257343,0.015052700000000002,0.0235521,0.0144096,0.0440918,0.0174864,0.0387102,0.0158518,0.0661456,0.459129,0.0187055
140,0.00456812,0.012626799999999999,0.048566500000000005,0.041248900000000005,0.048523800000000006,0.0719234,0.335712,0.017707900000000002,0.0353106,0.0413881,0.020697999999999998,0.031592,0.029440800000000003,0.0363928,0.0481409,0.0423292,0.037165,0.0121337,0.054751,0.0297803
141,0.143241,0.04162,0.113015,0.024176,0.039689800000000004,0.0934238,0.0219416,0.014601499999999998,0.00890841,0.029550299999999998,0.036048199999999996,0.012619499999999999,0.0431022,0.0108568,0.00961942,0.255877,0.0301538,0.0248769,0.0254143,0.021265
142,0.0811028,0.0670234,0.0477073,0.0280277,0.0216085,0.022190900000000003,0.0395571,0.06469019999999999,0.047122199999999996,0.00704328,0.0253708,0.400473,0.027494400000000002,0.013237299999999999,0.00397172,0.020069099999999996,0.012991299999999999,0.00956914,0.0270137,0.033735900000000006
143,0.024675,0.0110495,0.0311316,0.056665599999999997,0.0250706,0.0463875,0.0902018,0.016262600000000002,0.0295231,0.394829,0.050117699999999994,0.019018599999999997,0.00858196,0.021403,0.0200852,0.0248395,0.038158199999999996,0.0388031,0.0456229,0.00757295
144,0.0624611,0.0485074,0.0244622,0.014346600000000001,0.013115700000000001,0.0342236,0.030584899999999998,0.07206019999999999,0.019006400000000003,0.0525294,0.010272,0.367749,0.0089836,0.016662700000000003,0.018821200000000003,0.035308,0.0340699,0.08881549999999999,0.00980622,0.038214099999999994
145,0.057785800000000005,0.0206171,0.496803,0.0488077,0.0153607,0.05325459999999999,0.0294702,0.012252500000000001,0.0100557,0.015448500000000002,0.0323196,0.0371977,0.00887295,0.0130738,0.00646813,0.009521,0.00694895,0.0353129,0.0426478,0.0477816
146,0.048846600000000004,0.035477999999999996,0.0411033,0.023899200000000002,0.030918400000000002,0.00323595,0.0147626,0.0394624,0.0185104,0.011628399999999999,0.018337799999999998,0.00976477,0.0210996,0.0331022,0.0114011,0.337758,0.22287600000000002,0.014996,0.011054799999999998,0.0517647
147,0.0303485,0.010208,0.0401714,0.0446608,0.0135586,0.0567286,0.0387446,0.054613,0.031597,0.015289500000000001,0.035015199999999996,0.0261284,0.033380099999999996,0.0153214,0.017174099999999998,0.0966102,0.34689899999999996,0.051458500000000004,0.020756200000000002,0.021337099999999998
148,0.0298524,0.0476705,0.0178871,0.0174769,0.044337800000000004,0.0139708,0.0299394,0.0406598,0.0325753,0.00736601,0.041407400000000004,0.0528881,0.014402799999999999,0.0105597,0.00675632,0.0169407,0.0200416,0.00771714,0.00913787,0.538412
149,0.0206241,0.0214748,0.018007299999999997,0.0297346,0.0208469,0.00911655,0.032912800000000006,0.0169162,0.0533169,0.038052499999999996,0.0560413,0.0213101,0.019357,0.47347799999999995,0.016933700000000003,0.0680038,0.0159068,0.032672700000000006,0.0182816,0.0170121
