,0,1,2,3,4,5,6,7,8,9,10,11,12,13,14,15,16,17,18,19,20
0,0.02393463819330833,0.3362981558316739,0.038434074952191304,0.02882555621414348,0.048042593690239124,0.08407453895791847,0.012010648422559781,0.016014197896746376,0.024021296845119562,0.0720638905353587,0.024021296845119562,0.048042593690239124,0.008007098948373188,0.024021296845119562,0.012010648422559781,0.008007098948373188,0.012010648422559781,0.03603194526767935,0.09608518738047825,0.024021296845119562,0.024021296845119562
1,0.019482649891850373,0.24839772869406457,0.05883104100648897,0.016341955835135827,0.009805173501081496,0.05883104100648897,0.039220694004325984,0.11766208201297797,0.029415520503244492,0.039220694004325984,0.029415520503244492,0.039220694004325984,0.04902586750540749,0.019610347002162992,0.019610347002162992,0.058831041006488984,0.029415520503244492,0.039220694004325984,0.039220694004325984,0.019610347002162992,0.019610347002162992
2,0.02567817393918205,0.18027099865442445,0.06009033288480815,0.025752999807774922,0.0064382499519437305,0.10301199923109969,0.025752999807774922,0.051505999615549844,0.0064382499519437305,0.15451799884664955,0.025752999807774922,0.012876499903887461,0.051505999615549844,0.012876499903887461,0.025752999807774922,0.025752999807774922,0.025752999807774922,0.07725899942332477,0.051505999615549844,0.025752999807774922,0.025752999807774922
3,0.022289443642900853,0.08939067943836335,0.13408601915754503,0.13408601915754503,0.007449223286530278,0.08939067943836335,0.022347669859590837,0.003724611643265139,0.005586917464897709,0.06704300957877252,0.022347669859590837,0.011173834929795418,0.08939067943836335,0.022347669859590837,0.011173834929795418,0.022347669859590837,0.04469533971918167,0.011173834929795418,0.055869174648977095,0.11173834929795419,0.022347669859590837
4,0.022894180887677962,0.09575713633009818,0.02872714089902946,0.03064228362563142,0.013789027631534142,0.03447256907883535,0.007660570906407855,0.022981712719223567,0.045963425438447135,0.03064228362563142,0.03447256907883535,0.09192685087689427,0.2068354144730121,0.011490856359611784,0.022981712719223567,0.022981712719223567,0.022981712719223567,0.045963425438447135,0.1378902763153414,0.045963425438447135,0.022981712719223567
5,0.026767480670660936,0.1558605231139485,0.04478750664193921,0.04702688197403618,0.008957501328387843,0.02687250398516353,0.02687250398516353,0.02687250398516353,0.013436251992581765,0.10749001594065412,0.08061751195549059,0.017915002656775685,0.05374500797032706,0.08061751195549059,0.013436251992581765,0.02687250398516353,0.05374500797032706,0.02687250398516353,0.05374500797032706,0.08061751195549059,0.02687250398516353
6,0.021654005795285456,0.25002175407453814,0.11957562151390956,0.0434820441868762,0.0217410220934381,0.0217410220934381,0.0217410220934381,0.0652230662803143,0.0652230662803143,0.0652230662803143,0.0434820441868762,0.01087051104671905,0.01087051104671905,0.0217410220934381,0.0217410220934381,0.0217410220934381,0.0434820441868762,0.0434820441868762,0.0434820441868762,0.0217410220934381,0.0217410220934381
7,0.026029255864478948,0.17633355001112472,0.047022280002966585,0.05224697778107399,0.008707829630178998,0.010449395556214798,0.07837046667161099,0.05224697778107399,0.026123488890536995,0.09143221111687949,0.013061744445268498,0.013061744445268498,0.07837046667161099,0.05224697778107399,0.026123488890536995,0.05224697778107399,0.07837046667161099,0.013061744445268498,0.026123488890536995,0.05224697778107399,0.026123488890536995
8,0.023678950237973367,0.18082956892424212,0.13086350382675419,0.014276018599282276,0.007931121444045707,0.0951734573285485,0.023793364332137124,0.0951734573285485,0.011896682166068562,0.04758672866427425,0.023793364332137124,0.07138009299641138,0.023793364332137124,0.023793364332137124,0.023793364332137124,0.023793364332137124,0.023793364332137124,0.04758672866427425,0.04758672866427425,0.03569004649820569,0.023793364332137124
9,0.014488378672406604,0.407797912273487,0.0436926334578736,0.02912842230524907,0.00970947410174969,0.018205263940780668,0.036410527881561336,0.0218463167289368,0.0109231583644684,0.0218463167289368,0.07282105576312267,0.014564211152624535,0.0436926334578736,0.0072821055763122675,0.02912842230524907,0.05825684461049814,0.014564211152624535,0.05825684461049814,0.0436926334578736,0.02912842230524907,0.014564211152624535
10,0.03503013482131622,0.2247109934679288,0.052666639094045814,0.052666639094045814,0.026333319547022907,0.10533327818809163,0.011703697576454624,0.02340739515290925,0.01755554636468194,0.10533327818809163,0.011703697576454624,0.03511109272936388,0.01755554636468194,0.01755554636468194,0.03511109272936388,0.01755554636468194,0.03511109272936388,0.01755554636468194,0.10533327818809163,0.01755554636468194,0.03511109272936388
11,0.023511068631992708,0.0678527052007981,0.04130164664396406,0.0708028228182241,0.011800470469704017,0.08260329328792812,0.023600940939408035,0.04720188187881607,0.015733960626272022,0.11800470469704016,0.017700705704556025,0.023600940939408035,0.04720188187881607,0.0708028228182241,0.007866980313136011,0.04720188187881607,0.023600940939408035,0.0708028228182241,0.1416056456364482,0.023600940939408035,0.023600940939408035
12,0.020033459675310755,0.11410569305150492,0.010068149386897492,0.08054519509517993,0.06040889632138496,0.06040889632138496,0.04027259754758997,0.020136298773794983,0.04027259754758997,0.03020444816069248,0.04027259754758997,0.04027259754758997,0.06040889632138496,0.020136298773794983,0.020136298773794983,0.10068149386897493,0.04027259754758997,0.06040889632138496,0.08054519509517993,0.020136298773794983,0.04027259754758997
13,0.026992321921697034,0.1691598884002613,0.06766395536010453,0.021652465715233448,0.010826232857616724,0.018043721429361205,0.018043721429361205,0.08119674643212543,0.05413116428808362,0.10826232857616724,0.02706558214404181,0.08119674643212543,0.02706558214404181,0.013532791072020905,0.009021860714680602,0.05413116428808362,0.013532791072020905,0.009021860714680602,0.10826232857616724,0.05413116428808362,0.02706558214404181
14,0.02545810366336885,0.19439680871806816,0.07673558238871112,0.03836779119435556,0.012789263731451853,0.04263087910483951,0.012789263731451853,0.05115705492580741,0.025578527462903705,0.025578527462903705,0.06394631865725926,0.05115705492580741,0.03836779119435556,0.025578527462903705,0.025578527462903705,0.008526175820967902,0.05115705492580741,0.07673558238871112,0.10231410985161482,0.025578527462903705,0.025578527462903705
15,0.023820666058044167,0.221405611090227,0.0526586318268648,0.031914322319311995,0.007978580579827999,0.143614450436904,0.047871483478968,0.035903612609226,0.011967870869742,0.015957161159655998,0.071807225218452,0.023935741739484,0.047871483478968,0.011967870869742,0.023935741739484,0.023935741739484,0.023935741739484,0.011967870869742,0.11967870869741999,0.023935741739484,0.023935741739484
16,0.020225740859475316,0.12187931350745988,0.2031321891790998,0.02843850648507397,0.01015660945895499,0.14219253242536986,0.01015660945895499,0.06093965675372994,0.02031321891790998,0.02708429189054664,0.04062643783581996,0.02031321891790998,0.04062643783581996,0.03046982837686497,0.01015660945895499,0.02031321891790998,0.04062643783581996,0.01015660945895499,0.12187931350745988,0.01015660945895499,0.01015660945895499
17,0.020590219453603863,0.17561491293574255,0.011806044567108745,0.034434296654067165,0.01033028899622015,0.034434296654067165,0.01033028899622015,0.0413211559848806,0.0413211559848806,0.03099086698866045,0.0826423119697612,0.0413211559848806,0.1033028899622015,0.0619817339773209,0.01033028899622015,0.0413211559848806,0.0206605779924403,0.0206605779924403,0.1652846239395224,0.0206605779924403,0.0206605779924403
18,0.021745489543083894,0.28365744169382695,0.04363960641443492,0.036366338678695764,0.0072732677357391536,0.06545940962165238,0.02181980320721746,0.01090990160360873,0.0072732677357391536,0.08727921282886984,0.02181980320721746,0.06545940962165238,0.03272970481082619,0.01090990160360873,0.02181980320721746,0.04363960641443492,0.04363960641443492,0.02181980320721746,0.08727921282886984,0.04363960641443492,0.02181980320721746
19,0.024726096957061714,0.10914468435919276,0.02480561008163472,0.062014025204086796,0.00826853669387824,0.12402805040817359,0.01653707338775648,0.01860420756122604,0.07441683024490416,0.062014025204086796,0.07441683024490416,0.02480561008163472,0.01653707338775648,0.02480561008163472,0.02480561008163472,0.02480561008163472,0.01240280504081736,0.04961122016326944,0.1488336604898083,0.04961122016326944,0.02480561008163472
20,0.02774455159774447,0.12530261148859617,0.05569004955048719,0.05569004955048719,0.027845024775243594,0.05569004955048719,0.03712669970032479,0.027845024775243594,0.08353507432573079,0.018563349850162395,0.05569004955048719,0.05569004955048719,0.041767537162865395,0.006961256193810899,0.027845024775243594,0.08353507432573079,0.041767537162865395,0.013922512387621797,0.11138009910097438,0.018563349850162395,0.027845024775243594
21,0.02524965350581044,0.06751517551474905,0.03164773852253862,0.012659095409015449,0.050636381636061795,0.037977286227046346,0.006329547704507724,0.037977286227046346,0.037977286227046346,0.025318190818030897,0.11393185868113903,0.07595457245409269,0.12659095409015447,0.025318190818030897,0.01687879387868726,0.01687879387868726,0.025318190818030897,0.037977286227046346,0.12659095409015447,0.07595457245409269,0.025318190818030897
22,0.024801435986353308,0.21578861842004096,0.04979737348154792,0.07469606022232188,0.02489868674077396,0.04979737348154792,0.01244934337038698,0.02489868674077396,0.02489868674077396,0.09959474696309584,0.04979737348154792,0.03734803011116094,0.01244934337038698,0.02489868674077396,0.01244934337038698,0.02489868674077396,0.02489868674077396,0.02489868674077396,0.1244934337038698,0.03734803011116094,0.02489868674077396
23,0.017455504386836917,0.18151894734212187,0.05269904922835796,0.028106159588457583,0.008783174871392995,0.08783174871392994,0.05269904922835797,0.05269904922835797,0.03513269948557198,0.02927724957130998,0.03513269948557198,0.01756634974278599,0.12296444819950193,0.01756634974278599,0.005855449914261996,0.026349524614178985,0.008783174871392995,0.05269904922835797,0.12296444819950193,0.026349524614178985,0.01756634974278599
24,0.025183516243913077,0.11065484410204231,0.04426193764081692,0.10117014317901012,0.016861690529835018,0.012646267897376265,0.03793880369212879,0.02529253579475253,0.02529253579475253,0.03793880369212879,0.05058507158950506,0.018969401846064396,0.1770477505632677,0.008430845264917509,0.05058507158950506,0.02529253579475253,0.016861690529835018,0.07587760738425758,0.06323133948688132,0.05058507158950506,0.02529253579475253
25,0.023947064636851804,0.1843878235182949,0.08818548081309757,0.030063232095374173,0.04810117135259868,0.04810117135259868,0.07215175702889802,0.02405058567629934,0.02405058567629934,0.060126464190748345,0.02405058567629934,0.02405058567629934,0.04810117135259868,0.02405058567629934,0.02405058567629934,0.02405058567629934,0.02405058567629934,0.03607587851444901,0.12025292838149669,0.02405058567629934,0.02405058567629934
26,0.029502195278453453,0.09611329198613588,0.05914664122223748,0.011829328244447495,0.04435998091667811,0.07393330152779684,0.05914664122223748,0.02957332061111874,0.01478666030555937,0.04928886768519789,0.02957332061111874,0.08871996183335622,0.02957332061111874,0.02957332061111874,0.05914664122223748,0.01478666030555937,0.04435998091667811,0.02957332061111874,0.08871996183335622,0.08871996183335622,0.02957332061111874
27,0.02308807909278422,0.07285444833884323,0.04636192167017296,0.18544768668069184,0.02318096083508648,0.04636192167017296,0.04636192167017296,0.06954288250525943,0.015453973890057652,0.030907947780115304,0.034771441252629716,0.04636192167017296,0.02318096083508648,0.02318096083508648,0.01159048041754324,0.06954288250525943,0.02318096083508648,0.02318096083508648,0.09272384334034592,0.06954288250525943,0.02318096083508648
28,0.019980203420907842,0.3210986364218186,0.06020599432909098,0.03010299716454549,0.006689554925454554,0.03010299716454549,0.02006866477636366,0.03010299716454549,0.013379109850909107,0.04013732955272732,0.08027465910545464,0.04013732955272732,0.08027465910545464,0.02006866477636366,0.006689554925454554,0.013379109850909107,0.02006866477636366,0.006689554925454554,0.08027465910545464,0.06020599432909098,0.02006866477636366
29,0.0283136902980092,0.08202546770211609,0.023661192606379642,0.028393431127655574,0.04259014669148336,0.04259014669148336,0.1135737245106223,0.018928954085103714,0.028393431127655574,0.028393431127655574,0.08518029338296672,0.04259014669148336,0.028393431127655574,0.05678686225531115,0.014196715563827787,0.009464477042551857,0.028393431127655574,0.14196715563827786,0.1135737245106223,0.014196715563827787,0.028393431127655574
30,0.028012721705189127,0.18971317961898718,0.05621131247969991,0.09836979683947483,0.028105656239849956,0.03747420831979994,0.009368552079949985,0.04215848435977493,0.11242262495939982,0.04215848435977493,0.04215848435977493,0.009368552079949985,0.009368552079949985,0.028105656239849956,0.028105656239849956,0.014052828119924978,0.028105656239849956,0.028105656239849956,0.11242262495939982,0.028105656239849956,0.028105656239849956
31,0.03201394849002272,0.19274058547765036,0.10707810304313907,0.06424686182588345,0.02569874473035338,0.021415620608627815,0.06424686182588345,0.016061715456470862,0.010707810304313907,0.09637029273882518,0.032123430912941724,0.04818514636941259,0.032123430912941724,0.032123430912941724,0.016061715456470862,0.016061715456470862,0.06424686182588345,0.032123430912941724,0.04818514636941259,0.016061715456470862,0.032123430912941724
32,0.02342584024277546,0.15283463976938905,0.0548637168402935,0.09405208601193174,0.011756510751491468,0.11756510751491467,0.011756510751491468,0.014107812901789762,0.023513021502982935,0.04702604300596587,0.014107812901789762,0.023513021502982935,0.0705390645089488,0.04702604300596587,0.011756510751491468,0.04702604300596587,0.0352695322544744,0.023513021502982935,0.058782553757457334,0.09405208601193174,0.023513021502982935
33,0.02399720905435478,0.11080903755697163,0.12044460604018657,0.018066690906027985,0.04817784241607463,0.09635568483214926,0.012044460604018658,0.004014820201339552,0.07226676362411194,0.04817784241607463,0.03613338181205597,0.012044460604018658,0.012044460604018658,0.024088921208037316,0.024088921208037316,0.024088921208037316,0.024088921208037316,0.07226676362411194,0.12044460604018657,0.07226676362411194,0.024088921208037316
34,0.026867697252259404,0.06397755623601063,0.08081375524548712,0.017958612276774914,0.02693791841516237,0.16162751049097424,0.02020343881137178,0.02693791841516237,0.013468959207581186,0.08081375524548712,0.05387583683032474,0.008979306138387457,0.04040687762274356,0.05387583683032474,0.05387583683032474,0.08081375524548712,0.02693791841516237,0.013468959207581186,0.10775167366064949,0.013468959207581186,0.02693791841516237
35,0.027790642337211863,0.10758054367580032,0.04183687809614457,0.06972813016024094,0.02789125206409638,0.02789125206409638,0.02789125206409638,0.04183687809614457,0.02789125206409638,0.08367375619228914,0.08367375619228914,0.02789125206409638,0.01394562603204819,0.01394562603204819,0.01394562603204819,0.08367375619228914,0.02789125206409638,0.02789125206409638,0.1394562603204819,0.05578250412819276,0.02789125206409638
36,0.029370462086410292,0.08466932758032578,0.08835060269251384,0.02945020089750462,0.019633467265003077,0.06871713542751078,0.022087650673128463,0.02945020089750462,0.05890040179500924,0.05890040179500924,0.01472510044875231,0.11780080359001847,0.05890040179500924,0.01472510044875231,0.05890040179500924,0.009816733632501538,0.01472510044875231,0.02945020089750462,0.11780080359001847,0.01472510044875231,0.05890040179500924
37,0.021235427311775548,0.2133159257584216,0.03839686663651588,0.1066579628792108,0.007110530858614053,0.04266318515168432,0.02133159257584216,0.08532637030336863,0.0266644907198027,0.031997388863763236,0.04266318515168432,0.014221061717228105,0.02133159257584216,0.01066579628792108,0.04266318515168432,0.04266318515168432,0.02133159257584216,0.007110530858614053,0.1493211480308951,0.031997388863763236,0.02133159257584216
38,0.025149995682819937,0.0958868856705423,0.08831686838076264,0.050466781931864366,0.012616695482966091,0.033644521287909575,0.050466781931864366,0.03785008644889827,0.012616695482966091,0.012616695482966091,0.025233390965932183,0.050466781931864366,0.12616695482966092,0.025233390965932183,0.025233390965932183,0.050466781931864366,0.050466781931864366,0.025233390965932183,0.07570017289779654,0.10093356386372873,0.025233390965932183
39,0.025597810092990534,0.06239110067201191,0.07707135965366176,0.03853567982683088,0.012845226608943626,0.03853567982683088,0.051380906435774504,0.07707135965366176,0.051380906435774504,0.10276181287154901,0.03853567982683088,0.051380906435774504,0.025690453217887252,0.051380906435774504,0.012845226608943626,0.051380906435774504,0.07707135965366176,0.025690453217887252,0.051380906435774504,0.051380906435774504,0.025690453217887252
40,0.02248530789540925,0.29336724118567936,0.027080053032524257,0.028208388575546098,0.06770013258131063,0.03761118476739479,0.004513342172087376,0.022566710860436878,0.022566710860436878,0.03385006629065532,0.06770013258131063,0.03385006629065532,0.09026684344174751,0.011283355430218439,0.022566710860436878,0.06770013258131063,0.022566710860436878,0.011283355430218439,0.045133421720873756,0.045133421720873756,0.022566710860436878
41,0.024252422134491015,0.21899571573041346,0.012166428651689636,0.014599714382027567,0.024332857303379272,0.03649928595506891,0.012166428651689636,0.024332857303379272,0.024332857303379272,0.048665714606758545,0.060832143258448185,0.048665714606758545,0.048665714606758545,0.024332857303379272,0.024332857303379272,0.048665714606758545,0.07299857191013782,0.048665714606758545,0.12166428651689637,0.048665714606758545,0.012166428651689636
42,0.022267571310072464,0.25700395268420956,0.07449389932875639,0.15643718859038844,0.04469633959725384,0.014898779865751279,0.007449389932875639,0.04469633959725384,0.02234816979862692,0.01676112734897019,0.06704450939588076,0.01117408489931346,0.014898779865751279,0.04469633959725384,0.01117408489931346,0.03352225469794038,0.02234816979862692,0.06704450939588076,0.02234816979862692,0.02234816979862692,0.02234816979862692
43,0.01750528794559863,0.06452204079163233,0.020529740251883012,0.05279076064769918,0.017596920215899727,0.12317844151129809,0.035193840431799454,0.035193840431799454,0.008798460107949864,0.05279076064769918,0.07038768086359891,0.017596920215899727,0.14077536172719782,0.017596920215899727,0.017596920215899727,0.05279076064769918,0.07038768086359891,0.07038768086359891,0.05279076064769918,0.05279076064769918,0.008798460107949864
44,0.023674401806970034,0.22588073389714652,0.04755383871518874,0.0190215354860755,0.02377691935759437,0.010190108296111874,0.02377691935759437,0.09510767743037749,0.00792563978586479,0.01585127957172958,0.05944229839398593,0.00792563978586479,0.02377691935759437,0.02377691935759437,0.02377691935759437,0.02377691935759437,0.011888459678797186,0.07133075807278312,0.19021535486075497,0.04755383871518874,0.02377691935759437
45,0.027696638903262065,0.20372070422979272,0.11112038412534149,0.027780096031335372,0.009260032010445124,0.055560192062670745,0.013890048015667686,0.055560192062670745,0.009260032010445124,0.04167014404700306,0.027780096031335372,0.055560192062670745,0.027780096031335372,0.027780096031335372,0.055560192062670745,0.027780096031335372,0.027780096031335372,0.055560192062670745,0.08334028809400612,0.04167014404700306,0.013890048015667686
46,0.03271061813737409,0.1967368234296866,0.06557894114322887,0.0983684117148433,0.02185964704774296,0.06557894114322887,0.02185964704774296,0.049184205857421656,0.01639473528580722,0.03278947057161444,0.06557894114322887,0.03278947057161444,0.03278947057161444,0.03278947057161444,0.01639473528580722,0.02185964704774296,0.03278947057161444,0.01639473528580722,0.03278947057161444,0.09836841171484331,0.01639473528580722
47,0.029743368841106458,0.15424592597910616,0.08956215056851326,0.08956215056851326,0.019902700126336277,0.07961080050534511,0.08956215056851326,0.01492702509475221,0.08956215056851326,0.04478107528425663,0.019902700126336277,0.04478107528425663,0.01492702509475221,0.02985405018950442,0.01492702509475221,0.009951350063168139,0.01492702509475221,0.02985405018950442,0.05970810037900884,0.02985405018950442,0.02985405018950442
48,0.02572320750845237,0.283609021568329,0.020626110659514838,0.01933697874329516,0.025782638324393547,0.051565276648787094,0.025782638324393547,0.07734791497318064,0.014732936185367742,0.012891319162196773,0.07734791497318064,0.051565276648787094,0.025782638324393547,0.012891319162196773,0.025782638324393547,0.025782638324393547,0.025782638324393547,0.017188425549595696,0.12891319162196774,0.025782638324393547,0.025782638324393547
49,0.024220238875321393,0.30366590076494143,0.024293272061195314,0.024293272061195314,0.016195514707463544,0.024293272061195314,0.012146636030597657,0.024293272061195314,0.036439908091792976,0.012146636030597657,0.024293272061195314,0.04858654412239063,0.03239102941492709,0.012146636030597657,0.024293272061195314,0.016195514707463544,0.04858654412239063,0.07287981618358595,0.07287981618358595,0.09717308824478126,0.04858654412239063
50,0.020884362511280133,0.16784839499806625,0.04196209874951656,0.03147157406213742,0.04196209874951656,0.18882944437282453,0.03147157406213742,0.02098104937475828,0.013987366249838854,0.04196209874951656,0.03147157406213742,0.04196209874951656,0.04196209874951656,0.01049052468737914,0.01049052468737914,0.01049052468737914,0.08392419749903313,0.06294314812427484,0.06294314812427484,0.03147157406213742,0.01049052468737914
51,0.026613459356651104,0.14674168954422342,0.026680307189858806,0.020010230392394104,0.010672122875943523,0.026680307189858806,0.05336061437971761,0.026680307189858806,0.013340153594929403,0.08004092156957641,0.05336061437971761,0.08004092156957641,0.05336061437971761,0.026680307189858806,0.013340153594929403,0.13340153594929402,0.008893435729952935,0.013340153594929403,0.08004092156957641,0.08004092156957641,0.026680307189858806
52,0.019610309716506773,0.47216092107298674,0.026231162281832594,0.019673371711374447,0.019673371711374447,0.039346743422748895,0.006557790570458149,0.013115581140916297,0.009836685855687224,0.02951005756706167,0.039346743422748895,0.009836685855687224,0.039346743422748895,0.019673371711374447,0.019673371711374447,0.019673371711374447,0.05902011513412334,0.039346743422748895,0.039346743422748895,0.039346743422748895,0.019673371711374447
53,0.02843176647341861,0.10257025339283556,0.021368802790174078,0.028491737053565436,0.018994491369043624,0.14245868526782718,0.009497245684521812,0.021368802790174078,0.028491737053565436,0.11396694821426175,0.014245868526782718,0.05698347410713087,0.028491737053565436,0.028491737053565436,0.028491737053565436,0.028491737053565436,0.08547521116069631,0.05698347410713087,0.05698347410713087,0.08547521116069631,0.014245868526782718
54,0.020560859143290644,0.24787212000591594,0.13426406500320445,0.03614801750086274,0.020656010000492993,0.020656010000492993,0.010328005000246497,0.04131202000098599,0.061968030001478984,0.08262404000197197,0.04131202000098599,0.010328005000246497,0.04131202000098599,0.013770673333661995,0.020656010000492993,0.030984015000739492,0.020656010000492993,0.020656010000492993,0.061968030001478984,0.04131202000098599,0.020656010000492993
55,0.018529378875041937,0.5022054346880708,0.029760322055589383,0.03720040256948673,0.018600201284743365,0.024800268379657816,0.027900301927115043,0.05580060385423009,0.018600201284743365,0.018600201284743365,0.018600201284743365,0.012400134189828908,0.03720040256948673,0.018600201284743365,0.009300100642371682,0.009300100642371682,0.018600201284743365,0.05580060385423009,0.012400134189828908,0.03720040256948673,0.018600201284743365
56,0.02174122860850528,0.27274872808313044,0.054549745616626094,0.043639796493300874,0.021819898246650437,0.01454659883110029,0.010909949123325218,0.08727959298660175,0.01454659883110029,0.06545969473995131,0.03636649707775073,0.021819898246650437,0.06545969473995131,0.043639796493300874,0.010909949123325218,0.021819898246650437,0.021819898246650437,0.007273299415550145,0.10909949123325219,0.043639796493300874,0.010909949123325218
57,0.025179970929039605,0.13649165489152604,0.05055246477463927,0.00842541079577321,0.05055246477463927,0.03159529048414954,0.0063190580968299085,0.05055246477463927,0.012638116193659817,0.12638116193659815,0.06319058096829908,0.05055246477463927,0.10110492954927854,0.025276232387319634,0.00842541079577321,0.03791434858097945,0.025276232387319634,0.0758286971619589,0.05055246477463927,0.05055246477463927,0.012638116193659817
58,0.028536469165612737,0.20765928054690833,0.07160664846445115,0.057285318771560914,0.028642659385780457,0.07638042502874788,0.01909510625718697,0.01909510625718697,0.01909510625718697,0.01909510625718697,0.04296398907867069,0.028642659385780457,0.03819021251437394,0.028642659385780457,0.014321329692890229,0.08592797815734138,0.028642659385780457,0.014321329692890229,0.11457063754312183,0.028642659385780457,0.028642659385780457
59,0.025482188976978945,0.10738018730992621,0.11505020068920668,0.03408894835235753,0.07670013379280445,0.1022668450570726,0.02556671126426815,0.0511334225285363,0.012783355632134076,0.0511334225285363,0.006391677816067038,0.0511334225285363,0.02556671126426815,0.0511334225285363,0.02556671126426815,0.02556671126426815,0.07670013379280445,0.008522237088089383,0.0511334225285363,0.02556671126426815,0.0511334225285363
60,0.02603549262825269,0.1463560261524629,0.04573625817264466,0.039202507005123996,0.026135004670082663,0.019601253502561998,0.026135004670082663,0.052270009340165326,0.008711668223360888,0.07840501401024799,0.10454001868033065,0.026135004670082663,0.026135004670082663,0.008711668223360888,0.026135004670082663,0.10454001868033065,0.052270009340165326,0.013067502335041331,0.06533751167520666,0.07840501401024799,0.026135004670082663
61,0.02346496113084878,0.12250861766271619,0.07067804865156703,0.1413560973031341,0.015706233033681564,0.01766951216289176,0.023559349550522347,0.09423739820208939,0.023559349550522347,0.023559349550522347,0.07067804865156704,0.023559349550522347,0.03533902432578352,0.007853116516840782,0.023559349550522347,0.04711869910104469,0.023559349550522347,0.023559349550522347,0.09423739820208939,0.07067804865156704,0.023559349550522347
62,0.027012909382991942,0.09153537089428299,0.10848636550433538,0.10848636550433538,0.04068238706412577,0.05424318275216769,0.009040530458694615,0.01808106091738923,0.013560795688041923,0.10848636550433538,0.08136477412825154,0.027121591376083845,0.04068238706412577,0.027121591376083845,0.027121591376083845,0.027121591376083845,0.027121591376083845,0.05424318275216769,0.05424318275216769,0.027121591376083845,0.027121591376083845
63,0.025434445440352695,0.14677741280084491,0.036466437962942834,0.05105301314811997,0.012763253287029992,0.1531590394443599,0.05105301314811997,0.03828975986108998,0.025526506574059984,0.05105301314811997,0.025526506574059984,0.025526506574059984,0.07657951972217995,0.012763253287029992,0.025526506574059984,0.012763253287029992,0.025526506574059984,0.025526506574059984,0.12763253287029994,0.025526506574059984,0.025526506574059984
64,0.026072404000526215,0.15687424365092195,0.06536426818788416,0.05229141455030732,0.006536426818788415,0.07843712182546099,0.02614570727515366,0.05229141455030732,0.01307285363757683,0.039218560912730495,0.07843712182546099,0.02614570727515366,0.05229141455030732,0.02614570727515366,0.02614570727515366,0.01307285363757683,0.01307285363757683,0.05229141455030732,0.1307285363757683,0.05229141455030732,0.01307285363757683
65,0.021810444557790718,0.10070134923612449,0.21891597660027065,0.021891597660027066,0.016418698245020298,0.029188796880036085,0.021891597660027066,0.06567479298008119,0.010945798830013533,0.06567479298008119,0.021891597660027066,0.010945798830013533,0.08756639064010827,0.010945798830013533,0.021891597660027066,0.06567479298008119,0.021891597660027066,0.04378319532005413,0.10945798830013533,0.021891597660027066,0.010945798830013533
66,0.022038343584914234,0.2066635953179049,0.08857011227910211,0.06642758420932657,0.022142528069775527,0.05535632017443882,0.011071264034887764,0.022142528069775527,0.044285056139551054,0.022142528069775527,0.08857011227910211,0.022142528069775527,0.022142528069775527,0.044285056139551054,0.022142528069775527,0.044285056139551054,0.0073808426899251755,0.044285056139551054,0.11071264034887764,0.022142528069775527,0.011071264034887764
67,0.027000867448682738,0.18060308724850435,0.058696003355763915,0.04063569463091348,0.05418092617455131,0.05418092617455131,0.027090463087275654,0.027090463087275654,0.027090463087275654,0.04063569463091348,0.027090463087275654,0.05418092617455131,0.08127138926182696,0.0067726157718189135,0.018060308724850434,0.018060308724850434,0.027090463087275654,0.05418092617455131,0.04063569463091348,0.10836185234910262,0.027090463087275654
68,0.02708376260701861,0.09239986612112115,0.03397053901511807,0.036235241616125936,0.010870572484837781,0.027176431212094454,0.018117620808062968,0.04076464681814168,0.05435286242418891,0.0067941078030236135,0.05435286242418891,0.027176431212094454,0.04076464681814168,0.027176431212094454,0.027176431212094454,0.08152929363628336,0.05435286242418891,0.013588215606047227,0.21741144969675563,0.08152929363628336,0.027176431212094454
69,0.02440920443819789,0.13236659035260634,0.034317264165490524,0.11030549196050528,0.012256165773389475,0.0490246630935579,0.012256165773389475,0.012256165773389475,0.07353699464033685,0.02451233154677895,0.02451233154677895,0.0490246630935579,0.07353699464033685,0.02451233154677895,0.02451233154677895,0.02451233154677895,0.02451233154677895,0.07353699464033685,0.12256165773389475,0.0490246630935579,0.02451233154677895
70,0.024431601709376936,0.11284864959271247,0.061330787822126344,0.09812926051540215,0.049064630257701074,0.07359694538655161,0.036798472693275804,0.07359694538655161,0.049064630257701074,0.036798472693275804,0.049064630257701074,0.024532315128850537,0.049064630257701074,0.016354876752567023,0.024532315128850537,0.024532315128850537,0.024532315128850537,0.012266157564425268,0.09812926051540215,0.036798472693275804,0.024532315128850537
71,0.023824900869284765,0.18328185534699143,0.039843881597172046,0.09562531583321292,0.005976582239575807,0.059765822395758075,0.02390632895830323,0.02390632895830323,0.005976582239575807,0.03585949343745484,0.04781265791660646,0.02390632895830323,0.07171898687490968,0.02390632895830323,0.02390632895830323,0.04781265791660646,0.04781265791660646,0.02390632895830323,0.14343797374981937,0.02390632895830323,0.02390632895830323
72,0.020039406801302093,0.16108941258060788,0.07047661800401595,0.1409532360080319,0.060408529717727956,0.10068088286287993,0.04027235314515197,0.060408529717727956,0.010068088286287993,0.03356029428762664,0.020136176572575985,0.04027235314515197,0.04027235314515197,0.020136176572575985,0.020136176572575985,0.020136176572575985,0.010068088286287993,0.020136176572575985,0.05034044143143997,0.04027235314515197,0.020136176572575985
73,0.03145938896146241,0.16844184539800655,0.055269980521220896,0.05790188435556475,0.04737426901818934,0.07895711503031556,0.03158284601212623,0.007895711503031557,0.015791423006063114,0.09474853803637868,0.03158284601212623,0.03158284601212623,0.03158284601212623,0.03158284601212623,0.03158284601212623,0.03158284601212623,0.06316569202425246,0.03158284601212623,0.04737426901818934,0.06316569202425246,0.015791423006063114
74,0.025913869876247067,0.13438660451195522,0.1820721738549071,0.04551804346372677,0.05202062110140203,0.06502577637675254,0.10404124220280406,0.013005155275350507,0.013005155275350507,0.05202062110140203,0.005202062110140203,0.008670103516900337,0.026010310550701014,0.013005155275350507,0.026010310550701014,0.013005155275350507,0.013005155275350507,0.05202062110140203,0.07803093165210304,0.05202062110140203,0.026010310550701014
75,0.025885283732020675,0.1558583546028767,0.09091737351834474,0.025976392433812785,0.025976392433812785,0.04329398738968797,0.12988196216906392,0.038964588650719174,0.008658797477937593,0.038964588650719174,0.10390556973525114,0.038964588650719174,0.012988196216906393,0.008658797477937593,0.012988196216906393,0.07792917730143835,0.012988196216906393,0.025976392433812785,0.04329398738968797,0.05195278486762557,0.025976392433812785
76,0.02576364799784461,0.1551880914693699,0.038797022867342476,0.0517293638231233,0.012932340955780825,0.0517293638231233,0.017243121274374433,0.0517293638231233,0.02586468191156165,0.1034587276462466,0.07759404573468495,0.02586468191156165,0.02586468191156165,0.02586468191156165,0.02586468191156165,0.038797022867342476,0.02586468191156165,0.0517293638231233,0.12932340955780824,0.02586468191156165,0.012932340955780825
77,0.02490234375,0.20002003205128208,0.08334168002136752,0.05000500801282052,0.05000500801282052,0.058339176014957264,0.05000500801282052,0.037503756009615384,0.01250125200320513,0.037503756009615384,0.02500250400641026,0.01250125200320513,0.01250125200320513,0.05000500801282052,0.02500250400641026,0.008334168002136752,0.05000500801282052,0.05000500801282052,0.10001001602564104,0.037503756009615384,0.02500250400641026
78,0.019090252070030223,0.23963593190471572,0.03834174910475452,0.13419612186664082,0.01278058303491817,0.03834174910475452,0.01917087455237726,0.01917087455237726,0.00958543727618863,0.0958543727618863,0.00958543727618863,0.00958543727618863,0.05751262365713177,0.01917087455237726,0.01917087455237726,0.05751262365713177,0.01917087455237726,0.00958543727618863,0.11502524731426354,0.03834174910475452,0.01917087455237726
79,0.023653105253976566,0.1283311942789905,0.038024057564145335,0.05347133094957938,0.023765035977590835,0.04753007195518167,0.023765035977590835,0.03168671463678777,0.04753007195518167,0.023765035977590835,0.04753007195518167,0.0712951079327725,0.04753007195518167,0.04753007195518167,0.011882517988795417,0.03564755396638625,0.011882517988795417,0.04753007195518167,0.19012028782072668,0.023765035977590835,0.023765035977590835
80,0.019550071400089967,0.5490519600159497,0.045754330001329134,0.014706748928998651,0.0196089985719982,0.014706748928998651,0.0196089985719982,0.058826995715994604,0.0098044992859991,0.013072665714665468,0.0098044992859991,0.0098044992859991,0.0098044992859991,0.0098044992859991,0.0196089985719982,0.0196089985719982,0.0392179971439964,0.0196089985719982,0.058826995715994604,0.0196089985719982,0.0196089985719982
81,0.02517929174068619,0.13264299054068412,0.02526533153155889,0.04210888588593147,0.02526533153155889,0.02526533153155889,0.02526533153155889,0.07579599459467666,0.01684355435437259,0.02526533153155889,0.07579599459467666,0.02526533153155889,0.02526533153155889,0.05053066306311778,0.02526533153155889,0.02526533153155889,0.07579599459467666,0.07579599459467666,0.12632665765779444,0.02526533153155889,0.05053066306311778
82,0.027688461656241038,0.1389016483348227,0.055560659333929084,0.027780329666964542,0.027780329666964542,0.01852021977797636,0.027780329666964542,0.027780329666964542,0.055560659333929084,0.055560659333929084,0.11112131866785817,0.04167049450044682,0.00926010988898818,0.055560659333929084,0.027780329666964542,0.055560659333929084,0.013890164833482271,0.027780329666964542,0.1389016483348227,0.027780329666964542,0.027780329666964542
83,0.028564319244333218,0.09308597432302458,0.03818911767098444,0.08592551475971501,0.028641838253238336,0.014320919126619168,0.042962757379857504,0.08592551475971501,0.00954727941774611,0.14320919126619167,0.05728367650647667,0.028641838253238336,0.028641838253238336,0.028641838253238336,0.014320919126619168,0.028641838253238336,0.08592551475971501,0.028641838253238336,0.08592551475971501,0.014320919126619168,0.028641838253238336
84,0.029522623102575578,0.14209328141660307,0.0888083008853769,0.0888083008853769,0.01184110678471692,0.0296027669617923,0.01480138348089615,0.07400691740448075,0.007400691740448075,0.0296027669617923,0.04440415044268845,0.0296027669617923,0.07400691740448075,0.01480138348089615,0.0098675889872641,0.01480138348089615,0.01480138348089615,0.04440415044268845,0.0888083008853769,0.1184110678471692,0.0296027669617923
85,0.02779551554123277,0.16746105952399823,0.06977544146833259,0.03721356878311071,0.055820353174666076,0.08373052976199911,0.027910176587333038,0.027910176587333038,0.03721356878311071,0.027910176587333038,0.027910176587333038,0.013955088293666519,0.055820353174666076,0.009303392195777678,0.009303392195777678,0.04186526488099956,0.08373052976199911,0.027910176587333038,0.11164070634933215,0.027910176587333038,0.027910176587333038
86,0.030525258398613243,0.14075488094791305,0.061197774325179595,0.12239554865035919,0.007649721790647449,0.020399258108393197,0.020399258108393197,0.020399258108393197,0.010199629054196599,0.030598887162589797,0.0458983307438847,0.020399258108393197,0.030598887162589797,0.015299443581294899,0.010199629054196599,0.061197774325179595,0.12239554865035919,0.061197774325179595,0.12239554865035919,0.030598887162589797,0.015299443581294899
87,0.032571396794000174,0.12405721120976826,0.09793990358665915,0.09793990358665916,0.016323317264443193,0.03264663452888639,0.06529326905777277,0.02176442301925759,0.016323317264443193,0.03264663452888639,0.03264663452888639,0.02176442301925759,0.03264663452888639,0.016323317264443193,0.03264663452888639,0.03264663452888639,0.06529326905777277,0.06529326905777277,0.09793990358665916,0.03264663452888639,0.03264663452888639
88,0.021300174482661055,0.2887966698247886,0.07487321069531555,0.02994928427812622,0.0427846918258946,0.0641770377388419,0.0427846918258946,0.03208851886942095,0.016044259434710474,0.0213923459129473,0.0427846918258946,0.0427846918258946,0.012835407547768383,0.0427846918258946,0.0213923459129473,0.0213923459129473,0.0855693836517892,0.0213923459129473,0.0427846918258946,0.0213923459129473,0.01069617295647365
89,0.03097954534919498,0.14900047567508376,0.02328132432423183,0.21729236035949712,0.010347255255214148,0.031041765765642444,0.010347255255214148,0.06208353153128489,0.06208353153128489,0.020694510510428296,0.015520882882821222,0.015520882882821222,0.06208353153128489,0.031041765765642444,0.015520882882821222,0.031041765765642444,0.031041765765642444,0.010347255255214148,0.06208353153128489,0.09312529729692733,0.015520882882821222
90,0.026435838106544617,0.1524646554031966,0.026515592244034193,0.021212473795227355,0.039773388366051286,0.06186971523607977,0.008838530748011397,0.026515592244034193,0.013257796122017097,0.10606236897613677,0.013257796122017097,0.026515592244034193,0.026515592244034193,0.026515592244034193,0.053031184488068386,0.026515592244034193,0.026515592244034193,0.026515592244034193,0.15909355346420515,0.10606236897613677,0.026515592244034193
91,0.020934259986216334,0.11905663505174767,0.16807995536717318,0.03151499163134497,0.042019988841793296,0.01260599665253799,0.06302998326268994,0.028013325894528863,0.010504997210448324,0.08403997768358659,0.042019988841793296,0.042019988841793296,0.03151499163134497,0.021009994420896648,0.010504997210448324,0.021009994420896648,0.021009994420896648,0.06302998326268994,0.12605996652537987,0.021009994420896648,0.021009994420896648
