,0,1,2,3,4,5,6,7,8,9,10,11,12,13,14,15,16,17,18,19,20
0,0.03514630788397401,0.0788994302720687,0.06682686684489672,0.02570264109419105,0.015632015636233156,0.05275805277228689,0.018511597463960312,0.037877576349334176,0.048361548374596317,0.08039322327205622,0.043965043976905746,0.09379209381739892,0.04689604690869946,0.03517203518152459,0.010049152909007028,0.05275805277228689,0.06330966332674426,0.045221188090531626,0.05024576454503513,0.028137628145219678,0.07034407036304918
1,0.04128320058545372,0.08262022056416359,0.06368642001820941,0.0699094174004461,0.03147436973872898,0.09388661427745862,0.01377003676069393,0.034425091901734824,0.025421606327434943,0.04131011028208179,0.07022718747953904,0.11360280327572492,0.05163763785260224,0.017704332978035055,0.04131011028208179,0.017704332978035055,0.016524044112832717,0.08262022056416359,0.049572132338498144,0.027540073521387858,0.013770036760693929
2,0.029096230592285104,0.0949158363595238,0.03727603755210389,0.033004824915925324,0.03154872969904626,0.041602720482258805,0.03176935018645218,0.017473142602548696,0.022650370040340904,0.03785847563885551,0.02912190433758116,0.0400426184641741,0.03235767148620129,0.009707301445860388,0.038829205783441546,0.052419427807646087,0.02426825361465097,0.046595046940129864,0.17473142602548697,0.08736571301274348,0.08736571301274348
3,0.025757188547535382,0.09889237097103062,0.05766613959436058,0.03439734642470631,0.03611721374594162,0.06771977577364054,0.023955294831491898,0.028664455353921925,0.02794784397007388,0.08255363141929514,0.05159601963705946,0.04643641767335351,0.060195356243236034,0.01842714987037838,0.02579800981852973,0.09029303436485404,0.03439734642470631,0.08599336606176577,0.04299668303088289,0.04299668303088289,0.017198673212353154
4,0.03626882512495113,0.09461259646087061,0.08067740783485092,0.07591010646279153,0.019220205984185067,0.040126394949439,0.027228625144262178,0.06050805587613819,0.03111842873629964,0.114100905366432,0.07260966705136582,0.03630483352568291,0.03176672933497254,0.02904386682054633,0.02904386682054633,0.009076208381420727,0.05808773364109266,0.03176672933497254,0.049919146097814,0.03630483352568291,0.03630483352568291
5,0.027564271494154944,0.061100061298828744,0.04199022445501554,0.0386310064986143,0.01452293477391515,0.08584668110803179,0.01931550324930715,0.06745096372773926,0.01655614564226327,0.04515312447889983,0.04139036410565818,0.027593576070438785,0.24834218463394908,0.027593576070438785,0.02069518205282909,0.036791434760585044,0.015051041492966613,0.04828875812326787,0.024144379061633935,0.06438501083102383,0.027593576070438785
6,0.037156632626741515,0.10345070251502482,0.11158727462294812,0.06509257686338639,0.04057719077198114,0.03719575820764937,0.04157172976149048,0.0297566065661195,0.03719575820764937,0.03306289618457722,0.05269399079416995,0.0892698196983585,0.05579363731147405,0.02789681865573703,0.012398586069216459,0.030996465173041145,0.024797172138432914,0.03188207846369946,0.0818306680568286,0.046494697759561714,0.009298939551912343
7,0.02684757805300126,0.06217346211792988,0.033064709198519206,0.030223210751771458,0.020148807167847643,0.02808621605215126,0.0188055533566578,0.06447618293711246,0.01709595759696164,0.05037201791961911,0.01791005081586457,0.03582010163172914,0.03454081228773882,0.014925042346553811,0.013432538111898429,0.04029761433569528,0.013432538111898429,0.06044642150354293,0.34924599090935915,0.014925042346553811,0.053730152447593715
8,0.034460167428618856,0.08083891019736965,0.046430553549258465,0.06159155062656737,0.03449126835087772,0.05082923756971453,0.06898253670175544,0.09197671560234058,0.020119906538012,0.055186029361404355,0.03449126835087772,0.01724563417543886,0.022994178900585145,0.03449126835087772,0.022994178900585145,0.04598835780117029,0.02682654205068267,0.060359719614036,0.120719439228072,0.03449126835087772,0.03449126835087772
9,0.03613857099389305,0.0800684608175618,0.0589978132339929,0.04419549450144988,0.018079975023320406,0.05259629097693209,0.021093304193873803,0.04971993131413111,0.02301087730240779,0.05062393006529713,0.02410663336442721,0.04273448641875732,0.07231990009328162,0.06026658341106802,0.01607108890961814,0.05165707149520116,0.05423992506996122,0.018079975023320406,0.18079975023320405,0.03615995004664081,0.009039987511660203
10,0.03652752535362119,0.08371520230969821,0.048318380315039273,0.06703631142807251,0.0457065759736858,0.05850441724631783,0.028729847754888217,0.0914131519473716,0.036565260778948644,0.04265947090877341,0.04701247814436254,0.04875368103859819,0.06703631142807251,0.02843964727251561,0.036565260778948644,0.05850441724631783,0.05850441724631783,0.026118043413534745,0.03047105064912387,0.03199460318158006,0.02742394558421148
11,0.036462642412330645,0.09261842362594398,0.03900232468260756,0.036486045670826424,0.023795247176625928,0.03040503805902202,0.03952654947672863,0.04864806089443523,0.01964633228429115,0.06775979910296337,0.06254750686427386,0.03243204059629015,0.06254750686427386,0.02918883653666114,0.026061461193447443,0.021891627402495853,0.036486045670826424,0.018243022835413212,0.05733521462558438,0.1824302283541321,0.036486045670826424
12,0.03218780662712356,0.06704185890779527,0.03818064499607003,0.030604173254662383,0.05451755559534999,0.061745261829581996,0.02652993347153395,0.03469298992431363,0.028993427293890678,0.07516814483601286,0.08859102784244374,0.03221491921543409,0.04429551392122187,0.010738306405144697,0.012080594705787782,0.1127522172540193,0.04832237882315113,0.03221491921543409,0.08053729803858523,0.05637610862700965,0.03221491921543409
13,0.029945021157578234,0.08800452956860484,0.049965941696460625,0.03830722196728648,0.036403757521707034,0.03331062779764042,0.05096526053038984,0.026232119390641826,0.016142842701933433,0.05995913003575275,0.049965941696460625,0.01998637667858425,0.024528735014626123,0.033727010645110925,0.019986376678584248,0.04282795002553768,0.09993188339292125,0.05995913003575275,0.06995231837504487,0.1199182600715055,0.029979565017876374
14,0.029461900407589517,0.08652820468538641,0.04151605780359449,0.03687281449661353,0.03146480170377688,0.043112829257578894,0.022690962767146786,0.03403644415072018,0.023177197683585646,0.04916375266215137,0.032448076757019904,0.025284215654820707,0.0786620042594422,0.029498251597290824,0.04424737739593623,0.09586931769119518,0.05899650319458165,0.09586931769119518,0.09439440511133064,0.03687281449661353,0.009832750532430275
15,0.03525288268457527,0.12842085896284727,0.05292068363853597,0.055440716192751954,0.011225599559689445,0.0446885772947637,0.0376324861429589,0.021168273455414385,0.07056091151804794,0.09261119636743792,0.032340417779105304,0.019243884959467623,0.021168273455414385,0.03024039065059198,0.01603657079955635,0.07938102545780394,0.02822436460721918,0.05292068363853596,0.07056091151804794,0.0823210634377226,0.017640227879511985
16,0.03157065925614834,0.06390179441306819,0.07794614483352275,0.024577613235795458,0.021066525630681822,0.042133051261363644,0.036461294360795454,0.07373283970738638,0.02031414971530033,0.0473996826690341,0.06319957689204546,0.02106652563068182,0.04739968266903409,0.007899947111505682,0.0947993653380682,0.14219904800710229,0.02106652563068182,0.06319957689204546,0.0473996826690341,0.03159978844602273,0.02106652563068182
17,0.0345133326215508,0.09574141883266911,0.05181880916201163,0.02942796569694488,0.03207831043362625,0.07440649520699105,0.0374246955058973,0.03454587277467442,0.023750287532588666,0.044416122138867115,0.05922149618515615,0.01919215154148579,0.03886410687150872,0.019740498728385385,0.015353721233188632,0.030227638677840115,0.10363761832402327,0.04145504732960931,0.07600092010428372,0.08636468193668606,0.051818809162011634
18,0.03172856288005468,0.07247228755727021,0.056297420518185905,0.039318833377780645,0.033742364220835784,0.028228906014816868,0.027523183364446445,0.07410087828889426,0.04041866088485142,0.031757519266668977,0.019543088779488595,0.07410087828889426,0.03629430773333597,0.044460526973336564,0.05292919877778163,0.03629430773333597,0.018147153866667987,0.04763627890000345,0.15878759633334488,0.044460526973336564,0.031757519266668977
19,0.027437506923239124,0.06682891998574829,0.05800090216047043,0.05706161629552353,0.01590606458140325,0.03777690338083271,0.04245999057680372,0.04273750685508348,0.009812182696320186,0.07784331605747348,0.09027208080614571,0.09158037183232173,0.05494822309939304,0.031398984628224595,0.019624365392640373,0.03296893385963582,0.023549238471168448,0.02747411154969652,0.06868527887424129,0.09615939042393781,0.02747411154969652
20,0.03384765372067355,0.10366186085737743,0.04321308709691289,0.02540228768534744,0.023708801839657612,0.03145045141995398,0.021773389444583523,0.04926504278370413,0.028224764094830494,0.03763301879310732,0.024632521391852066,0.06209448100862708,0.020842902716182513,0.014515592963055683,0.14676877329311858,0.06773943382759318,0.007816088518568442,0.06773943382759318,0.10160915074138975,0.02032183014827795,0.06773943382759318
21,0.04240373710298063,0.09679656975594035,0.0689509811960123,0.06223268046409315,0.030644880531561027,0.05834313793508733,0.06171836079083619,0.045462185403964156,0.046288770593127145,0.051860567053410966,0.04667451034806986,0.030308123602642772,0.030308123602642772,0.015429590197709047,0.04243137304369988,0.035359477536416564,0.0565751640582665,0.059403922261179826,0.07637647147865978,0.0339450984349599,0.008486274608739975
22,0.03189660694898462,0.07350045281595924,0.026223646405116773,0.061188508278605794,0.026603699251567737,0.03990554887735161,0.03192443910188129,0.043326024495410315,0.03192443910188129,0.046822510682759215,0.03482666083841595,0.03192443910188129,0.03192443910188129,0.020315552155742635,0.010641479700627097,0.05746399038338631,0.11173553685658448,0.01915466346112877,0.11705627670689804,0.12769775640752515,0.023943329326410964
23,0.03575875552847759,0.0884204604252244,0.06084169776878538,0.038771670146774996,0.04294708077796615,0.053683850972457675,0.029078752610081245,0.04473654247704807,0.035789233981638455,0.06442062116694922,0.039368157379802295,0.01988290776757692,0.04026288822934326,0.059648723302730765,0.015338243134987911,0.05368385097245768,0.047718978642184606,0.041754106311911524,0.14315693592655382,0.008947308495409614,0.035789233981638455
24,0.02981934640912835,0.07550786008223924,0.05499042441729786,0.03799338414286034,0.03444455155808767,0.048848636755106145,0.04104642394005448,0.03674085499529351,0.014925972341837991,0.05224090319643296,0.029851944683675982,0.029851944683675982,0.10945713050681193,0.02132281763119713,0.029851944683675982,0.029851944683675982,0.023881555746940786,0.04776311149388157,0.1641856957602179,0.04264563526239426,0.04477791702551397
25,0.03336608423805836,0.08206992085524384,0.06401771927177449,0.05725808431761198,0.030617170086500847,0.051385460285036384,0.04230736230134662,0.03340054918527365,0.04676076885938311,0.03817205621174132,0.04110836822802911,0.02862904215880599,0.03340054918527365,0.016700274592636826,0.0668010983705473,0.16700274592636827,0.030060494266746285,0.02004032951116419,0.05010082377791048,0.03340054918527365,0.03340054918527365
26,0.025695780045128506,0.06908974671650682,0.0366085196390656,0.04984200477886296,0.020212425901105717,0.023746066792907417,0.016645527212675294,0.0600247799487382,0.02104765011189521,0.017539708426579346,0.0418029717500141,0.041159849107706196,0.05879978443958028,0.02000825998291273,0.03858735853847455,0.036014867969242914,0.10289962276926548,0.030869886830779642,0.23152415123084732,0.03215613211539546,0.02572490569231637
27,0.029680351325189952,0.06804168221084284,0.07594946392372494,0.04104101466685758,0.0227265659311402,0.04210242021858665,0.07925161452910427,0.028068280145724437,0.04670184427607931,0.029719355448414107,0.03962580726455214,0.03863516208293834,0.03396497765533041,0.02228951658631058,0.02228951658631058,0.05200887203472468,0.10897096997751839,0.04953225908069018,0.09510193743492515,0.059438710896828215,0.014859677724207054
28,0.03713762713110942,0.08813988680957081,0.06371558082619577,0.053686276436887184,0.025552602727172264,0.06814027393912603,0.027030852471719418,0.03129888180935933,0.02601719550402994,0.041813349917190976,0.04778668561964683,0.06194570358102367,0.03252149438003742,0.02973393771889136,0.01486696885944568,0.04336199250671656,0.0371674221486142,0.05946787543778272,0.08672398501343312,0.1115022664458426,0.012389140716204733
29,0.035774939933350736,0.074306704774859,0.05627358020815485,0.06138936022707802,0.035810460132462175,0.08355774030907841,0.0208894350772696,0.05073148518765475,0.04923938268213549,0.06764198025020633,0.04923938268213549,0.04092624015138535,0.04028676764901994,0.035810460132462175,0.021486276079477305,0.07162092026492435,0.05729673621193948,0.0313341526159044,0.07162092026492435,0.02685784509934663,0.017905230066231088
30,0.02920228364488444,0.05223633504048931,0.03628238049610341,0.05048381730644692,0.029227473177416637,0.05520744933512032,0.022964443210827357,0.03799571513064163,0.043841209766124954,0.017986137339948697,0.03340282648847616,0.021920604883062477,0.047494643913302034,0.03507296781289996,0.029227473177416637,0.06819743741397215,0.2338197854193331,0.023913387145159063,0.053583700825263834,0.06819743741397215,0.009742491059138879
31,0.03187578822588318,0.11568998367665514,0.04579033836677206,0.05106316520900642,0.021276318837086007,0.07340329998794672,0.013962584236837688,0.052223691691029285,0.047871717383443514,0.04787171738344351,0.026282511504635647,0.06914803622052952,0.023935858691721754,0.026595398546357507,0.021276318837086004,0.053190797092715014,0.024822371976600338,0.038297373906754806,0.09574343476688701,0.023935858691721757,0.09574343476688703
32,0.03575208647208571,0.07854788315228906,0.0528964971566623,0.06881331643683444,0.027525326574733774,0.05051706994892316,0.022364327841971194,0.048794897109755334,0.03280101416822442,0.06831285595365746,0.0805115802310963,0.035782924547153906,0.048794897109755334,0.013418596705182716,0.017891462273576953,0.07156584909430781,0.02683719341036543,0.04293950945658469,0.13120405667289767,0.02683719341036543,0.017891462273576953
33,0.031529408130561154,0.06687530094065676,0.050769036473757016,0.038203158313822844,0.021039420520656063,0.05961169147519218,0.019421003557528668,0.040166166448525206,0.04558541112808814,0.03155913078098409,0.06311826156196818,0.04207884104131212,0.04909198121486414,0.03155913078098409,0.017532850433880053,0.022091391546688863,0.05522847886672215,0.056806435405771356,0.09467739234295228,0.1420160885144284,0.02103942052065606
34,0.03830496697544918,0.10293706196326351,0.02796881068294537,0.047909536818008275,0.03832762945440662,0.045296289355207825,0.03537935026560611,0.056017304587209674,0.0306621035635253,0.016768337886302893,0.053658681236169264,0.020291097946450558,0.01742164975200301,0.021901502545375214,0.03832762945440662,0.07665525890881324,0.05749144418160993,0.08943113539361544,0.08943113539361544,0.057491444181609924,0.03832762945440662
35,0.031015311331687723,0.06847924371247228,0.056609508135643756,0.05987042450290434,0.015521961908160384,0.07140102477753776,0.049670278106113235,0.041391898421761025,0.023282942862240575,0.03581991209575473,0.044841223290241115,0.02539957403153517,0.0931317714489623,0.012417569526528309,0.023282942862240575,0.01724662434240043,0.04656588572448115,0.037252708579584924,0.201785504806085,0.03880490477040096,0.006208784763264154
36,0.03168507618234073,0.07490203717240837,0.05734581307498413,0.04758482361541237,0.03383809679318213,0.028383929875860015,0.03172321574360825,0.03398915972529455,0.049347224490057275,0.0634464314872165,0.06873363411115122,0.015861607871804125,0.08988244460689004,0.03965401967951031,0.019033929446164947,0.04758482361541237,0.05551562755131443,0.05287202623934708,0.0740208367350859,0.042297620991477665,0.042297620991477665
37,0.03827616524756422,0.0766083756669364,0.06267958009112978,0.11108214471705778,0.02918414311121387,0.06840033541690752,0.0246241207500867,0.041496203486257224,0.034473769050121374,0.051072250444624274,0.06703232870856934,0.011265937598078883,0.04526858562137151,0.006384031305578033,0.021888107333410404,0.06128670053354912,0.06703232870856934,0.05107225044462426,0.08299240697251445,0.0191520939167341,0.02872814087510115
38,0.03273247326418715,0.06240384074782788,0.07130556508979743,0.04169711177241226,0.02548156830536305,0.04504777253983825,0.03276201639260964,0.06084374472913219,0.03276201639260964,0.13104806557043855,0.07862883934226313,0.03276201639260964,0.05616345667304509,0.052419226228175415,0.04095252049076204,0.03744230444869673,0.02084855588620613,0.03276201639260964,0.010920672130869878,0.057333528687066856,0.043682688523479514
39,0.03368630968212309,0.06982775780104367,0.04449713669528576,0.039032576048496276,0.04408224497784719,0.02379526026485869,0.02949620803664775,0.033709952041883144,0.021451787663016548,0.04120105249563496,0.033709952041883144,0.024078537172773678,0.08989320544502172,0.019262829738218943,0.016854976020941572,0.078656554764394,0.13483980816753258,0.05056492806282472,0.09270236811517865,0.06741990408376629,0.011236650680627715
40,0.03448271481810576,0.06979395765816457,0.05812799249725679,0.06090616860925802,0.029911696139213385,0.03996299484186404,0.034513495545246214,0.02876124628770518,0.015339331353442762,0.04985282689868898,0.05522159287239394,0.031062145990721587,0.07395749045409902,0.02465249681803301,0.011504498515082073,0.051770243317869315,0.048318893763344695,0.13805398218098486,0.08053148960557449,0.02876124628770518,0.034513495545246214
41,0.030355021338750714,0.054676844067927166,0.03169672119879836,0.05315804284381807,0.02238233382897603,0.05062670747030293,0.02700091065082823,0.020883516831499957,0.06509148103324662,0.03271264175004189,0.02803940721432162,0.060752048964363516,0.018985015301363598,0.02603659241329865,0.0236257968194747,0.035438695229212044,0.05315804284381807,0.24300819585745406,0.04339432068883108,0.060752048964363516,0.018225614689309052
42,0.030745105766048733,0.08778073127329737,0.048368974375082224,0.036376666678780846,0.03551568048520023,0.041773205142116465,0.02308519231538015,0.05540446155691236,0.03957461539779455,0.06925557694614046,0.026383076931863033,0.026932724367943507,0.05814048434984631,0.07695064105126717,0.010260085473502288,0.06925557694614046,0.053865448735887014,0.025650213683755724,0.07695064105126717,0.061560512841013736,0.0461703846307603
43,0.034944891528960124,0.10387774369925828,0.06259442987678186,0.033138227581825684,0.034979240225260444,0.04292906754918328,0.034979240225260444,0.029149366854383706,0.029149366854383706,0.06607189820326974,0.034979240225260444,0.046638986967013935,0.04080911359613718,0.011659746741753484,0.011659746741753482,0.04197508827031254,0.04897093631536462,0.034979240225260444,0.1515767076427953,0.034979240225260444,0.06995848045052089
44,0.03425400862840078,0.07714649170905145,0.08269297150512704,0.04150571483761832,0.03832113313652229,0.04033803488054978,0.014286387353528046,0.03117029968042483,0.02666792305991902,0.05922356939280717,0.04457352854300751,0.045716439531289746,0.03428732964846731,0.08000376917975704,0.00979637989956209,0.022858219765644873,0.07714649170905145,0.017143664824233656,0.08571832412116828,0.10286198894540192,0.03428732964846731
45,0.03165379929599602,0.08339388441661917,0.045633133552774006,0.058852255574014106,0.02609738029978905,0.05017532045733253,0.03412734346895492,0.02970907132342058,0.05545693313705174,0.031689676078315285,0.06337935215663057,0.018108386330465878,0.040743869243548225,0.031689676078315285,0.02376725705873646,0.12675870431326114,0.02640806339859607,0.01901380564698917,0.10299144725452467,0.0792241901957882,0.021126450718876855
46,0.03452578751802469,0.09843890434950284,0.04463785423295276,0.09215557002932181,0.025918754070746758,0.05316667501691643,0.04398334024126723,0.02591875407074676,0.0377000059210862,0.04895764657807722,0.1267139087903175,0.026878707925218865,0.07775626221224029,0.014810716611855294,0.009873811074570195,0.015950002505074928,0.04607778501466091,0.030238546415871217,0.04838167426539395,0.08063612377565658,0.017279169380497842
47,0.02800778856513557,0.06796849033060191,0.047220214334944485,0.029311411455072073,0.025700585406258844,0.048063432448068495,0.028037002261373286,0.024298735293190182,0.028037002261373286,0.07788056183714803,0.04361311462880289,0.032709835971602166,0.05957862980541823,0.01869133484091552,0.035046252826716605,0.017523126413358302,0.04485920361819726,0.04906475395740324,0.2523330203523596,0.014018501130686643,0.028037002261373286
48,0.03566498061241032,0.08878278895035796,0.06801166027253096,0.10315101808000529,0.05355918246461811,0.0714122432861575,0.03570612164307875,0.03868163178000198,0.026184489204924413,0.05355918246461812,0.0436408153415407,0.03895213270154046,0.028564897314463,0.02142367298584725,0.02380408109538583,0.0624857128753878,0.03570612164307875,0.025504372602199107,0.085694691943389,0.02380408109538583,0.03570612164307875
49,0.028098488531415597,0.07756296768819508,0.025217516588280173,0.03164313379587079,0.04375346895231517,0.0468787167346234,0.09844530514270912,0.019472697720535868,0.0127851045639882,0.04375346895231517,0.052738556326451316,0.06750535209785768,0.039378122057083645,0.037502973387698715,0.017579518775483773,0.0843816901223221,0.0468787167346234,0.05625446008154807,0.050629014073393264,0.09844530514270912,0.021095422530580527
50,0.031019844272744068,0.06758825836926392,0.04436294950878327,0.06047370485670983,0.034935822738166825,0.05240373410725023,0.03415947112176312,0.03327221213158745,0.04658109698422243,0.06728380675498798,0.05865767768383567,0.05589731638106692,0.05589731638106692,0.013801806513843686,0.020702709770765524,0.012421625862459316,0.02587838721345691,0.06210812931229658,0.11386490373921039,0.07763516164037072,0.03105406465614829
51,0.03444799600980925,0.07080911984671603,0.05443083312316815,0.05553960935345491,0.029876479514272292,0.022981907318670995,0.017236430489003245,0.06894572195601298,0.02193727516782231,0.04596381463734199,0.043091076222508115,0.028727384148338746,0.029548166552576995,0.019698777701717997,0.03447286097800649,0.08043667561534847,0.05745476829667749,0.03447286097800649,0.1120367981785211,0.06894572195601298,0.06894572195601298
52,0.030884076094109855,0.07556103586314843,0.05299085631961059,0.051518888088510295,0.02318349963982963,0.0357920696193861,0.02114985932054633,0.04250308267302099,0.018546799711863703,0.021400153513688885,0.015455666426553088,0.030911332853106176,0.09273399855931852,0.06182266570621235,0.030911332853106176,0.04945813256496988,0.06182266570621235,0.0927339985593185,0.0927339985593185,0.08243022094161646,0.015455666426553088
53,0.029588822969185587,0.06582416964497848,0.03357032651893903,0.05759614843935616,0.012342031808433464,0.047849107934234344,0.03231368328026216,0.03357032651893903,0.047393402144384505,0.07193641396915505,0.023696701072192253,0.02665878870621628,0.059241752680480625,0.029620876340240312,0.016926215051565895,0.016926215051565895,0.029620876340240312,0.04443131451036047,0.22215657255180235,0.06911537812722739,0.029620876340240312
54,0.034262599980436896,0.08740544422100652,0.09064560987476895,0.031440143965573014,0.04001472868345656,0.06288028793114603,0.05612455451705596,0.058307176081608146,0.030011046512592423,0.034298338871534204,0.04409786426340112,0.045731118495378933,0.04573111849537894,0.02286555924768947,0.030011046512592423,0.09146223699075787,0.01905463270640789,0.05389738965526803,0.06173700996876156,0.025723754153650653,0.034298338871534204
55,0.026615014776974387,0.0756371851273318,0.029719331044349335,0.03270058055350037,0.02058925442257431,0.029605463875597045,0.01776327832535823,0.06851550211209602,0.010971436612721255,0.031085737069376892,0.14654704618420536,0.056620449662079346,0.056620449662079346,0.010657966995214936,0.02664491748803734,0.05328983497607468,0.033306146860046675,0.07327352309210268,0.06661229372009335,0.07993475246411202,0.05328983497607468
56,0.031055922089476592,0.05941560491264599,0.04731020108059527,0.13324097447188055,0.029016923329431763,0.04559802237482134,0.033915884411024146,0.03553092652583482,0.04490714324793012,0.02220682907864676,0.07383770668650047,0.021762692497073823,0.03997229234156417,0.013817582537824651,0.046634341065158194,0.04974329713616874,0.031089560710105463,0.062179121420210925,0.1088134624853691,0.007772390177526366,0.062179121420210925
57,0.03291722825917967,0.05543005782539919,0.0425432388261367,0.03952404123202377,0.02140885566734621,0.03293670102668648,0.03659633447409608,0.03293670102668648,0.026349360821349182,0.05928606184803565,0.04757523481632492,0.037053788655022284,0.02994245547880589,0.03952404123202377,0.02352621501906177,0.14272570444897476,0.052698721642698364,0.03293670102668648,0.14272570444897476,0.02195780068445765,0.049405051540029714
58,0.02676463178788709,0.1153614402323001,0.027758326347382463,0.05181554251511393,0.018425785592659047,0.04243514257703296,0.04594481602325373,0.08040342804069403,0.024121028412208204,0.03898348026215468,0.04141994777853935,0.08040342804069402,0.021928207647462006,0.023823237937983417,0.019143673343022388,0.04288182828837015,0.040201714020347015,0.021440914144185075,0.14740628474127238,0.06253599958720646,0.02680114268023134
59,0.03274376067160915,0.07579971013334111,0.046341668077792886,0.05531330198919485,0.02280226297783234,0.043704337374178656,0.05098839360320843,0.044697617769046356,0.01821014057257444,0.03277825303063399,0.0421434681822437,0.02383872947682472,0.0874086747483573,0.014047822727414568,0.06555650606126798,0.03277825303063399,0.039333903636760786,0.07375106931892648,0.07648259040481263,0.11472388560721895,0.006555650606126799
60,0.03005416924991623,0.06153363073455308,0.04763158823526516,0.042975869084449766,0.015041554179557418,0.04061219628480502,0.03384349690400419,0.04813297337458374,0.06016621671822967,0.04922690458764246,0.02461345229382123,0.03384349690400419,0.040110811145486445,0.015041554179557418,0.010939312130587214,0.15041554179557418,0.030083108359114836,0.11030473065008774,0.07520777089778709,0.050138513931858066,0.030083108359114836
61,0.03578346541509146,0.07161357480752159,0.036859928209753756,0.058975885135606004,0.030691532060366396,0.042520560041965944,0.03133093897829069,0.027849723536258395,0.033052419141933034,0.04028263582923089,0.04654882362488903,0.08056527165846178,0.039785319337512,0.0204610213735776,0.04296814488451295,0.06266187795658137,0.017903393701880398,0.028645429923008635,0.16709834121755035,0.030691532060366396,0.053710181105641186
62,0.030509799959775034,0.09164692890288507,0.045159356270986856,0.039277255244093603,0.038880515292133065,0.09164692890288509,0.021820697357829783,0.040731968401282265,0.01174960626960065,0.09673842495304535,0.03360387393105786,0.030548976300961695,0.050914960501602824,0.034367598338581905,0.034367598338581905,0.05346070852668296,0.033943307001068554,0.03733763770117541,0.09164692890288509,0.06109795260192339,0.030548976300961695
63,0.032248004947353186,0.054869446724760323,0.03748197499224614,0.048414217698317934,0.03057740065156922,0.05462116868528177,0.025103668436164857,0.04303486017628261,0.05071965663633308,0.10973889344952066,0.06993164778645924,0.038731374158654346,0.10758715044070653,0.032276145132211956,0.020172590707632474,0.032276145132211956,0.05164183221153913,0.048414217698317934,0.05164183221153913,0.012103554424579483,0.048414217698317934
64,0.0314173269100417,0.06034110934700106,0.04785164519557033,0.033295094304144734,0.04611987136944493,0.03369146447443217,0.02470707394791693,0.04859738512069611,0.031445366842803364,0.03593756210606099,0.04716805026420504,0.053906343159091485,0.034589903527083694,0.09433610052841007,0.026953171579545743,0.040429757369318614,0.015722683421401682,0.07337252263320784,0.09433610052841007,0.06289073368560673,0.06289073368560673
65,0.03695699584810425,0.099759866912745,0.04931948476585147,0.042033651789077954,0.05856688815944861,0.05317256951318361,0.030054061029190737,0.04007208137225432,0.0369896135743886,0.05548442036158289,0.03362692143126236,0.02017615285875742,0.02219376814463316,0.02465974238292573,0.046237016967985746,0.05918338171902176,0.08630909834024005,0.06781429155304576,0.06341076612752332,0.055484420361582895,0.0184948067871943
66,0.031438122858166856,0.09062261313838288,0.07555064169010448,0.04814501676330188,0.019674646273464706,0.043284221801622356,0.02861766730685776,0.04197257871672472,0.04497062005363362,0.05036709446006966,0.08184652849761319,0.022035603826280472,0.05246572339590589,0.017488574465301963,0.03147943403754353,0.06295886807508706,0.04197257871672471,0.047219151056315294,0.08394515743344942,0.06295886807508706,0.020986289358362355
67,0.03425095287946921,0.09510929470559859,0.04285447871909239,0.024488273553767082,0.03199801077692232,0.07101599330592455,0.025712687231455433,0.07346482066130124,0.03428358297527392,0.07713806169436631,0.05713930495878986,0.04190215696977923,0.04114029957032869,0.01523714798901063,0.03428358297527392,0.03428358297527392,0.02285572198351594,0.07713806169436631,0.06856716595054783,0.07999502694230579,0.01714179148763696
68,0.030670390299068515,0.05264005105734901,0.06141339290024051,0.04989838173144542,0.04606004467518038,0.04094226193349368,0.046060044675180385,0.03838337056265032,0.018896428584689387,0.11515011168795096,0.04776597225574262,0.04825338013590326,0.07676674112530064,0.02149468751508418,0.020471130966746836,0.05117782741686709,0.03948003829301176,0.030706696450120256,0.08444341523783071,0.06909006701277057,0.010235565483373418
69,0.038379139046973536,0.07975208749789517,0.06632581014134717,0.039999117958049286,0.027926656901619863,0.0209449926762149,0.023039491943836386,0.03839915323972731,0.048871649577834755,0.02710528463980751,0.05759872985959096,0.023999470774829567,0.03141748901432234,0.007679830647945462,0.031999294366439425,0.07679830647945463,0.0493703398796494,0.1055976714092501,0.08959802422603037,0.07679830647945463,0.03839915323972731
70,0.03728284581987559,0.09560434486607104,0.051908191486138254,0.04352718140243885,0.02238540757839712,0.05596351894599281,0.0440924694726004,0.013324647368093526,0.041454458478513194,0.03730901263066187,0.07994788420856115,0.04477081515679424,0.033578111367595684,0.018654506315330936,0.043527181402438844,0.031979153683424466,0.03730901263066187,0.06529077210365827,0.06529077210365827,0.09949070034843165,0.03730901263066187
71,0.032749132320524954,0.06730827867967444,0.04915275614107804,0.02137076353959915,0.015604049568596205,0.03481653559993028,0.029127559194712917,0.055706456959888455,0.018432283552904268,0.04505669312932154,0.08192126023513008,0.02978954917641094,0.037449718964630896,0.0382299214430607,0.03276850409405203,0.11468976432918208,0.014563779597356458,0.09830551228215609,0.10649763830566909,0.04369133879206937,0.03276850409405203
72,0.028263775366218172,0.06092832460129219,0.034349897287973406,0.0518616096308618,0.028288150707742803,0.03660819503354951,0.0424322260616142,0.034816185486452676,0.0259308048154309,0.03677459592006564,0.0495042637385499,0.028288150707742803,0.045261041132388484,0.028288150707742803,0.00848644521232284,0.0377175342769904,0.02475213186927495,0.05091867127393704,0.3111696577851708,0.028288150707742803,0.007072037676935701
73,0.031064255773845872,0.06574326195780897,0.051824643435209775,0.03405619425742357,0.03331584220834914,0.05700710777873075,0.054415875606970254,0.04664217909168879,0.0690995245802797,0.025912321717604887,0.04886323523891207,0.027207937803485127,0.017274881145069924,0.012437914424450346,0.017274881145069924,0.06840852933447689,0.06218957212225173,0.13992653727506638,0.036277250404646834,0.06996326863753319,0.031094786061125864
74,0.031424432524743647,0.10029196935360443,0.04114542332455567,0.04719622087228444,0.045766032361003094,0.039330184060237035,0.031464147248189626,0.06742317267469206,0.050342635597103405,0.031464147248189626,0.04944365996144084,0.05663546504674132,0.03539716565421333,0.031464147248189626,0.003496016360909959,0.04719622087228444,0.07866036812047407,0.044049806147465474,0.1363446380754884,0.015732073624094813,0.015732073624094813
75,0.024857646052688562,0.05351845858958695,0.04701880082806089,0.04212544146586449,0.030636684702446907,0.05531623626830692,0.03650871593708257,0.029418180197235955,0.031115382900922643,0.031681117135484875,0.05334065640158167,0.17424614424516677,0.05476307390562384,0.02844835008084356,0.024892306320738116,0.024892306320738116,0.024892306320738116,0.05808204808172226,0.13690768476405962,0.012446153160369058,0.024892306320738116
76,0.03800692328313939,0.09335333209099798,0.053245974600050705,0.03968644069568997,0.02766024654548089,0.05976588985719977,0.02173305085716356,0.032599576285745335,0.026147576812524904,0.06465582630006159,0.053245974600050705,0.04437164550004225,0.07606567800007244,0.027166313571454444,0.03803283900003622,0.04754104875004528,0.07606567800007244,0.03803283900003622,0.06655746825006338,0.05704925850005433,0.01901641950001811
77,0.035586091407744116,0.07507951844950306,0.04197440111119195,0.05342196505060794,0.02543903097647997,0.03957182596341329,0.04155041726158395,0.05540055634877861,0.021368786020243176,0.07914365192682658,0.0890366084176799,0.03561464336707196,0.08013294757591191,0.047486191156095946,0.023743095578047973,0.031162812946187963,0.029678869472559967,0.04451830420883995,0.0890366084176799,0.02543903097647997,0.03561464336707196
78,0.03739400738186365,0.071589452286834,0.07718237824674291,0.02494783943329064,0.04054023907909729,0.04989567886658128,0.03534277253049507,0.03742175914993596,0.04573770562769951,0.04490611097992315,0.03430327922077463,0.0841989580873559,0.056132638724903934,0.024947839433290635,0.046777198937419946,0.03742175914993596,0.08731743801651722,0.032075793557087964,0.06949755270702393,0.04989567886658127,0.012473919716645318
79,0.03346504044584428,0.06985240328882891,0.06521907877363622,0.0423042673126289,0.05581813048194091,0.02711166337694273,0.027211338609946192,0.036839966118081,0.018033549848011678,0.05581813048194091,0.07256356962652319,0.020094526973498728,0.061399943530135,0.02093179893072784,0.012178501196059835,0.05023631743374681,0.023922055920831818,0.1172180740120759,0.0669817565783291,0.05581813048194091,0.0669817565783291
80,0.028267201464731693,0.06425900792046826,0.03890912406193492,0.03495579060109661,0.020212531980225934,0.04087423133779022,0.023829511387213734,0.0367868082040112,0.026276291574293717,0.02315253663189516,0.05659508954463261,0.05659508954463261,0.04244631715847446,0.012576686565473914,0.014148772386158153,0.15563649624773968,0.12733895147542337,0.050935580590169345,0.04716257462052718,0.05659508954463261,0.04244631715847446
81,0.03371509093775554,0.09580143884723683,0.049417057132645305,0.03796676340678846,0.03374823413936752,0.03374823413936752,0.03374823413936752,0.03585749877307799,0.03374823413936752,0.039372939829262106,0.05399717462298804,0.01687411706968376,0.059059409743893156,0.05062235120905128,0.02249882275957835,0.05062235120905128,0.04724752779511453,0.037966763406788465,0.05399717462298804,0.07874587965852421,0.10124470241810256
82,0.0344207707465028,0.07065839892006669,0.04182724864643234,0.03988480675882712,0.021197519676020005,0.04736320802610721,0.04133516336823902,0.07319768513125659,0.030618639532028903,0.04018696438578793,0.07271926888856864,0.024604263909666083,0.03827329941503613,0.04592795929804335,0.007654659883007226,0.049208527819332167,0.060280446578681895,0.048224357262945515,0.1550068626308963,0.02296397964902168,0.03444596947353251
83,0.03848706459584844,0.09367803957609319,0.07704362133360936,0.04922231362980598,0.026483744833428215,0.04237399173348514,0.03852181066680468,0.05136241422240624,0.042802011852005196,0.06848321896320832,0.04622617280016561,0.04333703700015526,0.03370658433345409,0.03301869485726115,0.014445679000051753,0.021401005926002598,0.017779297230832925,0.03370658433345409,0.14124663911161714,0.06741316866690818,0.01926090533340234
84,0.02921920463614436,0.08207971817551919,0.06399780006259541,0.0473670792300026,0.02925613717147219,0.04806365392456145,0.06269172251029755,0.024380114309560157,0.01671779266941268,0.04255438134032318,0.02340490973717775,0.040227188610774255,0.06582630863581242,0.014628068585736094,0.02925613717147219,0.051198240050076324,0.02925613717147219,0.14628068585736093,0.06582630863581242,0.0780163657905925,0.009752045723824062
85,0.03409450195930756,0.08045267652268764,0.0552604242782097,0.037923820583085084,0.04654287071560442,0.06598744781456804,0.03169347863014968,0.039520613028688666,0.01950367915701519,0.03938242906704989,0.0910171693994042,0.040957726229731886,0.03839786834037365,0.059730017418359,0.01462775936776139,0.017065719262388288,0.14790290027403183,0.02844286543731381,0.05688573087462762,0.020478863114865943,0.034131438524776576
86,0.035621682503944256,0.09209650983790094,0.0346599768207154,0.050329781467391775,0.023766841248490565,0.06417047137092452,0.035650261872735844,0.05092894553247978,0.025927463180171525,0.06417047137092452,0.02546447276623989,0.035650261872735844,0.05347539280910377,0.012963731590085762,0.029708551560613205,0.044562827340919806,0.044562827340919806,0.09506736499396225,0.10695078561820752,0.06238795827728772,0.011883420624245281
87,0.03156611510567302,0.050545792160226415,0.05686401618025471,0.04645752955903163,0.023693340075106133,0.04307880013655661,0.02527289608011321,0.05054579216022642,0.027078102942978438,0.08950817361706762,0.022113784070099056,0.0579170535169261,0.05054579216022642,0.019744450062588445,0.015795560050070757,0.03159112010014151,0.017550622277856396,0.05054579216022642,0.11056892035049527,0.02106074673342767,0.15795560050070756
88,0.043660304967486456,0.11050354196994408,0.08082177662685444,0.06310408985880529,0.03822651597216088,0.054609308531658414,0.02759207167915373,0.058249929100435645,0.03024515549445696,0.05679368087292475,0.03822651597216088,0.04368744682532673,0.031772688600237624,0.017474978730130694,0.031205319160947667,0.04368744682532673,0.027304654265829207,0.04368744682532673,0.04992851065751627,0.08737489365065346,0.021843723412663364
89,0.028207752247456697,0.06117503219985663,0.04620212222087073,0.04840222327900744,0.010402232195927036,0.04058728097875103,0.04941060293065342,0.02080446439185407,0.02171894634314436,0.03764617366145023,0.04078335479990442,0.017967491974783065,0.03176395902684863,0.02823463024608767,0.018823086830725113,0.12705583610739452,0.050822334442957806,0.02823463024608767,0.11293852098435068,0.14117315123043836,0.037646173661450226
90,0.03960511491548472,0.08891072913834323,0.09413289545821579,0.08174698816108214,0.01849628823038626,0.04380699844038851,0.020679080009127496,0.036586064631533265,0.03468054043197424,0.06125394154218827,0.02972617751312077,0.05945235502624154,0.11324258100236487,0.026423268900551803,0.01981745167541385,0.029726177513120778,0.024771814594267316,0.028310645250591217,0.06936108086394847,0.0396349033508277,0.0396349033508277
91,0.03307347045489797,0.0922256449607002,0.06290261938345192,0.04552163244855073,0.03126738390405505,0.03531375123281511,0.028968311558168643,0.014897988801343874,0.039126031195448566,0.09459040508789762,0.06148376330713347,0.04414218904101889,0.03310664178076417,0.04256568228955394,0.04138330222595521,0.03678515753418241,0.05297062684922267,0.027588868150636808,0.06621328356152834,0.08276660445191042,0.03310664178076417
92,0.0372425354883308,0.0719941467182508,0.059189651419572276,0.04844782579157584,0.03138320699049447,0.05590133745181827,0.021295747600692676,0.06020144033272736,0.015691603495247234,0.05081939768347116,0.06521822702712131,0.029814046640969746,0.04658444787651522,0.03726755830121218,0.055901337451818266,0.06708160494218192,0.022360534980727306,0.027950668725909136,0.14907023320484872,0.03726755830121218,0.009316889575303045
