,0,1,2,3,4,5,6,7,8,9,10,11,12,13,14,15,16,17,18,19,20
0,0.04431314623338256,0.1107828655834564,0.017725258493353026,0.08862629246676512,0.04431314623338256,0.08862629246676512,0.02215657311669128,0.04431314623338256,0.014771048744460854,0.04431314623338256,0.02215657311669128,0.04431314623338256,0.04431314623338256,0.014771048744460854,0.04431314623338256,0.08862629246676512,0.04431314623338256,0.04431314623338256,0.04431314623338256,0.04431314623338256,0.04431314623338256
1,0.03656416000626094,0.045732713923753436,0.027439628354252062,0.0731723422780055,0.03658617113900275,0.054879256708504125,0.012195390379667582,0.018293085569501374,0.018293085569501374,0.03658617113900275,0.0731723422780055,0.0731723422780055,0.03658617113900275,0.03658617113900275,0.03658617113900275,0.054879256708504125,0.03658617113900275,0.146344684556011,0.03658617113900275,0.0731723422780055,0.03658617113900275
2,0.03283210689707051,0.2137084862946983,0.06575645732144564,0.06575645732144564,0.04383763821429709,0.06575645732144564,0.06575645732144564,0.06575645732144564,0.03287822866072282,0.021918819107148546,0.010959409553574273,0.04931734299108423,0.008219557165180705,0.03287822866072282,0.03287822866072282,0.01643911433036141,0.010959409553574273,0.03287822866072282,0.06575645732144564,0.03287822866072282,0.03287822866072282
3,0.0384318954288665,0.07692544836569068,0.06410454030474222,0.05128363224379378,0.11538817254853602,0.03846272418284534,0.03846272418284534,0.05769408627426801,0.012820908060948445,0.02564181612189689,0.03846272418284534,0.07692544836569068,0.09615681045711334,0.01923136209142267,0.01923136209142267,0.03846272418284534,0.01923136209142267,0.01923136209142267,0.07692544836569068,0.03846272418284534,0.03846272418284534
4,0.03425586044392133,0.08571693546355727,0.03428677418542291,0.03428677418542291,0.03428677418542291,0.045715698913897214,0.011428924728474303,0.03428677418542291,0.017143387092711456,0.06857354837084582,0.17143387092711454,0.03428677418542291,0.06857354837084582,0.017143387092711456,0.017143387092711456,0.017143387092711456,0.06857354837084582,0.06857354837084582,0.06857354837084582,0.03428677418542291,0.03428677418542291
5,0.03240100684764663,0.05405580967331582,0.129733943215958,0.0324334858039895,0.0324334858039895,0.010811161934663166,0.010811161934663166,0.04865022870598425,0.01621674290199475,0.064866971607979,0.064866971607979,0.01621674290199475,0.064866971607979,0.064866971607979,0.0324334858039895,0.0324334858039895,0.0324334858039895,0.0324334858039895,0.0973004574119685,0.0973004574119685,0.0324334858039895
6,0.03311063229526747,0.10773910097281304,0.04143811575877425,0.06630098521403881,0.0110501642023398,0.13260197042807761,0.016575246303509702,0.016575246303509702,0.033150492607019404,0.033150492607019404,0.0994514778210582,0.016575246303509702,0.033150492607019404,0.06630098521403881,0.016575246303509702,0.033150492607019404,0.033150492607019404,0.0110501642023398,0.0994514778210582,0.06630098521403881,0.033150492607019404
7,0.038428193262254204,0.07692574453901965,0.07692574453901965,0.11538861680852948,0.038462872269509826,0.09615718067377457,0.038462872269509826,0.025641914846339882,0.11538861680852948,0.025641914846339882,0.025641914846339882,0.019231436134754913,0.019231436134754913,0.038462872269509826,0.019231436134754913,0.038462872269509826,0.038462872269509826,0.038462872269509826,0.07692574453901965,0.019231436134754913,0.019231436134754913
8,0.029464398762574135,0.06496485768932059,0.09843160255957664,0.03937264102383066,0.11811792307149198,0.029529480767872995,0.014764740383936497,0.04429422115180949,0.08858844230361898,0.04429422115180949,0.029529480767872995,0.029529480767872995,0.08858844230361898,0.029529480767872995,0.014764740383936497,0.029529480767872995,0.029529480767872995,0.05905896153574599,0.029529480767872995,0.029529480767872995,0.05905896153574599
9,0.03645654963796951,0.09483456041418091,0.02735612319639834,0.07294966185706224,0.0607913848808852,0.01458993237141245,0.0060791384880885205,0.10942449278559337,0.03647483092853112,0.10942449278559337,0.03647483092853112,0.01823741546426556,0.01823741546426556,0.012158276976177041,0.03647483092853112,0.05471224639279668,0.03647483092853112,0.03647483092853112,0.10942449278559337,0.03647483092853112,0.03647483092853112
10,0.028774076565275926,0.032927563444601474,0.1728697080841577,0.14405809007013143,0.05762323602805257,0.04321742702103942,0.014405809007013142,0.009603872671342094,0.011524647205610514,0.03841549068536838,0.08643485404207885,0.028811618014026284,0.028811618014026284,0.014405809007013142,0.028811618014026284,0.028811618014026284,0.028811618014026284,0.05762323602805257,0.05762323602805257,0.05762323602805257,0.028811618014026284
11,0.04304517197792952,0.0860644599077665,0.05737630660517766,0.02868815330258883,0.12909668986164974,0.02458984568793329,0.021516114976941624,0.04303222995388325,0.014344076651294415,0.0860644599077665,0.06454834493082487,0.014344076651294415,0.021516114976941624,0.04303222995388325,0.021516114976941624,0.021516114976941624,0.021516114976941624,0.04303222995388325,0.12909668986164974,0.04303222995388325,0.04303222995388325
12,0.03203578459601709,0.08021802890088256,0.021391474373568684,0.04813081734052954,0.032087211560353025,0.032087211560353025,0.032087211560353025,0.04813081734052954,0.032087211560353025,0.032087211560353025,0.16043605780176512,0.016043605780176513,0.06417442312070605,0.09626163468105908,0.032087211560353025,0.032087211560353025,0.016043605780176513,0.06417442312070605,0.06417442312070605,0.032087211560353025,0.032087211560353025
13,0.03713378088277265,0.08359288719024159,0.04953652574236539,0.07430478861354808,0.02229143658406443,0.07430478861354808,0.01857619715338702,0.03715239430677404,0.03715239430677404,0.014860957722709619,0.05572859146016106,0.03715239430677404,0.11145718292032213,0.012384131435591347,0.03715239430677404,0.03715239430677404,0.03715239430677404,0.03715239430677404,0.11145718292032213,0.03715239430677404,0.03715239430677404
14,0.03577471892380469,0.07155660712995883,0.011926101188326472,0.011926101188326472,0.007155660712995884,0.07155660712995883,0.035778303564979415,0.053667455347469126,0.035778303564979415,0.053667455347469126,0.10733491069493825,0.008944575891244854,0.07155660712995883,0.035778303564979415,0.011926101188326472,0.017889151782489707,0.10733491069493825,0.07155660712995883,0.10733491069493825,0.035778303564979415,0.035778303564979415
15,0.029208528902166235,0.06341853831292382,0.05854018921192969,0.08781028381789453,0.019513396403976563,0.0975669820198828,0.019513396403976563,0.08781028381789453,0.029270094605964844,0.08781028381789453,0.029270094605964844,0.014635047302982422,0.029270094605964844,0.014635047302982422,0.009756698201988281,0.05854018921192969,0.05854018921192969,0.05854018921192969,0.08781028381789453,0.029270094605964844,0.029270094605964844
16,0.03887405158031301,0.04860717878049664,0.11665722907319194,0.029164307268297985,0.07777148604879464,0.031108594419517854,0.029164307268297985,0.03888574302439732,0.03888574302439732,0.11665722907319194,0.03888574302439732,0.05832861453659597,0.03888574302439732,0.05832861453659597,0.01944287151219866,0.02592382868293154,0.01944287151219866,0.07777148604879464,0.01944287151219866,0.03888574302439732,0.03888574302439732
17,0.03458520192336603,0.09694541905372057,0.04616448526367646,0.051935045921636024,0.03462336394775735,0.02308224263183823,0.03462336394775735,0.017311681973878675,0.03462336394775735,0.03462336394775735,0.017311681973878675,0.008655840986939337,0.10387009184327205,0.0692467278955147,0.03462336394775735,0.0692467278955147,0.10387009184327205,0.03462336394775735,0.0692467278955147,0.011541121315919115,0.0692467278955147
18,0.028732195476912657,0.08633491595760777,0.05755661063840518,0.021583728989401942,0.01918553687946839,0.02877830531920259,0.03837107375893678,0.08633491595760777,0.02877830531920259,0.17266983191521554,0.05755661063840518,0.014389152659601294,0.05755661063840518,0.014389152659601294,0.02877830531920259,0.02877830531920259,0.05755661063840518,0.02877830531920259,0.05755661063840518,0.05755661063840518,0.02877830531920259
19,0.03594343035969377,0.04796301341494061,0.059953766768675754,0.028777808048964366,0.035972260061205456,0.059953766768675754,0.023981506707470304,0.035972260061205456,0.1798613003060273,0.035972260061205456,0.017986130030602728,0.07194452012241091,0.035972260061205456,0.035972260061205456,0.035972260061205456,0.07194452012241091,0.017986130030602728,0.035972260061205456,0.023981506707470304,0.035972260061205456,0.07194452012241091
20,0.030535035619323973,0.13755921791887973,0.09170614527925315,0.021834796495060274,0.09170614527925315,0.020379143395389588,0.040758286790779176,0.06113743018616877,0.030568715093084384,0.06113743018616877,0.030568715093084384,0.06113743018616877,0.020379143395389588,0.010189571697694794,0.06113743018616877,0.06113743018616877,0.06113743018616877,0.015284357546542192,0.030568715093084384,0.030568715093084384,0.030568715093084384
21,0.03858149079793157,0.019292679114422777,0.05787803734326833,0.028939018671634165,0.019292679114422777,0.07717071645769111,0.0257235721525637,0.038585358228845554,0.07717071645769111,0.05787803734326833,0.07717071645769111,0.019292679114422777,0.07717071645769111,0.038585358228845554,0.07717071645769111,0.07717071645769111,0.019292679114422777,0.05787803734326833,0.038585358228845554,0.038585358228845554,0.038585358228845554
22,0.041297841925682234,0.06606992618459047,0.010323425966342259,0.041293703865369034,0.020646851932684517,0.020646851932684517,0.027529135910246024,0.041293703865369034,0.08258740773073807,0.008258740773073809,0.08258740773073807,0.08258740773073807,0.061940555798053555,0.041293703865369034,0.041293703865369034,0.08258740773073807,0.041293703865369034,0.020646851932684517,0.061940555798053555,0.08258740773073807,0.041293703865369034
23,0.032096616255032094,0.12855385284935933,0.038566155854807806,0.05624231062159471,0.016069231606169916,0.016069231606169916,0.021425642141559887,0.03213846321233983,0.03213846321233983,0.06427692642467966,0.03213846321233983,0.0964153896370195,0.06427692642467966,0.016069231606169916,0.03213846321233983,0.06427692642467966,0.03213846321233983,0.03213846321233983,0.0964153896370195,0.06427692642467966,0.03213846321233983
24,0.0371000603083662,0.07425963545179695,0.037129817725898476,0.022277890635539088,0.037129817725898476,0.037129817725898476,0.07425963545179695,0.07425963545179695,0.055694726588847714,0.037129817725898476,0.11138945317769543,0.11138945317769543,0.012376605908632824,0.037129817725898476,0.037129817725898476,0.018564908862949238,0.037129817725898476,0.037129817725898476,0.037129817725898476,0.037129817725898476,0.037129817725898476
25,0.031699852947021184,0.04762131870752354,0.04762131870752355,0.0317475458050157,0.0634950916100314,0.04762131870752355,0.0317475458050157,0.0317475458050157,0.0634950916100314,0.0634950916100314,0.0317475458050157,0.0317475458050157,0.0317475458050157,0.0634950916100314,0.0634950916100314,0.01587377290250785,0.0952426374150471,0.04762131870752355,0.0634950916100314,0.0634950916100314,0.0317475458050157
26,0.03257392147358216,0.04891480172324584,0.08152466953874307,0.03260986781549723,0.021739911876998152,0.03260986781549723,0.03260986781549723,0.016304933907748616,0.048914801723245846,0.13043947126198893,0.016304933907748616,0.06521973563099447,0.016304933907748616,0.13043947126198893,0.048914801723245846,0.03260986781549723,0.016304933907748616,0.06521973563099447,0.016304933907748616,0.09782960344649169,0.016304933907748616
27,0.03311384753348335,0.09945114711084171,0.06630076474056114,0.04972557355542086,0.011050127456760189,0.06630076474056114,0.005525063728380094,0.13260152948112228,0.016575191185140285,0.03315038237028057,0.03315038237028057,0.016575191185140285,0.022100254913520377,0.09945114711084171,0.03315038237028057,0.03315038237028057,0.04972557355542086,0.03315038237028057,0.09945114711084171,0.03315038237028057,0.03315038237028057
28,0.03140805528322277,0.08180852375517988,0.025171853463132277,0.05506342945060185,0.010488272276305114,0.025171853463132277,0.031464816828915346,0.07866204207228836,0.06292963365783069,0.12585926731566138,0.12585926731566138,0.015732408414457673,0.031464816828915346,0.031464816828915346,0.031464816828915346,0.031464816828915346,0.031464816828915346,0.015732408414457673,0.09439445048674602,0.031464816828915346,0.031464816828915346
29,0.025588452179990184,0.14103325034236983,0.012821204576579075,0.02564240915315815,0.012821204576579075,0.0512848183063163,0.012821204576579075,0.06410602288289538,0.02564240915315815,0.06410602288289538,0.0512848183063163,0.0512848183063163,0.0512848183063163,0.07692722745947446,0.012821204576579075,0.012821204576579075,0.02564240915315815,0.07692722745947446,0.1025696366126326,0.0512848183063163,0.0512848183063163
30,0.025008806182881888,0.06015369833318982,0.05012808194432484,0.02506404097216242,0.00417734016202707,0.10025616388864968,0.05012808194432484,0.05012808194432484,0.05012808194432484,0.10025616388864968,0.02506404097216242,0.00835468032405414,0.05012808194432484,0.02506404097216242,0.02506404097216242,0.07519212291648726,0.10025616388864968,0.05012808194432484,0.05012808194432484,0.05012808194432484,0.02506404097216242
31,0.0347413125568563,0.12748699645475484,0.014901077507698618,0.03476918085129677,0.017384590425648386,0.10430754255389033,0.04635890780172903,0.023179453900864514,0.023179453900864514,0.06953836170259355,0.06953836170259355,0.06953836170259355,0.017384590425648386,0.03476918085129677,0.03476918085129677,0.06953836170259355,0.06953836170259355,0.03476918085129677,0.03476918085129677,0.03476918085129677,0.03476918085129677
32,0.02952250505481735,0.08284563981239364,0.0887631855132789,0.0591754570088526,0.0394503046725684,0.0295877285044263,0.00493128808407105,0.0295877285044263,0.0295877285044263,0.0887631855132789,0.0591754570088526,0.0591754570088526,0.0295877285044263,0.0591754570088526,0.04438159275663945,0.01479386425221315,0.0591754570088526,0.01479386425221315,0.0887631855132789,0.0591754570088526,0.0295877285044263
33,0.032112341651089164,0.1286942038801876,0.07507161893010941,0.021449033980031264,0.0321735509700469,0.0643471019400938,0.0321735509700469,0.04826032645507035,0.010724516990015632,0.040216938712558624,0.0643471019400938,0.0321735509700469,0.0321735509700469,0.0321735509700469,0.0321735509700469,0.0321735509700469,0.0643471019400938,0.0321735509700469,0.0965206529101407,0.0321735509700469,0.0643471019400938
34,0.039995872964056337,0.13009089977207017,0.06671328193439496,0.08005593832127397,0.06671328193439496,0.040027969160636986,0.020013984580318493,0.016011187664254793,0.08005593832127397,0.040027969160636986,0.12008390748191095,0.020013984580318493,0.013342656386878994,0.026685312773757987,0.06004195374095547,0.040027969160636986,0.020013984580318493,0.020013984580318493,0.020013984580318493,0.040027969160636986,0.040027969160636986
35,0.03633205392453188,0.08485126569217957,0.03636482815379125,0.03636482815379125,0.03636482815379125,0.054547242230686875,0.03636482815379125,0.018182414076895626,0.03636482815379125,0.10909448446137375,0.03636482815379125,0.054547242230686875,0.03636482815379125,0.03636482815379125,0.0727296563075825,0.024243218769194164,0.03636482815379125,0.0727296563075825,0.0727296563075825,0.03636482815379125,0.03636482815379125
36,0.034041409532095744,0.10227796840248397,0.05113898420124199,0.05113898420124199,0.03409265613416133,0.04545687484554843,0.03409265613416133,0.1363706245366453,0.017046328067080663,0.06818531226832265,0.03409265613416133,0.03409265613416133,0.017046328067080663,0.06818531226832265,0.03409265613416133,0.06818531226832265,0.017046328067080663,0.017046328067080663,0.03409265613416133,0.06818531226832265,0.03409265613416133
37,0.04218046251579774,0.05420483653756751,0.03372745384559757,0.08431863461399391,0.02529559038419818,0.25295590384198174,0.02810621153799797,0.02107965865349848,0.02107965865349848,0.02810621153799797,0.014053105768998986,0.04215931730699696,0.008431863461399392,0.02107965865349848,0.04215931730699696,0.04215931730699696,0.08431863461399391,0.02810621153799797,0.04215931730699696,0.04215931730699696,0.04215931730699696
38,0.027699944150455336,0.05155635918168897,0.046268527470746515,0.05552223296489582,0.16656669889468748,0.02776111648244791,0.02776111648244791,0.02776111648244791,0.02776111648244791,0.08328334944734374,0.05552223296489582,0.05552223296489582,0.02776111648244791,0.013880558241223955,0.05552223296489582,0.02776111648244791,0.05552223296489582,0.08328334944734374,0.04164167472367187,0.013880558241223955,0.02776111648244791
39,0.028273479385552556,0.05099439466781356,0.056660438519792855,0.056660438519792855,0.08499065777968928,0.028330219259896428,0.14165109629948214,0.028330219259896428,0.014165109629948214,0.014165109629948214,0.08499065777968928,0.056660438519792855,0.028330219259896428,0.056660438519792855,0.056660438519792855,0.056660438519792855,0.028330219259896428,0.04249532888984464,0.028330219259896428,0.028330219259896428,0.028330219259896428
40,0.045437334343051874,0.08519500189322227,0.05679666792881485,0.06815600151457782,0.03029155622870125,0.0363498674744415,0.045437334343051874,0.045437334343051874,0.015145778114350625,0.015145778114350625,0.022718667171525937,0.09087466868610375,0.045437334343051874,0.011359333585762969,0.045437334343051874,0.045437334343051874,0.022718667171525937,0.09087466868610375,0.045437334343051874,0.045437334343051874,0.09087466868610375
41,0.036931554604513805,0.0554195396966712,0.0184731798988904,0.01477854391911232,0.0369463597977808,0.0369463597977808,0.024630906531853868,0.055419539696671204,0.0184731798988904,0.0738927195955616,0.11083907939334241,0.0369463597977808,0.0738927195955616,0.0369463597977808,0.0369463597977808,0.0738927195955616,0.0369463597977808,0.0369463597977808,0.11083907939334241,0.0369463597977808,0.0369463597977808
42,0.03236655557993906,0.060187726207946365,0.06481755130086532,0.03240877565043266,0.06481755130086532,0.04321170086724355,0.01620438782521633,0.03240877565043266,0.01620438782521633,0.01620438782521633,0.09722632695129799,0.010802925216810887,0.16204387825216332,0.03240877565043266,0.010802925216810887,0.03240877565043266,0.03240877565043266,0.09722632695129799,0.08102193912608166,0.03240877565043266,0.03240877565043266
43,0.03798617659649343,0.06844367123028901,0.09506065448651252,0.07604852358921001,0.038024261794605003,0.11407278538381502,0.012674753931535002,0.038024261794605003,0.038024261794605003,0.038024261794605003,0.025349507863070005,0.07604852358921001,0.019012130897302502,0.07604852358921001,0.038024261794605003,0.038024261794605003,0.038024261794605003,0.019012130897302502,0.038024261794605003,0.038024261794605003,0.038024261794605003
44,0.040881930617556635,0.03577527434641441,0.08177205564894723,0.20443013912236804,0.010221506956118403,0.061329041736710416,0.020443013912236806,0.04088602782447361,0.04088602782447361,0.061329041736710416,0.027257351882982405,0.027257351882982405,0.04088602782447361,0.020443013912236806,0.04088602782447361,0.04088602782447361,0.04088602782447361,0.04088602782447361,0.04088602782447361,0.04088602782447361,0.04088602782447361
45,0.03805118399484,0.11429094843625662,0.11429094843625662,0.05714547421812831,0.07619396562417108,0.05714547421812831,0.009524245703021385,0.01904849140604277,0.05714547421812831,0.03809698281208554,0.03809698281208554,0.01904849140604277,0.05714547421812831,0.01904849140604277,0.03809698281208554,0.03809698281208554,0.03809698281208554,0.03809698281208554,0.07619396562417108,0.03809698281208554,0.01904849140604277
46,0.0350846520927471,0.07026082630392617,0.03513041315196309,0.12295644603187081,0.02810433052157047,0.03513041315196309,0.011710137717321028,0.03513041315196309,0.05269561972794463,0.03513041315196309,0.04684055086928411,0.07026082630392617,0.03513041315196309,0.03513041315196309,0.017565206575981544,0.07026082630392617,0.10539123945588925,0.017565206575981544,0.07026082630392617,0.03513041315196309,0.03513041315196309
47,0.03581805205398857,0.03584319509092979,0.07168639018185959,0.053764792636394686,0.03584319509092979,0.07168639018185959,0.053764792636394686,0.14337278036371917,0.017921597545464896,0.03584319509092979,0.014337278036371916,0.03584319509092979,0.03584319509092979,0.03584319509092979,0.017921597545464896,0.07168639018185959,0.053764792636394686,0.03584319509092979,0.03584319509092979,0.07168639018185959,0.03584319509092979
48,0.038205511468291,0.06369499924051053,0.1528679981772253,0.038216999544306324,0.038216999544306324,0.02866274965822974,0.05732549931645948,0.019108499772153162,0.07643399908861265,0.07643399908861265,0.1528679981772253,0.019108499772153162,0.019108499772153162,0.038216999544306324,0.009554249886076581,0.019108499772153162,0.019108499772153162,0.038216999544306324,0.038216999544306324,0.019108499772153162,0.038216999544306324
49,0.033104204328074344,0.06630142598893204,0.05801374774031554,0.06630142598893204,0.03315071299446602,0.06630142598893204,0.01657535649723301,0.03315071299446602,0.03315071299446602,0.03315071299446602,0.022100475329644015,0.03315071299446602,0.16575356497233013,0.02486303474584952,0.06630142598893204,0.06630142598893204,0.06630142598893204,0.01657535649723301,0.01657535649723301,0.06630142598893204,0.01657535649723301
50,0.029890673714017407,0.04191830422223381,0.07485411468256038,0.05988329174604831,0.01996109724868277,0.044912468809536234,0.044912468809536234,0.03992219449736554,0.11976658349209662,0.044912468809536234,0.05988329174604831,0.029941645873024156,0.029941645873024156,0.029941645873024156,0.029941645873024156,0.08982493761907247,0.029941645873024156,0.029941645873024156,0.11976658349209662,0.014970822936512078,0.014970822936512078
51,0.035864041274564745,0.031390473074781614,0.08968706592794747,0.017937413185589494,0.017937413185589494,0.07174965274235798,0.10762447911353697,0.07174965274235798,0.10762447911353697,0.023916550914119324,0.03587482637117899,0.011958275457059662,0.017937413185589494,0.017937413185589494,0.017937413185589494,0.03587482637117899,0.03587482637117899,0.07174965274235798,0.07174965274235798,0.07174965274235798,0.03587482637117899
52,0.042151563112669536,0.04816838655902763,0.05268417279893646,0.014049112746383057,0.06322100735872375,0.08429467647829834,0.021073669119574586,0.08429467647829834,0.014049112746383057,0.04214733823914917,0.04214733823914917,0.04214733823914917,0.021073669119574586,0.014049112746383057,0.04214733823914917,0.10536834559787292,0.08429467647829834,0.04214733823914917,0.04214733823914917,0.014049112746383057,0.08429467647829834
53,0.039458491938800265,0.05921146282569039,0.059211462825690404,0.059211462825690404,0.15789723420184107,0.11842292565138081,0.019737154275230134,0.03947430855046027,0.03947430855046027,0.026316205700306843,0.013158102850153421,0.03947430855046027,0.013158102850153421,0.03947430855046027,0.03947430855046027,0.03947430855046027,0.019737154275230134,0.03947430855046027,0.059211462825690404,0.03947430855046027,0.03947430855046027
54,0.03374129150594955,0.0540564312444224,0.050677904291646,0.050677904291646,0.067570539055528,0.016892634763882,0.016892634763882,0.033785269527764,0.033785269527764,0.067570539055528,0.067570539055528,0.067570539055528,0.135141078111056,0.033785269527764,0.033785269527764,0.033785269527764,0.033785269527764,0.067570539055528,0.033785269527764,0.033785269527764,0.033785269527764
55,0.03782372609511067,0.0756626165587069,0.05674696241903017,0.022698784967612073,0.028373481209515085,0.03783130827935345,0.1513252331174138,0.03783130827935345,0.03783130827935345,0.009457827069838363,0.018915654139676726,0.11349392483806034,0.03783130827935345,0.03783130827935345,0.0756626165587069,0.03783130827935345,0.03783130827935345,0.0756626165587069,0.03783130827935345,0.018915654139676726,0.012610436093117815
56,0.02707454684642939,0.054252348688860814,0.045210290574050675,0.027126174344430407,0.027126174344430407,0.16275704606658245,0.027126174344430407,0.054252348688860814,0.005425234868886081,0.10850469737772163,0.013563087172215204,0.027126174344430407,0.08137852303329123,0.054252348688860814,0.027126174344430407,0.027126174344430407,0.08137852303329123,0.027126174344430407,0.04068926151664561,0.054252348688860814,0.027126174344430407
57,0.026097905099954712,0.20916018145504328,0.03268127835235051,0.04357503780313401,0.05229004536376082,0.05229004536376082,0.017430015121253604,0.10458009072752164,0.02614502268188041,0.02614502268188041,0.07843506804564122,0.02614502268188041,0.05229004536376082,0.013072511340940205,0.02614502268188041,0.017430015121253604,0.05229004536376082,0.013072511340940205,0.05229004536376082,0.02614502268188041,0.05229004536376082
58,0.03178701942354075,0.12732663854156176,0.04244221284718725,0.021221106423593625,0.021221106423593625,0.03183165963539044,0.03183165963539044,0.04774748945308566,0.1591582981769522,0.09549497890617133,0.01591582981769522,0.03183165963539044,0.09549497890617133,0.04774748945308566,0.00795791490884761,0.06366331927078088,0.01591582981769522,0.03183165963539044,0.03183165963539044,0.03183165963539044,0.01591582981769522
59,0.03906626154666382,0.05859352063739854,0.052083129455465366,0.03906234709159903,0.02343740825495942,0.11718704127479708,0.05859352063739854,0.07812469418319806,0.006510391181933171,0.03906234709159903,0.019531173545799516,0.03906234709159903,0.07812469418319806,0.019531173545799516,0.07812469418319806,0.03906234709159903,0.07812469418319806,0.03906234709159903,0.03906234709159903,0.019531173545799516,0.03906234709159903
60,0.023840983558189848,0.04299558473724123,0.09554574386053608,0.009554574386053607,0.16720505175593814,0.015924290643422677,0.02388643596513402,0.1433186157908041,0.015924290643422677,0.02388643596513402,0.02388643596513402,0.04777287193026804,0.04777287193026804,0.02388643596513402,0.007962145321711338,0.02388643596513402,0.02388643596513402,0.07165930789540205,0.11943217982567009,0.02388643596513402,0.02388643596513402
61,0.03620126990776249,0.13595906850830936,0.018127875801107914,0.018127875801107914,0.03625575160221583,0.07251150320443166,0.054383627403323746,0.07251150320443166,0.03625575160221583,0.07251150320443166,0.054383627403323746,0.018127875801107914,0.018127875801107914,0.03625575160221583,0.03625575160221583,0.10876725480664749,0.03625575160221583,0.012085250534071943,0.054383627403323746,0.03625575160221583,0.03625575160221583
62,0.032678537943586376,0.040872737833369595,0.032698190266695674,0.1307927610667827,0.049047285400043515,0.1307927610667827,0.024523642700021758,0.032698190266695674,0.06539638053339135,0.049047285400043515,0.09809457080008703,0.010899396755565225,0.016349095133347837,0.06539638053339135,0.032698190266695674,0.016349095133347837,0.008174547566673919,0.032698190266695674,0.06539638053339135,0.032698190266695674,0.032698190266695674
63,0.02866627271412549,0.2009655987488016,0.071773428124572,0.0095697904166096,0.0287093712498288,0.1148374849993152,0.0430640568747432,0.0287093712498288,0.0574187424996576,0.0574187424996576,0.0287093712498288,0.0430640568747432,0.0574187424996576,0.0287093712498288,0.0287093712498288,0.0287093712498288,0.0287093712498288,0.0287093712498288,0.0287093712498288,0.0287093712498288,0.0287093712498288
64,0.030564676728808773,0.08418780438934029,0.022960310288001894,0.06122749410133839,0.02040916470044613,0.15306873525334597,0.030613747050669195,0.05102291175111532,0.09184124115200758,0.04592062057600379,0.030613747050669195,0.015306873525334597,0.06122749410133839,0.030613747050669195,0.06122749410133839,0.030613747050669195,0.010204582350223064,0.06122749410133839,0.06122749410133839,0.015306873525334597,0.030613747050669195
65,0.03047504863039675,0.15268109470387453,0.06107243788154981,0.04580432841116236,0.09160865682232472,0.015268109470387453,0.015268109470387453,0.12214487576309963,0.007634054735193727,0.030536218940774906,0.015268109470387453,0.030536218940774906,0.06107243788154981,0.030536218940774906,0.030536218940774906,0.04580432841116236,0.06107243788154981,0.06107243788154981,0.030536218940774906,0.030536218940774906,0.030536218940774906
66,0.039447097419621005,0.06579129469728623,0.032895647348643114,0.05263303575782898,0.03947477681837174,0.05921216522755761,0.03947477681837174,0.05921216522755761,0.03947477681837174,0.07894955363674348,0.01973738840918587,0.03947477681837174,0.11842433045511522,0.01973738840918587,0.03947477681837174,0.01973738840918587,0.07894955363674348,0.03947477681837174,0.03947477681837174,0.03947477681837174,0.03947477681837174
67,0.04681044629835446,0.017543366019048694,0.04678230938412985,0.07017346407619478,0.04678230938412985,0.0935646187682597,0.023391154692064924,0.04678230938412985,0.031188206256086565,0.04678230938412985,0.0935646187682597,0.0935646187682597,0.031188206256086565,0.04678230938412985,0.031188206256086565,0.023391154692064924,0.04678230938412985,0.04678230938412985,0.04678230938412985,0.023391154692064924,0.04678230938412985
68,0.03710362940731201,0.09653716825993529,0.012376560033325039,0.03712968009997512,0.049506240133300156,0.049506240133300156,0.01856484004998756,0.11138904029992536,0.11138904029992536,0.05569452014996268,0.01856484004998756,0.07425936019995023,0.07425936019995023,0.03712968009997512,0.01856484004998756,0.03712968009997512,0.03712968009997512,0.03712968009997512,0.03712968009997512,0.012376560033325039,0.03712968009997512
69,0.034568603248131144,0.08304786208618228,0.043254094836553264,0.03460327586924261,0.008650818967310653,0.06920655173848522,0.011534425289747536,0.017301637934621306,0.06920655173848522,0.046137701158990144,0.03460327586924261,0.10380982760772783,0.10380982760772783,0.03460327586924261,0.011534425289747536,0.06920655173848522,0.017301637934621306,0.03460327586924261,0.06920655173848522,0.03460327586924261,0.06920655173848522
70,0.031783955364996536,0.09549528111468528,0.04774764055734264,0.00795794009289044,0.09549528111468528,0.15915880185780878,0.02122117358104117,0.01591588018578088,0.03183176037156176,0.06366352074312352,0.01591588018578088,0.03183176037156176,0.06366352074312352,0.03183176037156176,0.03183176037156176,0.06366352074312352,0.06366352074312352,0.03183176037156176,0.03183176037156176,0.03183176037156176,0.03183176037156176
71,0.027925757191799523,0.09790675826845185,0.05594671901054392,0.11189343802108784,0.00699333987631799,0.05594671901054392,0.01398667975263598,0.05594671901054392,0.02797335950527196,0.02797335950527196,0.02797335950527196,0.05594671901054392,0.11189343802108784,0.05594671901054392,0.02797335950527196,0.02797335950527196,0.05594671901054392,0.02797335950527196,0.08392007851581587,0.02797335950527196,0.01398667975263598
72,0.03663118887228496,0.04398386455370672,0.08552418107665193,0.027489915346066696,0.10995966138426679,0.07330644092284452,0.01832661023071113,0.027489915346066696,0.07330644092284452,0.009163305115355565,0.03665322046142226,0.03665322046142226,0.01832661023071113,0.03665322046142226,0.03665322046142226,0.07330644092284452,0.07330644092284452,0.07330644092284452,0.03665322046142226,0.03665322046142226,0.03665322046142226
73,0.03446922099698783,0.12651386026245542,0.025877835053684066,0.013801512028631502,0.023002520047719167,0.05175567010736813,0.017251890035789377,0.06900756014315751,0.034503780071578755,0.05175567010736813,0.05175567010736813,0.034503780071578755,0.06900756014315751,0.06900756014315751,0.017251890035789377,0.034503780071578755,0.06900756014315751,0.034503780071578755,0.06900756014315751,0.034503780071578755,0.06900756014315751
74,0.026324772104403812,0.05934363691463001,0.1318747486991778,0.026374949739835563,0.1318747486991778,0.026374949739835563,0.026374949739835563,0.013187474869917781,0.052749899479671125,0.026374949739835563,0.039562424609753344,0.017583299826557038,0.1318747486991778,0.013187474869917781,0.013187474869917781,0.052749899479671125,0.026374949739835563,0.026374949739835563,0.052749899479671125,0.07912484921950669,0.026374949739835563
75,0.028180321435179678,0.04706148564478549,0.07059222846717823,0.04235533708030694,0.007059222846717824,0.11294756554748518,0.028236891386871295,0.08471067416061388,0.028236891386871295,0.05647378277374259,0.028236891386871295,0.08471067416061388,0.028236891386871295,0.08471067416061388,0.028236891386871295,0.05647378277374259,0.05647378277374259,0.05647378277374259,0.014118445693435648,0.028236891386871295,0.028236891386871295
76,0.036335554750122484,0.16364113221224336,0.03636469604716519,0.054547044070747785,0.07272939209433038,0.054547044070747785,0.03636469604716519,0.03636469604716519,0.018182348023582595,0.054547044070747785,0.012121565349055062,0.07272939209433038,0.03636469604716519,0.024243130698110123,0.018182348023582595,0.03636469604716519,0.03636469604716519,0.018182348023582595,0.10909408814149557,0.03636469604716519,0.03636469604716519
77,0.03703487726416591,0.12600698206421435,0.012353625692570033,0.027795657808282578,0.0741217541554202,0.012353625692570033,0.0741217541554202,0.01853043853885505,0.0741217541554202,0.0741217541554202,0.01853043853885505,0.012353625692570033,0.024707251385140065,0.024707251385140065,0.0370608770777101,0.055591315616565155,0.1482435083108404,0.0370608770777101,0.0370608770777101,0.0370608770777101,0.0370608770777101
78,0.030409561152179403,0.08122223571500067,0.09137501517937575,0.09137501517937575,0.060916676786250505,0.030458338393125253,0.030458338393125253,0.030458338393125253,0.02030555892875017,0.09137501517937575,0.060916676786250505,0.030458338393125253,0.060916676786250505,0.015229169196562626,0.015229169196562626,0.015229169196562626,0.060916676786250505,0.030458338393125253,0.060916676786250505,0.030458338393125253,0.060916676786250505
79,0.033490337366474734,0.10056169900233211,0.027933805278425584,0.20112339800466422,0.016760283167055353,0.02234704422274047,0.06704113266822141,0.016760283167055353,0.016760283167055353,0.033520566334110706,0.011173522111370234,0.016760283167055353,0.050280849501166056,0.033520566334110706,0.033520566334110706,0.06704113266822141,0.033520566334110706,0.10056169900233211,0.016760283167055353,0.033520566334110706,0.06704113266822141
80,0.03613410685961367,0.024096647328509663,0.07228994198552897,0.06024161832127414,0.018072485496382244,0.07228994198552897,0.012048323664254828,0.10843491297829347,0.018072485496382244,0.054217456489146734,0.07228994198552897,0.03614497099276449,0.03614497099276449,0.054217456489146734,0.07228994198552897,0.03614497099276449,0.07228994198552897,0.018072485496382244,0.07228994198552897,0.03614497099276449,0.018072485496382244
81,0.04051717138913696,0.0945968985954372,0.05405537062596411,0.027027685312982056,0.05405537062596411,0.020270763984736543,0.08108305593894617,0.040541527969473086,0.020270763984736543,0.08108305593894617,0.040541527969473086,0.020270763984736543,0.08108305593894617,0.040541527969473086,0.040541527969473086,0.020270763984736543,0.040541527969473086,0.040541527969473086,0.08108305593894617,0.040541527969473086,0.040541527969473086
82,0.02971590485422414,0.05955708000894788,0.039704720005965255,0.03722317500559243,0.04466781000671091,0.05955708000894788,0.04466781000671091,0.08933562001342182,0.01488927000223697,0.05955708000894788,0.07444635001118485,0.05955708000894788,0.05955708000894788,0.02977854000447394,0.02977854000447394,0.02977854000447394,0.05955708000894788,0.02977854000447394,0.02977854000447394,0.05955708000894788,0.05955708000894788
83,0.03118111615549684,0.054632643825817846,0.006243730722950612,0.054632643825817846,0.020812435743168704,0.031218653614753056,0.031218653614753056,0.06243730722950611,0.06243730722950611,0.031218653614753056,0.020812435743168704,0.12487461445901223,0.046827980422129586,0.031218653614753056,0.09365596084425917,0.06243730722950611,0.06243730722950611,0.015609326807376528,0.09365596084425917,0.031218653614753056,0.031218653614753056
84,0.02559599009850142,0.1282110539344077,0.10256884314752616,0.15385326472128924,0.01709480719125436,0.02564221078688154,0.006410552696720385,0.05128442157376308,0.07692663236064462,0.019231658090161155,0.02564221078688154,0.00854740359562718,0.03846331618032231,0.02564221078688154,0.02564221078688154,0.05128442157376308,0.05128442157376308,0.03846331618032231,0.07692663236064462,0.02564221078688154,0.02564221078688154
85,0.03738678369703969,0.22429822515797135,0.024922025017552373,0.012461012508776187,0.03738303752632856,0.0934575938158214,0.05607455628949284,0.01869151876316428,0.00934575938158214,0.05607455628949284,0.07476607505265712,0.03738303752632856,0.03738303752632856,0.012461012508776187,0.012461012508776187,0.03738303752632856,0.012461012508776187,0.07476607505265712,0.05607455628949284,0.03738303752632856,0.03738303752632856
86,0.02546038802234564,0.11054986872346864,0.051023016333908607,0.025511508166954303,0.008503836055651434,0.12755754083477153,0.025511508166954303,0.005102301633390861,0.07653452450086291,0.10204603266781721,0.10204603266781721,0.012755754083477152,0.07653452450086291,0.012755754083477152,0.025511508166954303,0.008503836055651434,0.051023016333908607,0.051023016333908607,0.051023016333908607,0.025511508166954303,0.025511508166954303
87,0.029314244307327462,0.01957027733251356,0.04109758239827847,0.03914055466502712,0.02935541599877034,0.04403312399815551,0.02935541599877034,0.17613249599262204,0.01957027733251356,0.1467770799938517,0.02935541599877034,0.01467770799938517,0.05871083199754068,0.02935541599877034,0.02935541599877034,0.02935541599877034,0.02935541599877034,0.08806624799631102,0.02935541599877034,0.05871083199754068,0.02935541599877034
88,0.034819601866644734,0.10459510636002647,0.05578405672534746,0.06101381204334878,0.011621678484447387,0.10459510636002647,0.023243356968894773,0.1743251772667108,0.011621678484447387,0.10459510636002647,0.01743251772667108,0.03486503545334216,0.03486503545334216,0.01743251772667108,0.01743251772667108,0.03486503545334216,0.03486503545334216,0.03486503545334216,0.03486503545334216,0.03486503545334216,0.01743251772667108
89,0.04840094631765678,0.10886938326026808,0.07257958884017872,0.06451519008015885,0.024193196280059573,0.032257595040079426,0.032257595040079426,0.024193196280059573,0.032257595040079426,0.024193196280059573,0.024193196280059573,0.048386392560119146,0.048386392560119146,0.012096598140029786,0.09677278512023829,0.016128797520039713,0.09677278512023829,0.048386392560119146,0.09677278512023829,0.024193196280059573,0.024193196280059573
90,0.03357764050469191,0.06722938153010839,0.044819587686738924,0.016807345382527098,0.06722938153010839,0.033614690765054196,0.008403672691263549,0.10084407229516258,0.033614690765054196,0.016807345382527098,0.05042203614758129,0.033614690765054196,0.13445876306021678,0.033614690765054196,0.033614690765054196,0.033614690765054196,0.06722938153010839,0.022409793843369462,0.06722938153010839,0.06722938153010839,0.033614690765054196
91,0.04015677889176791,0.1338693474348999,0.12048241269140991,0.08032160846093994,0.02677386948697998,0.008032160846093993,0.02677386948697998,0.060241206345704956,0.04016080423046997,0.04016080423046997,0.04016080423046997,0.020080402115234985,0.008032160846093993,0.01338693474348999,0.04016080423046997,0.04016080423046997,0.04016080423046997,0.12048241269140991,0.020080402115234985,0.04016080423046997,0.04016080423046997
92,0.026963816350451114,0.06757195719788534,0.10811513151661654,0.10811513151661654,0.018019188586102755,0.0405431743187312,0.03603837717220551,0.05405756575830827,0.027028782879154136,0.027028782879154136,0.027028782879154136,0.0810863486374624,0.0810863486374624,0.013514391439577068,0.013514391439577068,0.027028782879154136,0.05405756575830827,0.10811513151661654,0.027028782879154136,0.027028782879154136,0.027028782879154136
