,0,1,2,3,4,5,6,7,8,9,10,11,12,13,14,15,16,17,18,19,20
0,0.03350657373460644,0.07821334085384686,0.03352000322307723,0.13408001289230892,0.03352000322307723,0.10056000966923169,0.01117333440769241,0.01117333440769241,0.01117333440769241,0.06704000644615446,0.06704000644615446,0.03352000322307723,0.06704000644615446,0.016760001611538615,0.06704000644615446,0.050280004834615845,0.016760001611538615,0.016760001611538615,0.016760001611538615,0.10056000966923169,0.03352000322307723
1,0.04256543609855912,0.04255264728450848,0.04255264728450848,0.1702105891380339,0.02127632364225424,0.02127632364225424,0.04255264728450848,0.02127632364225424,0.014184215761502826,0.04255264728450848,0.04255264728450848,0.04255264728450848,0.02127632364225424,0.028368431523005652,0.08510529456901696,0.08510529456901696,0.04255264728450848,0.08510529456901696,0.04255264728450848,0.04255264728450848,0.02127632364225424
2,0.030595168962709994,0.05360058307473168,0.03062890461413239,0.012251561845652957,0.12251561845652956,0.04594335692119858,0.015314452307066195,0.09188671384239716,0.06125780922826478,0.09188671384239716,0.03062890461413239,0.03062890461413239,0.09188671384239716,0.03062890461413239,0.03062890461413239,0.03062890461413239,0.06125780922826478,0.06125780922826478,0.015314452307066195,0.03062890461413239,0.03062890461413239
3,0.045627376425855515,0.09125475285171103,0.034220532319391636,0.015209125475285173,0.06844106463878327,0.045627376425855515,0.045627376425855515,0.045627376425855515,0.045627376425855515,0.045627376425855515,0.045627376425855515,0.09125475285171103,0.09125475285171103,0.045627376425855515,0.045627376425855515,0.015209125475285173,0.022813688212927757,0.045627376425855515,0.045627376425855515,0.045627376425855515,0.022813688212927757
4,0.04039626815427527,0.06464698825065936,0.01616174706266484,0.0673406127611035,0.013468122552220699,0.040404367656662096,0.030303275742496572,0.040404367656662096,0.060606551484993144,0.08080873531332419,0.040404367656662096,0.040404367656662096,0.08080873531332419,0.12121310296998629,0.08080873531332419,0.020202183828331048,0.040404367656662096,0.040404367656662096,0.020202183828331048,0.040404367656662096,0.020202183828331048
5,0.05403359614164747,0.010790491298764478,0.026976228246911194,0.05395245649382239,0.05395245649382239,0.035968304329214926,0.026976228246911194,0.026976228246911194,0.026976228246911194,0.16185736948146717,0.026976228246911194,0.035968304329214926,0.026976228246911194,0.08092868474073359,0.026976228246911194,0.05395245649382239,0.05395245649382239,0.05395245649382239,0.05395245649382239,0.05395245649382239,0.05395245649382239
6,0.03378645872279308,0.022535592799468384,0.05070508379880387,0.022535592799468384,0.05070508379880387,0.06760677839840516,0.05633898199867096,0.03380338919920258,0.03380338919920258,0.10141016759760774,0.008450847299800645,0.10141016759760774,0.03380338919920258,0.03380338919920258,0.03380338919920258,0.06760677839840516,0.10141016759760774,0.03380338919920258,0.011267796399734192,0.06760677839840516,0.03380338919920258
7,0.042315347364607334,0.00940058554734128,0.08460526992607151,0.010575658740758938,0.042302634963035754,0.08460526992607151,0.042302634963035754,0.08460526992607151,0.07050439160505959,0.021151317481517877,0.042302634963035754,0.042302634963035754,0.08460526992607151,0.042302634963035754,0.042302634963035754,0.042302634963035754,0.042302634963035754,0.042302634963035754,0.042302634963035754,0.042302634963035754,0.042302634963035754
8,0.03527706925700552,0.01764737068432307,0.01764737068432307,0.058824568947743565,0.14117896547458456,0.011764913789548713,0.05294211205296921,0.01764737068432307,0.03529474136864614,0.04705965515819485,0.07058948273729228,0.10588422410593842,0.03529474136864614,0.07058948273729228,0.03529474136864614,0.03529474136864614,0.03529474136864614,0.07058948273729228,0.03529474136864614,0.03529474136864614,0.03529474136864614
9,0.03632265007609671,0.022692559260374487,0.036308094816599176,0.018154047408299588,0.018154047408299588,0.012102698272199727,0.018154047408299588,0.1452323792663967,0.009077023704149794,0.036308094816599176,0.036308094816599176,0.012102698272199727,0.10892428444979754,0.036308094816599176,0.1452323792663967,0.07261618963319835,0.07261618963319835,0.07261618963319835,0.018154047408299588,0.036308094816599176,0.036308094816599176
10,0.026977010965582734,0.06757104090516787,0.04504736060344524,0.03603788848275619,0.05405683272413429,0.05405683272413429,0.04054262454310072,0.08108524908620145,0.08108524908620145,0.08108524908620145,0.013514208181033573,0.027028416362067147,0.05405683272413429,0.05405683272413429,0.013514208181033573,0.027028416362067147,0.027028416362067147,0.08108524908620145,0.027028416362067147,0.08108524908620145,0.027028416362067147
11,0.034334089198171235,0.09456075684409598,0.03438572976148945,0.051578594642234174,0.051578594642234174,0.03438572976148945,0.045847639681985936,0.03438572976148945,0.03438572976148945,0.0687714595229789,0.017192864880744726,0.017192864880744726,0.03438572976148945,0.1375429190459578,0.03438572976148945,0.03438572976148945,0.03438572976148945,0.03438572976148945,0.0687714595229789,0.0687714595229789,0.03438572976148945
12,0.03742260027575732,0.028072574846137992,0.029944079835880526,0.018715049897425326,0.11229029938455197,0.056145149692275985,0.1871504989742533,0.012476699931616885,0.03743009979485065,0.03743009979485065,0.018715049897425326,0.0748601995897013,0.0748601995897013,0.018715049897425326,0.012476699931616885,0.03743009979485065,0.0748601995897013,0.03743009979485065,0.03743009979485065,0.018715049897425326,0.03743009979485065
13,0.045033305445908334,0.03215376075939703,0.09003053012631167,0.045015265063155833,0.022507632531577917,0.022507632531577917,0.022507632531577917,0.045015265063155833,0.022507632531577917,0.022507632531577917,0.022507632531577917,0.045015265063155833,0.045015265063155833,0.022507632531577917,0.045015265063155833,0.045015265063155833,0.1350457951894675,0.1350457951894675,0.045015265063155833,0.045015265063155833,0.045015265063155833
14,0.044948119040947754,0.07865133137309843,0.029962411951656543,0.014981205975828272,0.08988723585496963,0.044943617927484816,0.06741542689122722,0.08988723585496963,0.022471808963742408,0.06741542689122722,0.044943617927484816,0.044943617927484816,0.022471808963742408,0.08988723585496963,0.044943617927484816,0.044943617927484816,0.044943617927484816,0.022471808963742408,0.022471808963742408,0.044943617927484816,0.022471808963742408
15,0.040252974139988074,0.08053821196028071,0.12080731794042109,0.06711517663356727,0.02013455299007018,0.04026910598014036,0.12080731794042109,0.04026910598014036,0.02013455299007018,0.013423035326713453,0.04026910598014036,0.02013455299007018,0.013423035326713453,0.04026910598014036,0.04026910598014036,0.04026910598014036,0.04026910598014036,0.08053821196028071,0.04026910598014036,0.04026910598014036,0.04026910598014036
16,0.03633906996308915,0.0606076056626988,0.0606076056626988,0.01818228169880964,0.07272912679523856,0.03636456339761928,0.10909369019285785,0.054546845096428924,0.04848608453015904,0.01818228169880964,0.07272912679523856,0.03636456339761928,0.07272912679523856,0.054546845096428924,0.07272912679523856,0.01212152113253976,0.03636456339761928,0.03636456339761928,0.01818228169880964,0.03636456339761928,0.03636456339761928
17,0.033685032512576894,0.05056299248480702,0.011236220552179339,0.05056299248480702,0.03370866165653801,0.028090551380448345,0.03370866165653801,0.03370866165653801,0.016854330828269006,0.03370866165653801,0.16854330828269007,0.03370866165653801,0.03370866165653801,0.03370866165653801,0.10112598496961404,0.03370866165653801,0.06741732331307602,0.06741732331307602,0.03370866165653801,0.03370866165653801,0.06741732331307602
18,0.04038849772697542,0.04845163265333645,0.020188180272223518,0.040376360544447036,0.016150544217778815,0.020188180272223518,0.040376360544447036,0.16150544217778814,0.01345878684814901,0.08075272108889407,0.01345878684814901,0.08075272108889407,0.06056454081667055,0.040376360544447036,0.040376360544447036,0.040376360544447036,0.040376360544447036,0.08075272108889407,0.040376360544447036,0.040376360544447036,0.040376360544447036
19,0.034439836411639856,0.025832465732149947,0.006888657528573319,0.045924383523822124,0.008610821910716649,0.04305410955358324,0.034443287642866596,0.10332986292859979,0.10332986292859979,0.017221643821433298,0.051664931464299894,0.008610821910716649,0.06888657528573319,0.06888657528573319,0.06888657528573319,0.034443287642866596,0.034443287642866596,0.06888657528573319,0.06888657528573319,0.06888657528573319,0.034443287642866596
20,0.03947686329310651,0.07900121754957315,0.0553008522847012,0.026333739183191048,0.049375760968483215,0.029625456581089928,0.039500608774786575,0.059250913162179855,0.029625456581089928,0.039500608774786575,0.07900121754957315,0.039500608774786575,0.039500608774786575,0.07900121754957315,0.039500608774786575,0.039500608774786575,0.07900121754957315,0.039500608774786575,0.039500608774786575,0.039500608774786575,0.039500608774786575
21,0.028257848143336258,0.1273642626219899,0.04245475420732998,0.028303169471553317,0.028303169471553317,0.056606338943106634,0.08490950841465995,0.04245475420732998,0.08490950841465995,0.014151584735776658,0.009434389823851105,0.028303169471553317,0.056606338943106634,0.08490950841465995,0.014151584735776658,0.014151584735776658,0.028303169471553317,0.056606338943106634,0.11321267788621327,0.028303169471553317,0.028303169471553317
22,0.04039627282560414,0.10101091864993642,0.06734061243329094,0.04040436745997456,0.12121310237992369,0.02020218372998728,0.030303275594980923,0.08080873491994912,0.04040436745997456,0.02020218372998728,0.12121310237992369,0.04040436745997456,0.02020218372998728,0.04040436745997456,0.04040436745997456,0.04040436745997456,0.02020218372998728,0.04040436745997456,0.013468122486658187,0.02020218372998728,0.04040436745997456
23,0.042113342498798084,0.0280699386813539,0.03157868101652314,0.021052454011015426,0.06315736203304628,0.12631472406609257,0.01403496934067695,0.0842098160440617,0.021052454011015426,0.021052454011015426,0.04210490802203085,0.0842098160440617,0.06315736203304628,0.0842098160440617,0.04210490802203085,0.04210490802203085,0.04210490802203085,0.021052454011015426,0.04210490802203085,0.04210490802203085,0.04210490802203085
24,0.03634608554698528,0.036364298658604334,0.045455373323255416,0.109092895975813,0.07272859731720867,0.036364298658604334,0.009091074664651084,0.036364298658604334,0.07272859731720867,0.07272859731720867,0.036364298658604334,0.036364298658604334,0.036364298658604334,0.07272859731720867,0.0545464479879065,0.018182149329302167,0.036364298658604334,0.07272859731720867,0.036364298658604334,0.036364298658604334,0.036364298658604334
25,0.041326283052332276,0.061983214457823343,0.08264428594376445,0.010330535742970557,0.030991607228911672,0.10330535742970556,0.020661071485941113,0.04132214297188223,0.08264428594376445,0.08264428594376445,0.008264428594376446,0.04132214297188223,0.020661071485941113,0.04132214297188223,0.020661071485941113,0.12396642891564669,0.04132214297188223,0.04132214297188223,0.020661071485941113,0.04132214297188223,0.04132214297188223
26,0.04725311395796304,0.16535276534613863,0.03543273543131542,0.023621823620876947,0.03543273543131542,0.047243647241753894,0.047243647241753894,0.047243647241753894,0.07086547086263084,0.03149576482783593,0.023621823620876947,0.023621823620876947,0.09448729448350779,0.047243647241753894,0.047243647241753894,0.047243647241753894,0.023621823620876947,0.047243647241753894,0.023621823620876947,0.023621823620876947,0.047243647241753894
27,0.03986327456030069,0.07973453775277779,0.029900451657291674,0.039867268876388896,0.013289089625462965,0.019933634438194448,0.019933634438194448,0.07973453775277779,0.19933634438194447,0.039867268876388896,0.019933634438194448,0.05980090331458335,0.039867268876388896,0.039867268876388896,0.07973453775277779,0.039867268876388896,0.039867268876388896,0.039867268876388896,0.019933634438194448,0.019933634438194448,0.039867268876388896
28,0.030418424839630233,0.08122149320715139,0.020305373301787846,0.030458059952681773,0.060916119905363546,0.060916119905363546,0.12183223981072709,0.030458059952681773,0.015229029976340886,0.030458059952681773,0.030458059952681773,0.09137417985804532,0.015229029976340886,0.060916119905363546,0.030458059952681773,0.060916119905363546,0.09137417985804532,0.015229029976340886,0.060916119905363546,0.030458059952681773,0.030458059952681773
29,0.047127247186282126,0.031396136830765004,0.039245171038456254,0.04709420524614751,0.04709420524614751,0.14128261573844253,0.015698068415382502,0.07064130786922126,0.09418841049229502,0.018837682098459006,0.04709420524614751,0.04709420524614751,0.04709420524614751,0.04709420524614751,0.04709420524614751,0.023547102623073756,0.023547102623073756,0.023547102623073756,0.04709420524614751,0.04709420524614751,0.04709420524614751
30,0.03942560775055597,0.04599193396543166,0.007884331536931143,0.059132486526983566,0.03942165768465571,0.05256221024620761,0.03942165768465571,0.03942165768465571,0.019710828842327856,0.07884331536931143,0.013140552561551902,0.03942165768465571,0.03942165768465571,0.07884331536931143,0.07884331536931143,0.15768663073862285,0.03942165768465571,0.013140552561551902,0.03942165768465571,0.03942165768465571,0.03942165768465571
31,0.04643546128926979,0.03314824584162446,0.04640754417827424,0.04640754417827424,0.06961131626741135,0.04640754417827424,0.09281508835654848,0.02320377208913712,0.030938362785516156,0.015469181392758078,0.04640754417827424,0.04640754417827424,0.04640754417827424,0.015469181392758078,0.04640754417827424,0.09281508835654848,0.04640754417827424,0.02320377208913712,0.04640754417827424,0.09281508835654848,0.04640754417827424
32,0.038939227701509566,0.016689912109380443,0.07788625651044206,0.06490521375870172,0.05841469238283155,0.029207346191415774,0.05841469238283155,0.15577251302088413,0.03894312825522103,0.03894312825522103,0.012981042751740344,0.03894312825522103,0.07788625651044206,0.03894312825522103,0.03894312825522103,0.03894312825522103,0.019471564127610516,0.03894312825522103,0.03894312825522103,0.03894312825522103,0.03894312825522103
33,0.03463533049005973,0.028868560691086727,0.03464227282930408,0.03464227282930408,0.10392681848791223,0.006928454565860815,0.08660568207326019,0.06928454565860816,0.051963409243956114,0.03464227282930408,0.011547424276434692,0.13856909131721631,0.10392681848791223,0.01732113641465204,0.01732113641465204,0.06928454565860816,0.03464227282930408,0.03464227282930408,0.01732113641465204,0.03464227282930408,0.03464227282930408
34,0.042557273060559814,0.053191262607746675,0.04255301008619734,0.06382951512929601,0.06382951512929601,0.04255301008619734,0.010638252521549336,0.08510602017239469,0.04255301008619734,0.02127650504309867,0.02127650504309867,0.02127650504309867,0.08510602017239469,0.04255301008619734,0.04255301008619734,0.02127650504309867,0.04255301008619734,0.12765903025859202,0.04255301008619734,0.04255301008619734,0.04255301008619734
35,0.042831819959533654,0.0374590603444834,0.08562070935881921,0.017124141871763844,0.028540236452939734,0.010702588669852402,0.014270118226469867,0.021405177339704803,0.04281035467940961,0.04281035467940961,0.014270118226469867,0.04281035467940961,0.04281035467940961,0.04281035467940961,0.04281035467940961,0.08562070935881921,0.08562070935881921,0.08562070935881921,0.12843106403822882,0.04281035467940961,0.04281035467940961
36,0.04185855798721157,0.01568438155350145,0.025095010485602323,0.025095010485602323,0.1254750524280116,0.013941672492001287,0.04182501747600386,0.02091250873800193,0.04182501747600386,0.1254750524280116,0.08365003495200772,0.04182501747600386,0.0627375262140058,0.04182501747600386,0.04182501747600386,0.04182501747600386,0.04182501747600386,0.04182501747600386,0.04182501747600386,0.04182501747600386,0.04182501747600386
37,0.039120959907580015,0.03911312239182171,0.015645248956728686,0.013037707463940569,0.03911312239182171,0.19556561195910854,0.013037707463940569,0.03911312239182171,0.019556561195910854,0.03911312239182171,0.03911312239182171,0.019556561195910854,0.03911312239182171,0.019556561195910854,0.03911312239182171,0.03911312239182171,0.03911312239182171,0.03911312239182171,0.11733936717546513,0.07822624478364341,0.07822624478364341
38,0.04791902018359946,0.021269611389363882,0.059820782032585916,0.09571325125213746,0.009571325125213746,0.015952208542022908,0.04785662562606873,0.09571325125213746,0.031904417084045816,0.023928312813034366,0.09571325125213746,0.04785662562606873,0.04785662562606873,0.09571325125213746,0.031904417084045816,0.015952208542022908,0.023928312813034366,0.023928312813034366,0.04785662562606873,0.09571325125213746,0.023928312813034366
39,0.04286947842635778,0.06428488577733418,0.17142636207289116,0.03214244288866709,0.04285659051822279,0.04285659051822279,0.04285659051822279,0.021428295259111396,0.014285530172740929,0.08571318103644558,0.04285659051822279,0.021428295259111396,0.08571318103644558,0.010714147629555698,0.08571318103644558,0.028571060345481857,0.021428295259111396,0.014285530172740929,0.04285659051822279,0.04285659051822279,0.04285659051822279
40,0.03230878248744807,0.019396928636109062,0.032328214393515096,0.032328214393515096,0.1616410719675755,0.0969846431805453,0.032328214393515096,0.0969846431805453,0.010776071464505032,0.032328214393515096,0.0969846431805453,0.04849232159027265,0.032328214393515096,0.016164107196757548,0.032328214393515096,0.032328214393515096,0.032328214393515096,0.06465642878703019,0.016164107196757548,0.016164107196757548,0.06465642878703019
41,0.04782542617917661,0.023883977604201256,0.09553591041680502,0.023883977604201256,0.009553591041680503,0.019107182083361006,0.09553591041680502,0.04776795520840251,0.09553591041680502,0.09553591041680502,0.04776795520840251,0.04776795520840251,0.04776795520840251,0.04776795520840251,0.023883977604201256,0.04776795520840251,0.04776795520840251,0.04776795520840251,0.01592265173613417,0.023883977604201256,0.04776795520840251
42,0.04581904292781726,0.053434133596042224,0.015266895313154921,0.04580068593946477,0.04580068593946477,0.1374020578183943,0.022900342969732385,0.015266895313154921,0.04580068593946477,0.04580068593946477,0.04580068593946477,0.04580068593946477,0.04580068593946477,0.04580068593946477,0.09160137187892954,0.022900342969732385,0.04580068593946477,0.04580068593946477,0.04580068593946477,0.04580068593946477,0.04580068593946477
43,0.03311387935783165,0.044200508372213405,0.06630076255832011,0.06630076255832011,0.04972557191874009,0.04972557191874009,0.06630076255832011,0.06630076255832011,0.033150381279160056,0.06630076255832011,0.011050127093053351,0.033150381279160056,0.033150381279160056,0.033150381279160056,0.033150381279160056,0.016575190639580028,0.033150381279160056,0.033150381279160056,0.09945114383748017,0.06630076255832011,0.06630076255832011
44,0.04101556079118952,0.0820229028546381,0.032809161141855246,0.1640458057092762,0.010252862856829763,0.020505725713659526,0.020505725713659526,0.020505725713659526,0.0820229028546381,0.020505725713659526,0.061517177140978575,0.04101145142731905,0.01367048380910635,0.04101145142731905,0.0820229028546381,0.020505725713659526,0.04101145142731905,0.04101145142731905,0.0820229028546381,0.04101145142731905,0.04101145142731905
45,0.04918032786885245,0.0983606557377049,0.04918032786885245,0.06557377049180327,0.04918032786885245,0.016393442622950817,0.032786885245901634,0.08196721311475408,0.024590163934426226,0.0983606557377049,0.04918032786885245,0.016393442622950817,0.04918032786885245,0.024590163934426226,0.04918032786885245,0.04918032786885245,0.024590163934426226,0.04918032786885245,0.024590163934426226,0.04918032786885245,0.04918032786885245
46,0.042390619616497184,0.07420589294484708,0.10600841849263869,0.021201683698527738,0.08480673479411095,0.10600841849263869,0.014134455799018491,0.0636050510955832,0.014134455799018491,0.028268911598036982,0.042403367397055476,0.042403367397055476,0.042403367397055476,0.042403367397055476,0.042403367397055476,0.042403367397055476,0.021201683698527738,0.021201683698527738,0.042403367397055476,0.021201683698527738,0.08480673479411095
47,0.030504709701534176,0.0076338211834524865,0.06107056946761989,0.07633821183452487,0.15267642366904974,0.045802927100714916,0.06107056946761989,0.015267642366904973,0.015267642366904973,0.09160585420142983,0.030535284733809946,0.06107056946761989,0.045802927100714916,0.030535284733809946,0.030535284733809946,0.015267642366904973,0.015267642366904973,0.06107056946761989,0.09160585420142983,0.030535284733809946,0.030535284733809946
48,0.04824335210617789,0.05782825202392844,0.019276084007976146,0.02409510500997018,0.01204755250498509,0.019276084007976146,0.04819021001994036,0.04819021001994036,0.02409510500997018,0.09638042003988072,0.04819021001994036,0.04819021001994036,0.02409510500997018,0.04819021001994036,0.04819021001994036,0.09638042003988072,0.09638042003988072,0.04819021001994036,0.04819021001994036,0.04819021001994036,0.04819021001994036
49,0.04124107377976053,0.030927707297427078,0.027491295375490735,0.04123694306323611,0.061855414594854156,0.08247388612647222,0.013745647687745367,0.020618471531618054,0.08247388612647222,0.12371082918970831,0.04123694306323611,0.020618471531618054,0.04123694306323611,0.020618471531618054,0.08247388612647222,0.020618471531618054,0.04123694306323611,0.04123694306323611,0.04123694306323611,0.04123694306323611,0.08247388612647222
50,0.03445608024094388,0.06896742283993258,0.06896742283993258,0.06896742283993258,0.06896742283993258,0.017241855709983146,0.017241855709983146,0.022989140946644192,0.011494570473322096,0.06896742283993258,0.03448371141996629,0.03448371141996629,0.06896742283993258,0.017241855709983146,0.06896742283993258,0.03448371141996629,0.03448371141996629,0.06896742283993258,0.017241855709983146,0.10345113425989887,0.06896742283993258
51,0.0534993065946319,0.06410917208390075,0.021369724027966917,0.07123241342655638,0.010684862013983458,0.008904051678319548,0.03561620671327819,0.026712155034958645,0.040068232552437966,0.026712155034958645,0.026712155034958645,0.05342431006991729,0.10684862013983458,0.026712155034958645,0.05342431006991729,0.05342431006991729,0.05342431006991729,0.10684862013983458,0.05342431006991729,0.05342431006991729,0.05342431006991729
52,0.040264585088281304,0.04698005527539881,0.020134309403742348,0.040268618807484696,0.060402928211227044,0.16107447522993878,0.020134309403742348,0.026845745871656463,0.040268618807484696,0.040268618807484696,0.040268618807484696,0.040268618807484696,0.040268618807484696,0.040268618807484696,0.040268618807484696,0.040268618807484696,0.08053723761496939,0.040268618807484696,0.020134309403742348,0.08053723761496939,0.040268618807484696
53,0.03438037785678989,0.1548202482058591,0.051606749401953034,0.03440449960130203,0.01376179984052081,0.022936333067534682,0.06880899920260405,0.03440449960130203,0.017202249800651014,0.03440449960130203,0.06880899920260405,0.06880899920260405,0.017202249800651014,0.017202249800651014,0.06880899920260405,0.06880899920260405,0.03440449960130203,0.03440449960130203,0.06880899920260405,0.017202249800651014,0.06880899920260405
54,0.027289578376424782,0.03644816568144544,0.10934449704433633,0.10934449704433633,0.08200837278325225,0.020502093195813063,0.05467224852216816,0.03644816568144544,0.01366806213054204,0.01366806213054204,0.041004186391626125,0.08200837278325225,0.05467224852216816,0.08200837278325225,0.02733612426108408,0.02733612426108408,0.02733612426108408,0.08200837278325225,0.01822408284072272,0.02733612426108408,0.02733612426108408
55,0.03399385350233817,0.04762002130622277,0.017007150466508133,0.034014300933016266,0.034014300933016266,0.1700715046650813,0.017007150466508133,0.034014300933016266,0.034014300933016266,0.06802860186603253,0.13605720373206506,0.02267620062201084,0.034014300933016266,0.01133810031100542,0.034014300933016266,0.034014300933016266,0.034014300933016266,0.034014300933016266,0.034014300933016266,0.10204290279904879,0.034014300933016266
56,0.03835577970612863,0.10230257662700759,0.038363466235127854,0.019181733117563927,0.051151288313503795,0.015345386494051141,0.05754519935269178,0.19181733117563926,0.038363466235127854,0.07672693247025571,0.07672693247025571,0.012787822078375949,0.019181733117563927,0.038363466235127854,0.019181733117563927,0.012787822078375949,0.038363466235127854,0.019181733117563927,0.019181733117563927,0.07672693247025571,0.038363466235127854
57,0.035489235311380075,0.03550346373086945,0.21302078238521668,0.10651039119260834,0.03550346373086945,0.03550346373086945,0.0710069274617389,0.0710069274617389,0.017751731865434724,0.0710069274617389,0.017751731865434724,0.011834487910289815,0.017751731865434724,0.03550346373086945,0.0710069274617389,0.03550346373086945,0.017751731865434724,0.011834487910289815,0.03550346373086945,0.03550346373086945,0.017751731865434724
58,0.03621877973142762,0.1087652787763906,0.024170061950309026,0.03625509292546354,0.027191319694097653,0.03625509292546354,0.03625509292546354,0.06042515487577256,0.03625509292546354,0.10876527877639061,0.03625509292546354,0.03625509292546354,0.03625509292546354,0.03625509292546354,0.10876527877639061,0.03625509292546354,0.01812754646273177,0.07251018585092708,0.03625509292546354,0.03625509292546354,0.03625509292546354
59,0.035296638538321025,0.015128646546706936,0.04706690036753269,0.05295026291347427,0.03530017527564951,0.014120070110259807,0.07060035055129903,0.07060035055129903,0.03530017527564951,0.017650087637824757,0.07060035055129903,0.023533450183766343,0.03530017527564951,0.07060035055129903,0.10590052582694855,0.017650087637824757,0.10590052582694855,0.03530017527564951,0.03530017527564951,0.07060035055129903,0.03530017527564951
60,0.03653374720668447,0.029232857227610078,0.014616428613805039,0.02436071435634173,0.10962321460353779,0.10962321460353779,0.036541071534512595,0.036541071534512595,0.07308214306902519,0.05481160730176889,0.036541071534512595,0.05481160730176889,0.036541071534512595,0.018270535767256298,0.036541071534512595,0.07308214306902519,0.018270535767256298,0.036541071534512595,0.07308214306902519,0.018270535767256298,0.07308214306902519
61,0.04063850427727313,0.08124444565047793,0.04062222282523897,0.020311111412619483,0.08124444565047793,0.08124444565047793,0.020311111412619483,0.010155555706309742,0.04062222282523897,0.02708148188349264,0.008124444565047793,0.08124444565047793,0.08124444565047793,0.04062222282523897,0.04062222282523897,0.04062222282523897,0.04062222282523897,0.08124444565047793,0.08124444565047793,0.020311111412619483,0.04062222282523897
62,0.04390168414351709,0.013157316273254354,0.04385772091084784,0.014619240303615945,0.02192886045542392,0.02923848060723189,0.08771544182169567,0.06578658136627176,0.06578658136627176,0.02192886045542392,0.13157316273254352,0.04385772091084784,0.04385772091084784,0.04385772091084784,0.04385772091084784,0.02192886045542392,0.08771544182169567,0.02192886045542392,0.04385772091084784,0.08771544182169567,0.02192886045542392
63,0.04162975469123973,0.041638098999656495,0.06939683166609414,0.0249828593997939,0.06939683166609414,0.08327619799931299,0.041638098999656495,0.041638098999656495,0.08327619799931299,0.03122857424974237,0.020819049499828247,0.01387936633321883,0.041638098999656495,0.041638098999656495,0.020819049499828247,0.041638098999656495,0.041638098999656495,0.08327619799931299,0.041638098999656495,0.041638098999656495,0.08327619799931299
64,0.04498181485535477,0.06296823198755902,0.06746596284381325,0.044977308562542166,0.1124432714063554,0.03373298142190662,0.044977308562542166,0.06746596284381325,0.044977308562542166,0.014992436187514054,0.044977308562542166,0.011244327140635542,0.022488654281271083,0.08995461712508433,0.022488654281271083,0.08995461712508433,0.022488654281271083,0.022488654281271083,0.044977308562542166,0.044977308562542166,0.044977308562542166
65,0.04426896598792608,0.026548084278113167,0.0884936142603772,0.0442468071301886,0.0221234035650943,0.0442468071301886,0.0442468071301886,0.014748935710062867,0.13274042139056583,0.0442468071301886,0.0221234035650943,0.0442468071301886,0.0221234035650943,0.0221234035650943,0.0884936142603772,0.029497871420125735,0.0442468071301886,0.0442468071301886,0.0884936142603772,0.0442468071301886,0.0442468071301886
66,0.05406174702723113,0.03240131028260674,0.027001091902172276,0.040501637853258415,0.05400218380434455,0.027001091902172276,0.05400218380434455,0.027001091902172276,0.05400218380434455,0.027001091902172276,0.09000363967390758,0.027001091902172276,0.05400218380434455,0.05400218380434455,0.05400218380434455,0.027001091902172276,0.05400218380434455,0.1080043676086891,0.027001091902172276,0.05400218380434455,0.05400218380434455
67,0.029234156528942085,0.029269321913700234,0.05853864382740047,0.0878079657411007,0.05853864382740047,0.0878079657411007,0.14634660956850118,0.05853864382740047,0.029269321913700234,0.05853864382740047,0.014634660956850117,0.05853864382740047,0.029269321913700234,0.029269321913700234,0.019512881275800153,0.014634660956850117,0.029269321913700234,0.029269321913700234,0.014634660956850117,0.05853864382740047,0.05853864382740047
68,0.038834951456310676,0.06796116504854369,0.019417475728155338,0.11650485436893204,0.038834951456310676,0.038834951456310676,0.038834951456310676,0.038834951456310676,0.012944983818770225,0.012944983818770225,0.11650485436893204,0.012944983818770225,0.038834951456310676,0.07766990291262135,0.038834951456310676,0.07766990291262135,0.038834951456310676,0.038834951456310676,0.019417475728155338,0.07766990291262135,0.038834951456310676
69,0.045867172787193974,0.09174354107815443,0.06116236071876961,0.03669741643126177,0.022935885269538606,0.015290590179692403,0.04587177053907721,0.04587177053907721,0.04587177053907721,0.09174354107815443,0.015290590179692403,0.022935885269538606,0.09174354107815443,0.022935885269538606,0.04587177053907721,0.09174354107815443,0.04587177053907721,0.022935885269538606,0.04587177053907721,0.04587177053907721,0.04587177053907721
70,0.037356297461074245,0.028020030151521123,0.07472008040405634,0.022416024121216904,0.009340010050507042,0.03736004020202817,0.07472008040405634,0.024906693468018777,0.14944016080811268,0.07472008040405634,0.018680020101014085,0.05604006030304225,0.03736004020202817,0.03736004020202817,0.03736004020202817,0.1120801206060845,0.03736004020202817,0.018680020101014085,0.03736004020202817,0.03736004020202817,0.03736004020202817
71,0.03623978226363416,0.1812715143077804,0.07250860572311217,0.027190727146167062,0.018127151430778043,0.024169535241037387,0.07250860572311217,0.018127151430778043,0.036254302861556086,0.012084767620518693,0.10876290858466825,0.036254302861556086,0.07250860572311217,0.036254302861556086,0.012084767620518693,0.018127151430778043,0.036254302861556086,0.07250860572311217,0.036254302861556086,0.036254302861556086,0.036254302861556086
72,0.032223655246647206,0.13978991646437317,0.032259211491778426,0.06451842298355685,0.024194408618833818,0.0430122819890379,0.010753070497259475,0.0430122819890379,0.032259211491778426,0.09677763447533527,0.010753070497259475,0.1290368459671137,0.010753070497259475,0.06451842298355685,0.032259211491778426,0.06451842298355685,0.032259211491778426,0.06451842298355685,0.008064802872944607,0.032259211491778426,0.032259211491778426
73,0.03180245254850647,0.04774672836747091,0.03183115224498061,0.06366230448996121,0.015915576122490303,0.007957788061245152,0.021220768163320403,0.15915576122490305,0.03183115224498061,0.03183115224498061,0.015915576122490303,0.03183115224498061,0.06366230448996121,0.09549345673494182,0.06366230448996121,0.06366230448996121,0.06366230448996121,0.03183115224498061,0.03183115224498061,0.06366230448996121,0.03183115224498061
74,0.03860631959920606,0.05405426315506472,0.028957640975927533,0.028957640975927533,0.07722037593580675,0.07722037593580675,0.025740125311935584,0.03861018796790337,0.07722037593580675,0.03861018796790337,0.019305093983951686,0.019305093983951686,0.019305093983951686,0.07722037593580675,0.11583056390371013,0.07722037593580675,0.019305093983951686,0.012870062655967792,0.07722037593580675,0.03861018796790337,0.03861018796790337
75,0.03521178540139683,0.07755910129538102,0.08813534238111478,0.07050827390489182,0.017627068476222956,0.023502757968297275,0.03525413695244591,0.05288120542866887,0.03525413695244591,0.03525413695244591,0.03525413695244591,0.017627068476222956,0.07050827390489182,0.07050827390489182,0.03525413695244591,0.07050827390489182,0.10576241085733774,0.03525413695244591,0.017627068476222956,0.03525413695244591,0.03525413695244591
76,0.030368572059148096,0.10638589334774239,0.022796977145944797,0.01215838781117056,0.06079193905585279,0.030395969527926395,0.007598992381981599,0.030395969527926395,0.030395969527926395,0.18237581716755838,0.09118790858377919,0.12158387811170558,0.015197984763963198,0.030395969527926395,0.030395969527926395,0.015197984763963198,0.030395969527926395,0.030395969527926395,0.06079193905585279,0.030395969527926395,0.030395969527926395
77,0.025930959146385074,0.02597517442276306,0.03463356589701742,0.01298758721138153,0.07792552326828919,0.10390069769105224,0.01298758721138153,0.01731678294850871,0.05195034884552612,0.23377656980486755,0.038962761634144596,0.038962761634144596,0.038962761634144596,0.02597517442276306,0.07792552326828919,0.02597517442276306,0.05195034884552612,0.02597517442276306,0.02597517442276306,0.02597517442276306,0.02597517442276306
78,0.048316357726178434,0.024133989237713142,0.028960787085255773,0.009653595695085258,0.07240196771313942,0.03620098385656971,0.048267978475426285,0.024133989237713142,0.048267978475426285,0.048267978475426285,0.14480393542627884,0.09653595695085257,0.048267978475426285,0.03217865231695085,0.048267978475426285,0.024133989237713142,0.048267978475426285,0.024133989237713142,0.048267978475426285,0.048267978475426285,0.048267978475426285
79,0.031927199074629584,0.025559677912221003,0.15974798695138126,0.03194959739027625,0.042599463187034996,0.015974798695138126,0.0638991947805525,0.15974798695138126,0.03194959739027625,0.021299731593517498,0.03194959739027625,0.0638991947805525,0.03194959739027625,0.0638991947805525,0.03194959739027625,0.03194959739027625,0.0638991947805525,0.015974798695138126,0.015974798695138126,0.03194959739027625,0.03194959739027625
80,0.04347409372699193,0.07608728799898928,0.07246408380856122,0.043478450285136735,0.014492816761712246,0.043478450285136735,0.07246408380856122,0.06521767542770511,0.17391380114054694,0.043478450285136735,0.010869612571284184,0.043478450285136735,0.043478450285136735,0.021739225142568368,0.014492816761712246,0.021739225142568368,0.043478450285136735,0.021739225142568368,0.043478450285136735,0.043478450285136735,0.043478450285136735
81,0.03369155623867075,0.022472289389798353,0.16854217042348765,0.0505626511270463,0.06741686816939506,0.06741686816939506,0.13483373633879012,0.011236144694899176,0.022472289389798353,0.016854217042348765,0.03370843408469753,0.1011253022540926,0.03370843408469753,0.03370843408469753,0.016854217042348765,0.016854217042348765,0.03370843408469753,0.03370843408469753,0.03370843408469753,0.03370843408469753,0.03370843408469753
82,0.03908042150774295,0.0195441270201815,0.039088254040363,0.039088254040363,0.02931619053027225,0.0977206351009075,0.0586323810605445,0.013029418013454332,0.078176508080726,0.039088254040363,0.117264762121089,0.039088254040363,0.039088254040363,0.078176508080726,0.0195441270201815,0.039088254040363,0.0195441270201815,0.078176508080726,0.039088254040363,0.039088254040363,0.039088254040363
83,0.038899262025429,0.09727740262900517,0.025940640701068045,0.03891096105160207,0.03891096105160207,0.1167328831548062,0.007782192210320414,0.025940640701068045,0.03891096105160207,0.025940640701068045,0.03891096105160207,0.019455480525801035,0.07782192210320414,0.03891096105160207,0.03891096105160207,0.07782192210320414,0.07782192210320414,0.0583664415774031,0.03891096105160207,0.03891096105160207,0.03891096105160207
84,0.0350707652841593,0.03508833580784875,0.05263250371177313,0.026316251855886565,0.03508833580784875,0.10526500742354626,0.017544167903924376,0.0701766716156975,0.0701766716156975,0.026316251855886565,0.0701766716156975,0.0701766716156975,0.03508833580784875,0.03508833580784875,0.0701766716156975,0.03508833580784875,0.0701766716156975,0.03508833580784875,0.03508833580784875,0.03508833580784875,0.03508833580784875
85,0.030585488377228177,0.03061308984071911,0.18367853904431466,0.015306544920359554,0.06122617968143822,0.045919634761078666,0.020408726560479405,0.06122617968143822,0.03061308984071911,0.09183926952215733,0.03061308984071911,0.03061308984071911,0.06122617968143822,0.03061308984071911,0.03061308984071911,0.06122617968143822,0.03061308984071911,0.06122617968143822,0.06122617968143822,0.015306544920359554,0.015306544920359554
86,0.041662665993161985,0.04166684060899296,0.09722262808765023,0.027777893739328638,0.04166684060899296,0.027777893739328638,0.12500052182697888,0.16666736243597183,0.04166684060899296,0.02083342030449648,0.04166684060899296,0.013888946869664319,0.02083342030449648,0.04166684060899296,0.04166684060899296,0.02083342030449648,0.04166684060899296,0.02083342030449648,0.04166684060899296,0.04166684060899296,0.04166684060899296
87,0.038938543345024126,0.058442926418207995,0.09740487736367999,0.038961950945471995,0.07792390189094399,0.038961950945471995,0.07792390189094399,0.019480975472735997,0.038961950945471995,0.025974633963647995,0.038961950945471995,0.07792390189094399,0.07792390189094399,0.038961950945471995,0.019480975472735997,0.038961950945471995,0.038961950945471995,0.038961950945471995,0.038961950945471995,0.038961950945471995,0.038961950945471995
88,0.03872762556582709,0.021498104220572554,0.15478635038812238,0.07739317519406119,0.012898862532343531,0.07739317519406119,0.011056167884865886,0.019348293798515298,0.11608976279109179,0.012898862532343531,0.038696587597030596,0.012898862532343531,0.11608976279109179,0.038696587597030596,0.038696587597030596,0.038696587597030596,0.019348293798515298,0.038696587597030596,0.038696587597030596,0.038696587597030596,0.038696587597030596
89,0.04060320187185438,0.03247605522577644,0.04059506903222056,0.04059506903222056,0.02029753451611028,0.08119013806444111,0.12178520709666166,0.04059506903222056,0.04059506903222056,0.04059506903222056,0.04059506903222056,0.02029753451611028,0.04059506903222056,0.16238027612888223,0.01353168967740685,0.04059506903222056,0.02029753451611028,0.04059506903222056,0.04059506903222056,0.04059506903222056,0.04059506903222056
90,0.035270247341829424,0.03529499095090868,0.03529499095090868,0.047059987934544904,0.01764749547545434,0.07058998190181737,0.03529499095090868,0.17647495475454342,0.03529499095090868,0.01764749547545434,0.03529499095090868,0.01764749547545434,0.07058998190181737,0.03529499095090868,0.03529499095090868,0.07058998190181737,0.03529499095090868,0.01764749547545434,0.07058998190181737,0.07058998190181737,0.03529499095090868
91,0.03706257291777952,0.06487250310773897,0.05560500266377626,0.03707000177585083,0.07414000355170167,0.04942666903446778,0.009267500443962708,0.07414000355170167,0.07414000355170167,0.005295714539407263,0.07414000355170167,0.11121000532755251,0.03707000177585083,0.03707000177585083,0.03707000177585083,0.018535000887925417,0.07414000355170167,0.03707000177585083,0.03707000177585083,0.03707000177585083,0.018535000887925417
