,0,1,2,3,4,5,6,7,8,9,10,11,12,13,14,15,16,17,18,19,20
0,0.021023938621982693,0.1622032863567375,0.07502085150374851,0.03340772293526301,0.014769730139800487,0.057270382174736595,0.01808538384465366,0.028132819313905696,0.02109961448542927,0.03797930607377268,0.09846486759866993,0.01758301207119106,0.016879691588343418,0.0042199228970858545,0.0316494217281439,0.02109961448542927,0.024616216899667483,0.09494826518443171,0.15824710864071953,0.02109961448542927,0.04219922897085854
1,0.017888324568348192,0.10963031718657008,0.06584119624135963,0.03411771077961362,0.010774013930404301,0.046174345416018434,0.013467517413005376,0.03142420729701254,0.014963908236672641,0.05087728800468697,0.12569682918805017,0.03142420729701254,0.026935034826010753,0.01795668988400717,0.007182675953602868,0.021548027860808602,0.026935034826010753,0.0418989430626834,0.12569682918805017,0.16161020895606454,0.01795668988400717
2,0.01440500642346301,0.096429441865028,0.0420783019047395,0.0337503046527598,0.009040260174846375,0.030243779494031505,0.020250182791655878,0.026035949303557557,0.010331725914110143,0.03471459907141008,0.037607482327360914,0.00867864976785252,0.0289288325595084,0.0144644162797542,0.0144644162797542,0.072322081398771,0.0289288325595084,0.1301797465177878,0.31821715815459234,0.0144644162797542,0.0144644162797542
3,0.02131530018245391,0.09143629251845767,0.05227271919962005,0.05613377232231927,0.00972013373546654,0.11404956916280741,0.021384294218026387,0.021384294218026387,0.08553717687210555,0.0555991649668686,0.03207644132703958,0.021384294218026387,0.021384294218026387,0.012830576530815832,0.010692147109013193,0.03421487074884222,0.10692147109013193,0.08553717687210555,0.06415288265407916,0.07484502976309235,0.007128098072675463
4,0.02248763887262598,0.20800778398075287,0.0767532598254561,0.03646648091254703,0.00820890479416643,0.07054527557486774,0.01128724409197884,0.06772346455187303,0.0376241469732628,0.0752482939465256,0.05079259841390478,0.02257448818395768,0.002257448818395768,0.02257448818395768,0.04514897636791536,0.06019863515722048,0.02257448818395768,0.0376241469732628,0.0767532598254561,0.02257448818395768,0.02257448818395768
5,0.015932714667984772,0.13360704657249292,0.03730339192052509,0.021316223954585767,0.005995187987227247,0.05329055988646442,0.02238203515231505,0.023980751948908988,0.011990375974454494,0.02557946874550292,0.019983959957424156,0.023980751948908988,0.0639486718637573,0.007993583982969663,0.003996791991484831,0.00913552455196533,0.07993583982969663,0.015987167965939325,0.3357305272847258,0.0639486718637573,0.023980751948908988
6,0.019707323840082364,0.10634447095192243,0.04396670633671212,0.05056171228721894,0.02198335316835606,0.05935505355456137,0.027699024992128632,0.03957003570304091,0.03297502975253409,0.15828014281216363,0.04451629016592102,0.024731272314400567,0.04451629016592102,0.019785017851520453,0.019785017851520453,0.006595005950506818,0.06924756248032157,0.03561303213273681,0.13849512496064315,0.02967752677728068,0.006595005950506818
7,0.024177976588839342,0.12236171903135638,0.045039191303691016,0.05119839695205902,0.012125936120224506,0.1616791482696601,0.015433009607558461,0.03464553177207002,0.009700748896179605,0.06790524227325723,0.0454722604508419,0.048503744480898024,0.030314840300561263,0.024251872240449012,0.016167914826966008,0.024251872240449012,0.048503744480898024,0.048503744480898024,0.07275561672134703,0.07275561672134703,0.024251872240449012
8,0.02333928014380849,0.09865111643698818,0.038193206542063214,0.05016158462897704,0.003121165265803016,0.06730012604387751,0.014630462183451636,0.025749613442874877,0.023408739493522616,0.0760784033539485,0.05462039215155278,0.017556554620141964,0.1404524369611357,0.023408739493522616,0.011704369746761308,0.0390145658225377,0.01560582632901508,0.04681747898704523,0.14825535012564323,0.058521848733806545,0.023408739493522616
9,0.019857899030364053,0.155738976261322,0.04841257319209095,0.02491823620181152,0.014950941721086913,0.05255482544382066,0.02491823620181152,0.017086790538385042,0.007973835584579687,0.1196075337686953,0.026579451948598957,0.046514040910048175,0.07973835584579686,0.0039869177922898435,0.019934588961449215,0.019934588961449215,0.03488553068253612,0.07973835584579686,0.1328972597429948,0.029901883442173826,0.03986917792289843
10,0.01706792151540288,0.10877372850918214,0.03281676531411282,0.03766793931706862,0.00526824326112848,0.038524028847002005,0.0042804476496668895,0.017121790598667558,0.010273074359200534,0.041092297436802136,0.029351641026287244,0.02853631766444593,0.05136537179600267,0.0057072635328891865,0.017121790598667558,0.04565810826311349,0.025682685898001337,0.08560895299333779,0.34243581197335116,0.038524028847002005,0.017121790598667558
11,0.020161613006883086,0.12971160150063013,0.05293195740451246,0.050596723989607496,0.0236118045284835,0.03863749831933663,0.011243716442135,0.0236118045284835,0.025298361994803748,0.087700988248653,0.121432137575058,0.0168655746632025,0.020238689595843,0.006746229865281001,0.002529836199480375,0.080954758383372,0.161909516766744,0.0161909516766744,0.05565639638856824,0.040477379191686,0.013492459730562002
12,0.017799674922632906,0.10625723805054726,0.053598783795408805,0.04367308309255532,0.008933130632568134,0.0736983277186871,0.01563297860699423,0.03275481231941649,0.01786626126513627,0.02977710210856045,0.026799391897704403,0.03573252253027254,0.02382168168684836,0.01786626126513627,0.01786626126513627,0.03573252253027254,0.01786626126513627,0.013399695948852201,0.3751914865678616,0.02977710210856045,0.00595542042171209
13,0.01895926519045297,0.06871554921401292,0.06419075300460804,0.04149705244742339,0.019019482371735716,0.03381241310530794,0.026627275320430004,0.028529223557603577,0.015215585897388575,0.049450654166512856,0.0316991372862262,0.009509741185867858,0.03803896474347143,0.019019482371735716,0.009509741185867858,0.028529223557603577,0.028529223557603577,0.01267965491449048,0.32333120031950713,0.0950974118586786,0.03803896474347143
14,0.015560165645573883,0.10859353918728484,0.030330823471691918,0.03124993933447046,0.013671848458830824,0.09895814122582311,0.013020808056029358,0.05729155544652917,0.00892855409556299,0.05729155544652917,0.03124993933447046,0.036458262556882205,0.036458262556882205,0.007812484833617615,0.007812484833617615,0.01953121208404404,0.01953121208404404,0.09374981800341138,0.26562448434299885,0.023437454500852845,0.023437454500852845
15,0.018854565111073206,0.0836634567943943,0.06515241176452348,0.019966061669773324,0.01351086879909473,0.018915216318732622,0.02648130284622567,0.028372824478098933,0.028372824478098933,0.05201684487651471,0.08196593738117469,0.047288040796831556,0.0851184734342968,0.009457608159366311,0.012610144212488416,0.023644020398415778,0.03152536053122104,0.037830432637465244,0.24589781214352407,0.03152536053122104,0.037830432637465244
16,0.018359096154560134,0.16050417512449733,0.03192542062585629,0.020260363089485724,0.02578591665934547,0.034205807813417456,0.020720825886974038,0.027627767849298716,0.042976527765575784,0.03376727181580954,0.02578591665934547,0.12892958329672732,0.00920925594976624,0.00920925594976624,0.011051107139719487,0.02578591665934547,0.022102214279438974,0.029469619039251965,0.22102214279438973,0.09209255949766239,0.00920925594976624
17,0.02319036429956185,0.11442063831043152,0.0450894888257209,0.04460465561254111,0.018617595386104115,0.06464442842397262,0.01454499639539384,0.011635997116315073,0.011635997116315073,0.09308797693052058,0.07563398125604795,0.06981598269789042,0.031029325643506862,0.031029325643506862,0.007757331410876716,0.040725989907102744,0.011635997116315073,0.06981598269789042,0.10472397404683564,0.023271994232630145,0.09308797693052058
18,0.021970318138989354,0.15106584794448083,0.12496931460127367,0.05237684509023971,0.008019421257835746,0.05390833178878472,0.0294045446120644,0.022053408459048296,0.011026704229524148,0.02606311908796617,0.04962016903285867,0.022053408459048296,0.03859346480333452,0.008821363383619319,0.011026704229524148,0.030874771842667615,0.0294045446120644,0.07718692960666904,0.1874539719019105,0.011026704229524148,0.033080112688572444
19,0.017429313971870367,0.23324131413494664,0.036152403690916726,0.054978309760380276,0.011662065706747334,0.09621204208066547,0.011662065706747334,0.061225844960423485,0.006997239424048399,0.023324131413494667,0.03935947176027225,0.013119823920090748,0.030612922480211743,0.0024990140800172857,0.008746549280060498,0.046648262826989334,0.017493098560120997,0.08746549280060499,0.157437887041089,0.034986197120241994,0.008746549280060498
20,0.018816512053895503,0.12563846290295144,0.043184004434956465,0.06612550679102708,0.010173154890927242,0.07827100803835857,0.012595334626862303,0.01889300194029345,0.012595334626862303,0.04534320465670428,0.0377860038805869,0.028339502910440177,0.03148833656715575,0.023616252425366815,0.0062976673134311515,0.01889300194029345,0.015744168283577876,0.0377860038805869,0.1416975145522009,0.18893001940293452,0.0377860038805869
21,0.018395018195387167,0.12758591681034034,0.06652065731628778,0.061593201218785,0.02053106707292833,0.05851354115784574,0.011086776219381297,0.07391184146254198,0.014782368292508398,0.034316212107608775,0.06005337118831536,0.032336430639862114,0.025869144511889694,0.09238980182817749,0.009238980182817748,0.018477960365635496,0.011086776219381297,0.11086776219381299,0.09238980182817749,0.04157541082267987,0.018477960365635496
22,0.022188274470213,0.12750754013102872,0.03425110968110662,0.0445264425854386,0.019082761108045118,0.07792127452451754,0.012986879087419594,0.038165522216090236,0.0222632212927193,0.0445264425854386,0.0667896638781579,0.03896063726225877,0.0222632212927193,0.003710536882119884,0.01113161064635965,0.0890528851708772,0.0890528851708772,0.03896063726225877,0.11873718022783629,0.0667896638781579,0.01113161064635965
23,0.020810082216524212,0.14398793449434272,0.050904131421902636,0.026579313376471313,0.01461862235705922,0.027309514293407337,0.017403121853641932,0.04594424169361469,0.010441873112185158,0.03393608761460176,0.06265123867311095,0.10441873112185159,0.025060495469244378,0.0034806243707283867,0.010441873112185158,0.03654655589264805,0.010441873112185158,0.04176749244874063,0.198395589131518,0.10441873112185159,0.010441873112185158
24,0.02223813412253405,0.20088813202613445,0.049105987828610635,0.044641807116918765,0.015624632490921567,0.04687389747276471,0.025509604066810725,0.03188700508351341,0.011160451779229691,0.022320903558459382,0.05357016854030252,0.033481355337689075,0.052082108303071896,0.007440301186153128,0.005580225889614846,0.11160451779229691,0.027901129448074227,0.029761204744612513,0.11904481897845005,0.044641807116918765,0.044641807116918765
25,0.0163375970299165,0.07477357427974632,0.10111923422334114,0.02596304662491191,0.012753777289430413,0.10385218649964764,0.016397713657839104,0.054659045526130344,0.06559085463135642,0.03279542731567821,0.03279542731567821,0.027329522763065172,0.02186361821045214,0.01093180910522607,0.006559085463135641,0.024596570486758652,0.01093180910522607,0.08198856828919551,0.19677256389406922,0.049193140973517305,0.03279542731567821
26,0.021831097575857928,0.1244493718884365,0.04526638486822062,0.0730102981745494,0.007964759800859936,0.0312901277890926,0.016427317089273613,0.052567414685675565,0.027378861815456023,0.028161115010183337,0.049281951267820846,0.051107208722184584,0.024336766058183135,0.012516051115637042,0.01095154472618241,0.051107208722184584,0.04380617890472964,0.17522471561891856,0.04380617890472964,0.06570926835709445,0.04380617890472964
27,0.028335207886490566,0.18412058388050614,0.07107596068916598,0.0653898838340327,0.014215192137833198,0.09239874889591577,0.02030741733976171,0.025271452689481243,0.009476794758555465,0.02030741733976171,0.04975317248241618,0.047383973792777326,0.021322788206749797,0.021322788206749797,0.007107596068916599,0.047383973792777326,0.04264557641349959,0.028430384275666395,0.1279367292404988,0.05686076855133279,0.01895358951711093
28,0.02177723142322188,0.11471677092141873,0.04127375885003425,0.07866292863182997,0.005462703377210416,0.06243089573954761,0.016995077173543517,0.12017947429862913,0.016995077173543517,0.06118227782475665,0.04370162701768333,0.010925406754420832,0.04370162701768333,0.005462703377210416,0.005462703377210416,0.021850813508841663,0.008740325403536666,0.0364180225147361,0.18573191482515408,0.08740325403536665,0.010925406754420832
29,0.017247046809768404,0.1195900871520505,0.04701127563908192,0.02931067388023731,0.017319943656503863,0.038969873227133696,0.012371388326074189,0.05628981688363755,0.015154950699440879,0.060619802797763515,0.028866572760839773,0.014845665991289028,0.027711909850406183,0.004329985914125966,0.034639887313007725,0.028866572760839773,0.04329985914125966,0.024247921119105408,0.36371881678658113,0.006927977462601546,0.008659971828251931
30,0.02307177478333028,0.1116326643629386,0.07203292910332829,0.04116167377333045,0.0385890691624973,0.04399153884524691,0.023153441497498376,0.04244797607874702,0.023153441497498376,0.04630688299499675,0.0385890691624973,0.023153441497498376,0.10419048673874269,0.011576720748749188,0.01543562766499892,0.011576720748749188,0.01543562766499892,0.13892064898499026,0.07524868486686971,0.054024696827496214,0.04630688299499675
31,0.023326969342925025,0.18289058713888737,0.045442931769097666,0.04161776916227126,0.031213326871703445,0.07022998546133274,0.019508329294814653,0.06437748667288834,0.013005552863209768,0.06242665374340689,0.05462332202548103,0.04096749151911076,0.029262493942221978,0.009363998061511032,0.009363998061511032,0.04096749151911076,0.04681999030755516,0.04681999030755516,0.10924664405096206,0.03511499273066637,0.02340999515377758
32,0.02613130904479046,0.15480488411594498,0.03630040086589777,0.04119807399859826,0.04369492696821028,0.08913765101514895,0.02184746348410514,0.03370751508976221,0.010486782472370467,0.03932543427138925,0.08389425977896374,0.026216956180926166,0.04369492696821028,0.008738985393642056,0.008738985393642056,0.03277119522615771,0.03277119522615771,0.0786508685427785,0.12453054185939928,0.04587967331662079,0.017477970787284112
33,0.017875047686908254,0.09746150999610284,0.018786866307820203,0.044832294598207305,0.016139626055354628,0.021193448355516183,0.01793291783928292,0.01793291783928292,0.0239105571190439,0.026899376758924384,0.044832294598207305,0.005123690811223693,0.08069813027677315,0.01793291783928292,0.013449688379462192,0.04184347495832682,0.07173167135713168,0.05379875351784877,0.2689937675892438,0.08966458919641461,0.00896645891964146
34,0.01768443672625526,0.14825492070434795,0.02720118773037039,0.047306413444122425,0.02439236943212562,0.04308262652946863,0.0011087440650966193,0.013797703921202373,0.01773990504154591,0.06504631848566833,0.07095962016618364,0.009855502800858838,0.014191924033236727,0.0029566508402576516,0.007095962016618364,0.04139311176360712,0.04434976260386477,0.013304928781159431,0.33705819578937224,0.03547981008309182,0.01773990504154591
35,0.02227089348737635,0.16341592230837168,0.06257293435397479,0.06384993301426001,0.025140911124364874,0.044694953109982,0.022347476554991,0.024830529505545557,0.012189532666358728,0.0335212148324865,0.0335212148324865,0.0134084859329946,0.044694953109982,0.022347476554991,0.008938990621996401,0.0558686913874775,0.044694953109982,0.0782161679424685,0.156432335884937,0.0558686913874775,0.0111737382774955
36,0.02626969956123184,0.1805010039741942,0.0711463811285145,0.029863913066290035,0.014373006288588789,0.09881441823404792,0.011711338457368643,0.029644325470214374,0.013175255764539722,0.04140794668855341,0.030742263450592687,0.030742263450592687,0.030742263450592687,0.008783503843026482,0.013175255764539722,0.026350511529079444,0.026350511529079444,0.05270102305815889,0.18445358070355608,0.07026803074421185,0.008783503843026482
37,0.022530200709817323,0.17422970450789266,0.031859491421117075,0.05549717860452653,0.017585525730652436,0.08478735620135996,0.007536653884565331,0.07235187729182717,0.015073307769130661,0.045219923307391975,0.045219923307391975,0.01695747124027199,0.06782988496108797,0.0028262452067119984,0.0032299945219565703,0.03391494248054398,0.03768326942282665,0.045219923307391975,0.16957471240271993,0.028262452067119987,0.022609961653695988
38,0.02036067745781495,0.1362592778737971,0.0613166750432087,0.044965561698353036,0.027251855574759423,0.061316675043208695,0.010219445840534781,0.040877783362139125,0.00908395185825314,0.040877783362139125,0.0749426028305884,0.030658337521604347,0.08175556672427825,0.005839683337448448,0.010219445840534781,0.061316675043208695,0.04769074725582899,0.040877783362139125,0.09197501256481304,0.08175556672427825,0.020438891681069563
39,0.017254106904336507,0.09728504329341518,0.035958682886158035,0.042496625229095863,0.010388063944890096,0.055403007706080525,0.029680182699685993,0.02380597987370647,0.008656719954075081,0.021160870998850195,0.021641799885187704,0.021641799885187704,0.06925375963260065,0.005771146636050054,0.004328359977037541,0.005771146636050054,0.021641799885187704,0.023084586544200217,0.4155225577956039,0.051940319724450484,0.017313439908150163
40,0.02843945964563323,0.14123379697599803,0.05962930414283834,0.03870349244053793,0.023765302375768904,0.1768138496757206,0.014259181425461342,0.02534965586748683,0.02281469028073815,0.07129590712730671,0.061789786176999144,0.08555508855276805,0.033271423326076466,0.03422203542110722,0.012222155507538295,0.04277754427638403,0.01711101771055361,0.021388772138192014,0.05228366522669159,0.02281469028073815,0.014259181425461342
41,0.02313716385886931,0.10836216870431921,0.034830697083531176,0.08127162652823941,0.06385627798647381,0.05108502238917905,0.011610232361177059,0.033172092460505884,0.019903255476303533,0.038700774537256864,0.0812716265282394,0.034830697083531176,0.12771255597294762,0.023220464722354117,0.011610232361177059,0.029025580902942646,0.034830697083531176,0.046440929444708234,0.06385627798647381,0.06966139416706235,0.011610232361177059
42,0.02476221556786397,0.11383074795710348,0.0655146238242228,0.04473067419722798,0.014200214030866028,0.11928179785927462,0.00994014982160622,0.017750267538582533,0.024850374554015547,0.05901963956578692,0.028992103646351474,0.031062968192519434,0.03727556183102332,0.01863778091551166,0.00994014982160622,0.04473067419722798,0.024850374554015547,0.024850374554015547,0.16152743460110103,0.09940149821606219,0.024850374554015547
43,0.022520599393055982,0.09212411558392399,0.0421482881756515,0.03951402016467328,0.012158160050668701,0.016558256069005944,0.012544133385610565,0.033869160141148526,0.06773832028229705,0.07677009631993664,0.07902804032934654,0.028224300117623773,0.052685360219564374,0.004515888018819803,0.022579440094099016,0.062093460258772284,0.01881620007841585,0.056448600235247545,0.12418692051754457,0.06773832028229705,0.06773832028229705
44,0.02053976815134942,0.11172543924111798,0.07728580141679277,0.05724874179021688,0.03091432056671711,0.13052713128169446,0.018735951858616432,0.06869849014826024,0.03434924507413012,0.010304773522239036,0.04808894310378217,0.024044471551891086,0.06182864113343422,0.004121909408895614,0.041219094088956146,0.016487637635582458,0.0274793960593041,0.041219094088956146,0.11335250874462938,0.041219094088956146,0.020609547044478073
45,0.02169057865116329,0.20426183518196794,0.048972612123545596,0.031659062382898166,0.010882802694121244,0.059855414817666826,0.021765605388242487,0.03536910875589404,0.021765605388242487,0.021765605388242487,0.043531210776484974,0.07255201796080829,0.0507864125725658,0.008706242155296995,0.03264840808236373,0.021765605388242487,0.03264840808236373,0.02720700673530311,0.0798072197568891,0.10882802694121244,0.043531210776484974
46,0.02191853497530687,0.1411929347285451,0.04554877461090652,0.04764297114474131,0.009162109835527175,0.03198409251674942,0.02198906360526522,0.01832421967105435,0.02198906360526522,0.14292891343422393,0.03848086130921413,0.03298359540789783,0.07696172261842826,0.01099453180263261,0.00879562544210609,0.029318751473686965,0.01832421967105435,0.01759125088421218,0.08795625442106088,0.15392344523685653,0.02198906360526522
47,0.02167824974835699,0.1561145932354122,0.053547502345563824,0.038487267310874,0.007251224275961767,0.051664972966227594,0.01812806068990442,0.06526101848365591,0.018646005281044545,0.052208814786924726,0.04785808022134766,0.0036256121379808844,0.030455141959039422,0.005438418206971326,0.021753672827885304,0.029004897103847075,0.03625612137980884,0.1522757097951971,0.11420678234639785,0.06526101848365591,0.010876836413942652
48,0.015511358265842544,0.08804508497218208,0.058847227733543915,0.04153921957661924,0.012115605709847278,0.09346324404739328,0.024923531745971544,0.062308829364928854,0.01038480489415481,0.03337973001692617,0.04050073908720375,0.03894301835308053,0.015577207341232214,0.01168290550592416,0.009346324404739328,0.02336581101184832,0.012461765872985772,0.05452022569431274,0.07269363425908366,0.2336581101184832,0.04673162202369664
49,0.020358981456521173,0.11106288767413915,0.06502227242013238,0.029724467392060517,0.011146675272022694,0.040871142664083204,0.020435571332041602,0.023354938665190405,0.008758101999446401,0.051088928330104005,0.08855414243884693,0.015326678499031202,0.051088928330104005,0.03405928555340267,0.010217785666020801,0.035762249831072804,0.025544464165052003,0.08174228532816641,0.20435571332041602,0.040871142664083204,0.030653356998062403
50,0.019313991368720026,0.1447447567762478,0.051694555991517066,0.03172165935843093,0.024231823121023625,0.06092572670428797,0.02907818774522835,0.0387709169936378,0.0193854584968189,0.0630027401146614,0.02215480971065017,0.0387709169936378,0.051694555991517066,0.0193854584968189,0.006461819498939633,0.0193854584968189,0.17446912647137008,0.025847277995758533,0.042648008693001574,0.0969272924840945,0.0193854584968189
51,0.017082443384947597,0.1372396264300765,0.0441127370668103,0.03945639259864699,0.012866214977819672,0.06175783189353442,0.015010584140789615,0.03774089726827103,0.034309906607519126,0.034309906607519126,0.08005644875087796,0.017154953303759563,0.04002822437543898,0.025732429955639343,0.025732429955639343,0.025732429955639343,0.034309906607519126,0.042887383259398906,0.19728196299323494,0.06861981321503825,0.008577476651879782
52,0.01957672664113013,0.16337640399093425,0.08598758104786015,0.09434066034965227,0.012507284516052385,0.043239469326923956,0.004913576059877723,0.022462061988012448,0.01965430423951089,0.0687900648382881,0.03603289110576997,0.03930860847902178,0.03930860847902178,0.03930860847902178,0.003930860847902179,0.015723443391608714,0.029481456359266335,0.026205738986014523,0.07861721695804356,0.1375801296765762,0.01965430423951089
53,0.02353243064857036,0.1726135716496129,0.0581052917058526,0.047210549511005236,0.01416316485330157,0.05732709583479207,0.005245616612333916,0.05665265941320628,0.029506593444378275,0.03835857147769175,0.02832632970660314,0.018884219804402098,0.03304738465770366,0.003934212459250437,0.007868424918500873,0.09442109902201047,0.023605274755502618,0.023605274755502618,0.20064483542177222,0.039342124592504364,0.023605274755502618
54,0.020683517089298768,0.14740538333996475,0.0536334141260435,0.041522643194356265,0.03321811455548501,0.0788930220692769,0.008897709255933485,0.08996572692110523,0.013840881064785423,0.045674907513791885,0.03321811455548501,0.03460220266196355,0.041522643194356265,0.008304528638871253,0.0025951651996472666,0.06228396479153439,0.020761321597178133,0.031141982395767195,0.2076132159717813,0.020761321597178133,0.0034602202661963557
55,0.013507570444053048,0.0827243258877434,0.04181420844052603,0.030513071024167643,0.01549870274243436,0.05424545959852026,0.00904090993308671,0.013561364899630064,0.006780682449815032,0.1762977436951908,0.06328636953160696,0.020342047349445096,0.09492955429741043,0.006780682449815032,0.004520454966543355,0.022602274832716773,0.02712272979926013,0.01808181986617342,0.20342047349445097,0.08136818939778039,0.013561364899630064
56,0.01480360569399421,0.10215142198148909,0.10400872056297072,0.02352578203210052,0.008915033191111777,0.03120261616889122,0.0185729858148162,0.01698101560211767,0.012381990543210802,0.02971677730370592,0.026745099573335325,0.006753813023569528,0.0371459716296324,0.01485838865185296,0.00742919432592648,0.04457516595555888,0.01485838865185296,0.024763981086421603,0.3120261616889122,0.13372549786667665,0.01485838865185296
57,0.021279590634333132,0.1125782503265323,0.04927164802089611,0.025354368877419455,0.01830089783633284,0.12098926902908931,0.028468063300962198,0.021351047475721644,0.03736433308251288,0.02717406042364573,0.051242513941731946,0.016013285606791234,0.053377618689304115,0.028468063300962198,0.0071170158252405495,0.08540418990288658,0.01868216654125644,0.04270209495144329,0.13878180859219066,0.03202657121358247,0.06405314242716494
58,0.020118973052558064,0.1275884097870718,0.050484622577618335,0.042407082965199405,0.0363489282558852,0.03141265404829585,0.010096924515523667,0.02884835575863905,0.06058154709314201,0.031733191334502954,0.020193849031047335,0.06058154709314201,0.020193849031047335,0.06058154709314201,0.013462566020698225,0.02692513204139645,0.005048462257761834,0.010096924515523667,0.30290773546571004,0.03365641505174556,0.006731283010349112
59,0.020825296310678462,0.09887444330060663,0.045283959126836096,0.05643077983498038,0.01625578019937706,0.058056357854918084,0.020900288827770508,0.03715606902714757,0.020900288827770508,0.02687179992141922,0.08360115531108203,0.06270086648331152,0.03135043324165576,0.008360115531108204,0.03135043324165576,0.020900288827770508,0.008360115531108204,0.02786705177036068,0.13585187738050827,0.14630202179439353,0.041800577655541016
60,0.01997799081035665,0.08389404572108794,0.0977217147614,0.08018191980422566,0.016961559958586198,0.032801694465365044,0.004454551100234759,0.01753979495717436,0.012027287970633849,0.02806367193147898,0.03006821992658462,0.04009095990211283,0.2205002794616205,0.050113699877641034,0.005011369987764104,0.04009095990211283,0.03006821992658462,0.050113699877641034,0.08018191980422566,0.020045479951056416,0.04009095990211283
61,0.017588110934115622,0.12164502828062966,0.05025780945093013,0.04120234828860038,0.02825303882646883,0.07504713438280781,0.01765814926654302,0.030901761216450278,0.014126519413234414,0.058860497555143394,0.026487223899814526,0.026487223899814526,0.023544199022057358,0.00882907463327151,0.011772099511028679,0.17658149266543016,0.01765814926654302,0.07946167169944358,0.07651864682168641,0.08829074633271508,0.00882907463327151
62,0.020925619965461696,0.17995393603371387,0.05511089291032488,0.04771505879681808,0.006998208623533318,0.036263444685581736,0.012246865091183307,0.03359140139295993,0.011996929068914261,0.03499104311766659,0.04548835605296656,0.015745969402949964,0.015745969402949964,0.013996417247066637,0.03359140139295993,0.041989251741199905,0.1259677552235997,0.05248656467649988,0.07872984701474983,0.1259677552235997,0.010497312935299976
63,0.01570793806736743,0.10333626444432645,0.04732958676839379,0.030118827943523323,0.01577652892279793,0.0335251239609456,0.0052588429742659775,0.07888264461398965,0.008764738290443295,0.03549719007629534,0.1104357024595855,0.03155305784559586,0.0867709090753886,0.010517685948531955,0.007888264461398965,0.10254743799818654,0.04732958676839379,0.03155305784559586,0.1735418181507772,0.01577652892279793,0.007888264461398965
64,0.023021723498257412,0.12259196322745416,0.07626827876199811,0.03301657089263988,0.031778449484165874,0.07857943872448289,0.018489279699878333,0.04044529934348384,0.01980994253558393,0.09244639849939165,0.05200109915590781,0.01980994253558393,0.05546783909963499,0.023111599624847913,0.009244639849939167,0.05546783909963499,0.03851933270807986,0.03081546616646389,0.08666849859317968,0.046223199249695826,0.046223199249695826
65,0.020292239326118688,0.1847565363323058,0.0633968507022618,0.028528582816017806,0.020377559154298435,0.06792519718099478,0.020377559154298435,0.0611326774628953,0.027170078872397915,0.07641584682861913,0.06928370112461467,0.015283169365723825,0.020377559154298435,0.01222653549257906,0.0033962598590497393,0.04075511830859687,0.0611326774628953,0.07132145704004451,0.0883027563352932,0.027170078872397915,0.020377559154298435
66,0.020546442244157408,0.1745328519413448,0.11602467998373489,0.05729613826357279,0.01604291871380038,0.06187982932465861,0.028877253684840683,0.037815451253958035,0.013751073183257469,0.0515665244372155,0.0825064390995448,0.0206266097748862,0.016501287819908964,0.0029466585392694577,0.0103133048874431,0.06187982932465861,0.0206266097748862,0.06187982932465861,0.11344635376187409,0.0206266097748862,0.0103133048874431
67,0.014697961473095055,0.0905677003533151,0.03373527039615547,0.03279817955181782,0.021084543997597165,0.04427754239495405,0.016867635198077734,0.016867635198077734,0.014759180798318016,0.011807344638654413,0.0885550847899081,0.059036723193272064,0.01229931733193168,0.04427754239495405,0.00885550847899081,0.03443808852940871,0.014759180798318016,0.03689795199579504,0.3689795199579504,0.01967890773109069,0.014759180798318016
68,0.0208217371582278,0.1632192823126769,0.06528771292507077,0.03214164328618869,0.010446034068011322,0.03917262775504246,0.004642681808005033,0.017410056780018873,0.020892068136022644,0.04596254989924981,0.029845811622889493,0.036561119238039626,0.08356827254409058,0.015669051102016985,0.020892068136022644,0.04874815898405284,0.08356827254409058,0.06267620440806794,0.06267620440806794,0.12535240881613588,0.010446034068011322
69,0.022207986320027066,0.115297424224614,0.07675729549220334,0.046594604594973874,0.02228437611063968,0.069638675345749,0.012380208950355378,0.024760417900710756,0.014856250740426454,0.02228437611063968,0.034664585060995054,0.018570313425533065,0.03501830531671949,0.02228437611063968,0.01114218805531984,0.13370625666383806,0.027855470138299598,0.02228437611063968,0.11142188055319839,0.08913750444255872,0.06685312833191903
70,0.018979967017413377,0.14047830147072796,0.061905692173541145,0.03492115968763859,0.014815037443240616,0.04761976321041626,0.009523952642083253,0.022857486340999805,0.009523952642083253,0.026667067397833106,0.034286229511499705,0.009523952642083253,0.06984231937527718,0.0038095810568333013,0.0063493017613888356,0.19047905284166505,0.025397207045555342,0.03174650880694418,0.15238324227333205,0.06984231937527718,0.019047905284166507
71,0.014526476787213931,0.10046178698208616,0.04739527853590355,0.033143551423708784,0.014583162626431863,0.022537614968121972,0.10208213838502303,0.02041642767700461,0.014583162626431863,0.018749780519698108,0.08749897575859118,0.03888843367048497,0.029166325252863726,0.004861054208810622,0.008749897575859119,0.08749897575859118,0.014583162626431863,0.029166325252863726,0.2770800899022054,0.029166325252863726,0.004861054208810622
72,0.014520521167406033,0.13431300557687526,0.043729815769215204,0.025177772715608754,0.009276021526803225,0.015901751188805532,0.014576605256405068,0.021864907884607602,0.006247116538459315,0.01943547367520676,0.13118944730764562,0.05101811839741773,0.01665897743589151,0.00971773683760338,0.002915321051281014,0.03887094735041352,0.021864907884607602,0.029153210512810137,0.2478022893588861,0.10203623679483546,0.043729815769215204
73,0.018953949611385194,0.10757934765288424,0.09833855753398263,0.03074605024635686,0.025377692266834232,0.06253788451469863,0.057099807600377014,0.029909423028768912,0.02447134611444729,0.045679846080301616,0.04441096146695991,0.012688846133417116,0.08564971140056553,0.007613307680050269,0.01903326920012567,0.025377692266834232,0.03806653840025134,0.057099807600377014,0.11419961520075403,0.01903326920012567,0.07613307680050269
74,0.01989624564757381,0.11810656499123988,0.04593998005909257,0.03086876130452861,0.01248369023344907,0.03281427147078041,0.026631872498024685,0.03495433265365739,0.02496738046689814,0.09487604577421292,0.04993476093379628,0.029960856560277766,0.033289840622530854,0.13981733061462956,0.002853414910502645,0.019973904373518512,0.05992171312055553,0.09986952186759256,0.07490214140069441,0.039947808747037024,0.007989561749407405
75,0.020697012032755605,0.14680757366993555,0.03715066723385928,0.03397200051866277,0.01779485741453764,0.03114100047544087,0.0138404446557515,0.02422077814756512,0.02422077814756512,0.05709183420497492,0.044981445131192364,0.029064933777078146,0.017300555819689374,0.020760666983627246,0.015570500237720435,0.027680889311503,0.18684600285264522,0.10380333491813623,0.09861316817222943,0.04152133396725449,0.00692022232787575
76,0.017042581373252028,0.1086513986478184,0.036485407940995807,0.039905914935464165,0.017102534972341786,0.02907430945298103,0.0195457542541049,0.02443219281763112,0.01368202797787343,0.039905914935464165,0.06413450614628169,0.045606759926244765,0.028504224953902976,0.017102534972341786,0.008551267486170893,0.06841013988936714,0.05130760491702536,0.028504224953902976,0.20523041966810143,0.08551267486170892,0.05130760491702536
77,0.022039138763571692,0.15250128616600403,0.04008979421634933,0.06082589467308174,0.012064640265735225,0.04239380537820849,0.02211850715384791,0.02654220858461749,0.030965910015387073,0.0505565877802238,0.0252782938901119,0.02211850715384791,0.014745671435898607,0.013271104292308745,0.003686417858974652,0.06635552146154373,0.13271104292308747,0.051609850025645124,0.11059253576923955,0.08847402861539164,0.011059253576923955
78,0.018405640084559936,0.12935793889493924,0.051332515434499716,0.025409595140077353,0.01175981262681266,0.02351962525362532,0.030799509260699826,0.028746208643319837,0.029567528890271835,0.04927921481711973,0.06159901852139965,0.022175646667703875,0.04927921481711973,0.007391882222567959,0.015399754630349913,0.03326347000155581,0.018479705556419895,0.10471833148637939,0.2402361722334586,0.030799509260699826,0.018479705556419895
79,0.025358252980011674,0.13995000842999708,0.07845682290772563,0.06220000374666536,0.01817532577012949,0.05301136682954435,0.011309091590302795,0.025445456078181286,0.025445456078181286,0.06997500421499853,0.05089091215636257,0.015267273646908771,0.06361364019545321,0.016963637385454193,0.0063613640195453215,0.059372730849089665,0.015267273646908771,0.06785454954181677,0.11026364300545223,0.059372730849089665,0.025445456078181286
80,0.015739977451104618,0.0991996085882555,0.10542953569766286,0.05196169973670526,0.011501403894290494,0.12124396605231227,0.01807363469102792,0.03426459910174042,0.013178691962207858,0.043489683475285916,0.01807363469102792,0.03162886070929886,0.04744329106394828,0.11070101248254598,0.003953607588662357,0.05271476784883143,0.027675253120636494,0.03953607588662357,0.12651544283719543,0.01186082276598707,0.01581443035464943
81,0.01832069290788185,0.1144287867438143,0.05210596539227258,0.05108427979634567,0.006567978830958729,0.03269393906966123,0.014712272581347554,0.01839034072668444,0.030650567877807403,0.04466225605051935,0.0459758518167111,0.04904090860449185,0.029424545162695107,0.02758551109002666,0.00459758518167111,0.06436619254339554,0.03678068145336888,0.05517102218005332,0.21148891835687103,0.07356136290673776,0.01839034072668444
82,0.01783542245240516,0.11007607680091949,0.036915757463723,0.027536229343569602,0.00795491069925344,0.035797098146640484,0.010227742327611568,0.0223731863416503,0.02684782360998036,0.10142511141548136,0.1968840398065226,0.01534161349141735,0.023864732097760324,0.017898549073320242,0.01342391180499018,0.035797098146640484,0.017898549073320242,0.05369564721996072,0.0671195590249509,0.12528984351324166,0.035797098146640484
83,0.01780086252570454,0.15448480353939054,0.02843634625631156,0.04468568697420388,0.017874274789681552,0.11916183193121034,0.02234284348710194,0.028598839663490482,0.03127998088194271,0.06702853046130582,0.04647311445317203,0.017874274789681552,0.10724564873808931,0.035748549579363104,0.008937137394840776,0.028598839663490482,0.029790457982802585,0.06255996176388542,0.08341328235184725,0.029790457982802585,0.017874274789681552
84,0.016930070131566895,0.08660458250093092,0.04249290262896144,0.0325778920155371,0.007554293800704256,0.04613515142572956,0.03399432210316915,0.03116146192790505,0.03966004245369734,0.11048154683529972,0.09631724595897924,0.05099148315475372,0.01983002122684867,0.011331440701056383,0.016997161051584574,0.016997161051584574,0.03824361236606529,0.118980127361092,0.11048154683529972,0.03824361236606529,0.03399432210316915
85,0.018461313234464365,0.13667257123943233,0.03379341741513382,0.025659517938042057,0.033357373319454674,0.1204571814313641,0.016472776947878853,0.04500597987545472,0.013237052904545507,0.0617729135545457,0.04941833084363656,0.007412749626545484,0.041696716649318344,0.01235458271090914,0.003706374813272742,0.07412749626545484,0.02779781109954556,0.015443228388636425,0.05930199701236387,0.18531874066363707,0.01853187406636371
86,0.018059785391736707,0.14508879160438717,0.056999168130294965,0.036272197901096793,0.025390538530767757,0.027204148425822597,0.018136098950548397,0.027204148425822597,0.018136098950548397,0.036272197901096793,0.04715385727142583,0.009068049475274198,0.03173817316345969,0.0226701236881855,0.036272197901096793,0.03022683158424733,0.024181465267397867,0.045340247376371,0.23576928635712915,0.09974854422801617,0.009068049475274198
87,0.017130828372219308,0.10946707568066498,0.04512124297167906,0.02628912755772898,0.010743153088495015,0.022345758424069627,0.009822311395195443,0.03437808988318405,0.017189044941592024,0.07448586141356543,0.015040414323893019,0.014324204117993353,0.025783567412388034,0.004911155697597721,0.03437808988318405,0.04010777153038139,0.12032331459114415,0.17189044941592024,0.17189044941592024,0.017189044941592024,0.017189044941592024
88,0.01835434974930241,0.14082234392862283,0.04092273242370237,0.042091953350093865,0.007892241253142598,0.07366091836266425,0.006905711096499774,0.04296886904488748,0.030692049317776773,0.02148443452244374,0.031568965012570394,0.022098275508799274,0.04603807397666516,0.0030692049317776774,0.006138409863555355,0.04603807397666516,0.011049137754399637,0.04296886904488748,0.33147413263198916,0.027622844385999094,0.006138409863555355
89,0.01688304837513686,0.10078944954669147,0.026467817633059734,0.01693940328515823,0.02823233880859705,0.038113657391606014,0.01693940328515823,0.031055572689456752,0.007699728765981014,0.062111145378913504,0.031761381159671684,0.03387880657031646,0.05081820985547469,0.0072597442650678135,0.00564646776171941,0.027103045256253167,0.021174254106447788,0.07622731478321203,0.3557274689883228,0.02823233880859705,0.01693940328515823
90,0.020223184155664365,0.15225978916466915,0.05075326305488972,0.02866066619570243,0.01804560464173857,0.06090391566586766,0.01421091365536912,0.02932410754282517,0.020301305221955886,0.03248208835512942,0.04872313253269413,0.020301305221955886,0.06090391566586766,0.010150652610977943,0.013534203481303925,0.10150652610977944,0.015225978916466916,0.02842182731073824,0.18271174699760298,0.05075326305488972,0.04060261044391177
91,0.01894330536107781,0.2597458044502935,0.04814800277615196,0.0271511293850481,0.0031676317615889453,0.0543022587700962,0.008638995713424396,0.012670527046355781,0.026608106797347136,0.04117921290065628,0.052265924066217585,0.015204632455626936,0.026608106797347136,0.006335263523177891,0.007602316227813468,0.028508685854300504,0.00814533881551443,0.0633526352317789,0.24707527740393767,0.025341054092711562,0.01900579056953367
