,0,1,2,3,4,5,6,7,8,9,10,11,12,13,14,15,16,17,18,19,20
0,0.03761938878670812,0.05269880791519982,0.07528401130742832,0.07528401130742832,0.05646300848057124,0.07528401130742832,0.03764200565371416,0.07528401130742832,0.05646300848057124,0.07528401130742832,0.03764200565371416,0.012547335217904718,0.07528401130742832,0.01882100282685708,0.03764200565371416,0.03764200565371416,0.03764200565371416,0.012547335217904718,0.03764200565371416,0.03764200565371416,0.03764200565371416
1,0.04478040507699693,0.055969898140019715,0.055969898140019715,0.17910367404806307,0.04477591851201577,0.014925306170671924,0.06716387776802366,0.029850612341343848,0.11193979628003943,0.04477591851201577,0.04477591851201577,0.022387959256007884,0.022387959256007884,0.022387959256007884,0.022387959256007884,0.022387959256007884,0.04477591851201577,0.014925306170671924,0.04477591851201577,0.04477591851201577,0.04477591851201577
2,0.04479325328434531,0.033581487189222235,0.13432594875688894,0.011193829063074078,0.029850210834864208,0.022387658126148156,0.022387658126148156,0.04477531625229631,0.06716297437844447,0.04477531625229631,0.022387658126148156,0.06716297437844447,0.029850210834864208,0.022387658126148156,0.04477531625229631,0.08955063250459262,0.04477531625229631,0.04477531625229631,0.08955063250459262,0.04477531625229631,0.04477531625229631
3,0.04861078433122446,0.04858157697032046,0.02429078848516023,0.032387717980213636,0.07287236545548069,0.09716315394064091,0.04858157697032046,0.09716315394064091,0.012145394242580114,0.016193858990106818,0.04858157697032046,0.04858157697032046,0.04858157697032046,0.04858157697032046,0.04858157697032046,0.04858157697032046,0.04858157697032046,0.04858157697032046,0.04858157697032046,0.016193858990106818,0.04858157697032046
4,0.03836686639723405,0.030690419157535086,0.03836302394691886,0.023017814368151316,0.03836302394691886,0.07672604789383772,0.012787674648972952,0.01918151197345943,0.07672604789383772,0.07672604789383772,0.11508907184075658,0.07672604789383772,0.07672604789383772,0.07672604789383772,0.03836302394691886,0.01918151197345943,0.03836302394691886,0.03836302394691886,0.012787674648972952,0.03836302394691886,0.03836302394691886
5,0.03799507202050965,0.10133034132766193,0.1899943899893661,0.11399663399361967,0.01519955119914929,0.025332585331915482,0.012666292665957741,0.07599775599574644,0.01899943899893661,0.03799887799787322,0.01899943899893661,0.009499719499468305,0.056998316996809836,0.03799887799787322,0.01899943899893661,0.03799887799787322,0.03799887799787322,0.03799887799787322,0.03799887799787322,0.03799887799787322,0.03799887799787322
6,0.03131638860134938,0.031332084465724545,0.015666042232862273,0.04699812669858682,0.06266416893144909,0.015666042232862273,0.031332084465724545,0.06266416893144909,0.031332084465724545,0.12532833786289818,0.010444028155241515,0.007833021116431136,0.010444028155241515,0.04699812669858682,0.06266416893144909,0.06266416893144909,0.09399625339717364,0.09399625339717364,0.06266416893144909,0.06266416893144909,0.031332084465724545
7,0.04052885493703947,0.08108206859686991,0.020270517149217477,0.08108206859686991,0.020270517149217477,0.040541034298434954,0.02702735619895663,0.08108206859686991,0.08108206859686991,0.08108206859686991,0.020270517149217477,0.040541034298434954,0.040541034298434954,0.020270517149217477,0.040541034298434954,0.040541034298434954,0.040541034298434954,0.020270517149217477,0.12162310289530485,0.020270517149217477,0.040541034298434954
8,0.03347412841429004,0.03910798324335242,0.05586854749050346,0.0838028212357552,0.03352112849430208,0.0838028212357552,0.03352112849430208,0.10056338548290623,0.03352112849430208,0.06704225698860417,0.03352112849430208,0.06704225698860417,0.01676056424715104,0.03352112849430208,0.03352112849430208,0.03352112849430208,0.05028169274145312,0.03352112849430208,0.06704225698860417,0.03352112849430208,0.03352112849430208
9,0.04027232763216543,0.010067073486375887,0.0805365878910071,0.06040244091825533,0.10067073486375888,0.04026829394550355,0.04026829394550355,0.010067073486375887,0.026845529297002364,0.0805365878910071,0.1610731757820142,0.04026829394550355,0.020134146972751774,0.04026829394550355,0.04026829394550355,0.04026829394550355,0.04026829394550355,0.04026829394550355,0.020134146972751774,0.026845529297002364,0.04026829394550355
10,0.04270872219328242,0.10676110904907629,0.021352221809815258,0.021352221809815258,0.08540888723926103,0.010676110904907629,0.021352221809815258,0.042704443619630515,0.08540888723926103,0.08540888723926103,0.01423481453987684,0.01423481453987684,0.021352221809815258,0.042704443619630515,0.042704443619630515,0.042704443619630515,0.042704443619630515,0.042704443619630515,0.12811333085889157,0.042704443619630515,0.042704443619630515
11,0.03769759128256422,0.02828452540319047,0.022627620322552378,0.03771270053758729,0.025141800358391527,0.025141800358391527,0.05656905080638094,0.03771270053758729,0.050283600716783054,0.07542540107517458,0.07542540107517458,0.03771270053758729,0.07542540107517458,0.07542540107517458,0.03771270053758729,0.03771270053758729,0.03771270053758729,0.07542540107517458,0.03771270053758729,0.07542540107517458,0.03771270053758729
12,0.03397130286622224,0.059491503342549365,0.03399514476717107,0.011331714922390355,0.04532685968956142,0.016997572383585534,0.016997572383585534,0.03399514476717107,0.13598057906868427,0.03399514476717107,0.06799028953434214,0.03399514476717107,0.06799028953434214,0.050992717150756595,0.016997572383585534,0.016997572383585534,0.016997572383585534,0.10198543430151319,0.10198543430151319,0.06799028953434214,0.03399514476717107
13,0.03531489111241907,0.24720423778693346,0.014125956444967627,0.061801059446733364,0.03531489111241907,0.011771630370806354,0.14125956444967627,0.02354326074161271,0.03531489111241907,0.03531489111241907,0.1059446733372572,0.02354326074161271,0.03531489111241907,0.017657445556209534,0.017657445556209534,0.017657445556209534,0.03531489111241907,0.03531489111241907,0.017657445556209534,0.03531489111241907,0.017657445556209534
14,0.029018973403395293,0.130755549716251,0.058113577651667116,0.02179259161937517,0.058113577651667116,0.17434073295500135,0.009685596275277852,0.058113577651667116,0.009685596275277852,0.11622715530333423,0.014528394412916779,0.029056788825833558,0.058113577651667116,0.014528394412916779,0.029056788825833558,0.029056788825833558,0.029056788825833558,0.029056788825833558,0.014528394412916779,0.058113577651667116,0.029056788825833558
15,0.033493588846664014,0.0670409071320233,0.027933711305009705,0.0670409071320233,0.03352045356601165,0.016760226783005826,0.03352045356601165,0.050280680349017476,0.03352045356601165,0.016760226783005826,0.1340818142640466,0.016760226783005826,0.03352045356601165,0.0670409071320233,0.03352045356601165,0.10056136069803495,0.10056136069803495,0.03352045356601165,0.03352045356601165,0.03352045356601165,0.03352045356601165
16,0.050276158015337954,0.025102832827788423,0.03765424924168264,0.050205665655576846,0.03765424924168264,0.025102832827788423,0.025102832827788423,0.10041133131115369,0.016735221885192282,0.033470443770384564,0.10041133131115369,0.050205665655576846,0.033470443770384564,0.10041133131115369,0.050205665655576846,0.050205665655576846,0.025102832827788423,0.012551416413894212,0.050205665655576846,0.10041133131115369,0.025102832827788423
17,0.03467202598955256,0.017341221090008036,0.06936488436003214,0.017341221090008036,0.03468244218001607,0.017341221090008036,0.011560814060005357,0.1387297687200643,0.017341221090008036,0.06936488436003214,0.10404732654004822,0.06936488436003214,0.03468244218001607,0.03468244218001607,0.06936488436003214,0.06936488436003214,0.017341221090008036,0.05202366327002411,0.06936488436003214,0.017341221090008036,0.03468244218001607
18,0.034306041877785284,0.03431980558566003,0.019611317477520016,0.05719967597610004,0.013727922234264011,0.06863961117132006,0.022879870390440017,0.08579951396415006,0.06863961117132006,0.03431980558566003,0.06863961117132006,0.13727922234264012,0.06863961117132006,0.017159902792830015,0.03431980558566003,0.03431980558566003,0.017159902792830015,0.03431980558566003,0.06863961117132006,0.011439935195220009,0.06863961117132006
19,0.04048582995951417,0.05060728744939271,0.04048582995951417,0.04048582995951417,0.03036437246963563,0.008097165991902834,0.08097165991902834,0.04048582995951417,0.04048582995951417,0.04048582995951417,0.04048582995951417,0.04048582995951417,0.04048582995951417,0.020242914979757085,0.04048582995951417,0.08097165991902834,0.04048582995951417,0.08097165991902834,0.04048582995951417,0.04048582995951417,0.12145748987854252
20,0.052183074705850686,0.03127535225535232,0.034750391394835906,0.034750391394835906,0.05212558709225386,0.10425117418450772,0.02606279354612693,0.02606279354612693,0.05212558709225386,0.013031396773063465,0.017375195697417953,0.05212558709225386,0.05212558709225386,0.034750391394835906,0.05212558709225386,0.05212558709225386,0.10425117418450772,0.05212558709225386,0.05212558709225386,0.05212558709225386,0.05212558709225386
21,0.034829726766798644,0.011614564058161267,0.058072820290806335,0.04181243060938057,0.10453107652345141,0.034843692174483805,0.023229128116322533,0.017421846087241902,0.06968738434896761,0.13937476869793522,0.034843692174483805,0.034843692174483805,0.011614564058161267,0.034843692174483805,0.10453107652345141,0.034843692174483805,0.034843692174483805,0.034843692174483805,0.034843692174483805,0.034843692174483805,0.06968738434896761
22,0.03633205076143981,0.03636482827315322,0.10909448481945964,0.05454724240972982,0.05454724240972982,0.03636482827315322,0.05454724240972982,0.03636482827315322,0.03636482827315322,0.05454724240972982,0.07272965654630643,0.01818241413657661,0.01818241413657661,0.03636482827315322,0.03636482827315322,0.01818241413657661,0.03636482827315322,0.10909448481945964,0.07272965654630643,0.03636482827315322,0.03636482827315322
23,0.0347994223693435,0.08125561086487787,0.0696476664556096,0.0348238332278048,0.026117874920853604,0.0696476664556096,0.027859066582243845,0.0348238332278048,0.011607944409268267,0.0348238332278048,0.0696476664556096,0.10447149968341442,0.0174119166139024,0.0348238332278048,0.0174119166139024,0.10447149968341442,0.0348238332278048,0.0174119166139024,0.0348238332278048,0.0696476664556096,0.0696476664556096
24,0.038216560509554146,0.038216560509554146,0.02866242038216561,0.07643312101910829,0.012738853503184714,0.050955414012738856,0.07643312101910829,0.009554140127388536,0.11464968152866244,0.07643312101910829,0.1910828025477707,0.038216560509554146,0.019108280254777073,0.019108280254777073,0.019108280254777073,0.019108280254777073,0.038216560509554146,0.038216560509554146,0.038216560509554146,0.019108280254777073,0.038216560509554146
25,0.04254503069524026,0.06383033128698398,0.021276777095661326,0.04255355419132265,0.021276777095661326,0.021276777095661326,0.04255355419132265,0.021276777095661326,0.04255355419132265,0.0851071083826453,0.04255355419132265,0.04255355419132265,0.04255355419132265,0.04255355419132265,0.04255355419132265,0.0851071083826453,0.04255355419132265,0.0851071083826453,0.0851071083826453,0.04255355419132265,0.04255355419132265
26,0.02928846584631952,0.11730652980709129,0.017595979471063696,0.029326632451772822,0.20528642716240975,0.029326632451772822,0.029326632451772822,0.029326632451772822,0.11730652980709129,0.043989948677659235,0.058653264903545645,0.014663316225886411,0.014663316225886411,0.029326632451772822,0.029326632451772822,0.014663316225886411,0.014663316225886411,0.029326632451772822,0.058653264903545645,0.029326632451772822,0.058653264903545645
27,0.03444942710868537,0.03448394903183267,0.02298929935455511,0.06896789806366534,0.06896789806366534,0.011494649677277554,0.03448394903183267,0.13793579612733067,0.03448394903183267,0.03448394903183267,0.051725923547749,0.03448394903183267,0.03448394903183267,0.06896789806366534,0.06896789806366534,0.03448394903183267,0.03448394903183267,0.06896789806366534,0.03448394903183267,0.017241974515916334,0.06896789806366534
28,0.03965300902593904,0.04623403670439082,0.23777504590829568,0.02972188073853696,0.015851669727219714,0.013209724772683092,0.01981458715902464,0.03962917431804928,0.013209724772683092,0.013209724772683092,0.03962917431804928,0.01981458715902464,0.07925834863609856,0.00990729357951232,0.07925834863609856,0.03962917431804928,0.11888752295414784,0.026419449545366184,0.03962917431804928,0.03962917431804928,0.03962917431804928
29,0.03332041973642904,0.02777814885814859,0.02777814885814859,0.06666755725955661,0.03333377862977831,0.011111259543259436,0.03333377862977831,0.03333377862977831,0.06666755725955661,0.06666755725955661,0.06666755725955661,0.06666755725955661,0.05000066794466746,0.03333377862977831,0.06666755725955661,0.03333377862977831,0.016666889314889154,0.10000133588933492,0.10000133588933492,0.03333377862977831,0.03333377862977831
30,0.035273653358663205,0.029412388617113924,0.10588459902161014,0.07058973268107342,0.01176495544684557,0.10588459902161014,0.07058973268107342,0.02352991089369114,0.07058973268107342,0.03529486634053671,0.017647433170268356,0.07058973268107342,0.03529486634053671,0.03529486634053671,0.07058973268107342,0.07058973268107342,0.03529486634053671,0.017647433170268356,0.017647433170268356,0.03529486634053671,0.03529486634053671
31,0.06030906356999221,0.06023659848910306,0.06023659848910306,0.02007886616303435,0.0401577323260687,0.0401577323260687,0.03011829924455153,0.06023659848910306,0.06023659848910306,0.06023659848910306,0.036141959093461844,0.06023659848910306,0.02007886616303435,0.03011829924455153,0.06023659848910306,0.06023659848910306,0.03011829924455153,0.06023659848910306,0.03011829924455153,0.06023659848910306,0.06023659848910306
32,0.04138726836142363,0.051723708541649815,0.03103422512498989,0.0551719557777598,0.041378966833319854,0.03103422512498989,0.10344741708329963,0.0275859778888799,0.06206845024997978,0.08275793366663971,0.08275793366663971,0.06206845024997978,0.08275793366663971,0.020689483416659927,0.01379298894443995,0.041378966833319854,0.041378966833319854,0.08275793366663971,0.01379298894443995,0.010344741708329963,0.020689483416659927
33,0.0389030144964589,0.04669297095563763,0.03891080912969802,0.03891080912969802,0.029183106847273516,0.009727702282424505,0.01945540456484901,0.07782161825939604,0.07782161825939604,0.03891080912969802,0.03891080912969802,0.03891080912969802,0.01945540456484901,0.03891080912969802,0.11673242738909406,0.07782161825939604,0.01945540456484901,0.03891080912969802,0.11673242738909406,0.03891080912969802,0.03891080912969802
34,0.0397274519732655,0.10596110874777759,0.02980156183531245,0.1192062473412498,0.04966926972552075,0.0397354157804166,0.0198677078902083,0.013245138593472199,0.0198677078902083,0.026490277186944397,0.0794708315608332,0.1192062473412498,0.0198677078902083,0.0198677078902083,0.0794708315608332,0.0397354157804166,0.0397354157804166,0.0397354157804166,0.0198677078902083,0.0397354157804166,0.0397354157804166
35,0.04316960486234573,0.04316528098365358,0.02158264049182679,0.06474792147548038,0.02158264049182679,0.04316528098365358,0.04316528098365358,0.06474792147548038,0.08633056196730717,0.04316528098365358,0.04316528098365358,0.02158264049182679,0.04316528098365358,0.028776853989102385,0.08633056196730717,0.04316528098365358,0.04316528098365358,0.04316528098365358,0.08633056196730717,0.04316528098365358,0.04316528098365358
36,0.03670079054363438,0.024464741827463256,0.055045669111792324,0.00917427818529872,0.024464741827463252,0.03669711274119488,0.03669711274119488,0.024464741827463252,0.14678845096477952,0.14678845096477952,0.03669711274119488,0.07339422548238976,0.11009133822358465,0.03669711274119488,0.03669711274119488,0.01834855637059744,0.03669711274119488,0.01834855637059744,0.03669711274119488,0.01834855637059744,0.03669711274119488
37,0.038915114697150845,0.027777019806440727,0.012962609243005671,0.012962609243005671,0.019443913864508507,0.025925218486011342,0.012962609243005671,0.025925218486011342,0.11666348318705104,0.23332696637410208,0.025925218486011342,0.11666348318705104,0.03888782772901701,0.019443913864508507,0.019443913864508507,0.03888782772901701,0.03888782772901701,0.03888782772901701,0.03888782772901701,0.019443913864508507,0.07777565545803403
38,0.04089999839846815,0.03507120371524139,0.12274921300334483,0.10229101083612072,0.040916404334448285,0.040916404334448285,0.061374606501672424,0.08183280866889657,0.010229101083612071,0.013638801444816094,0.040916404334448285,0.040916404334448285,0.020458202167224143,0.08183280866889657,0.020458202167224143,0.040916404334448285,0.040916404334448285,0.040916404334448285,0.040916404334448285,0.040916404334448285,0.040916404334448285
39,0.04597630754166482,0.01312425118594523,0.045934879150808294,0.022967439575404147,0.045934879150808294,0.01837395166032332,0.045934879150808294,0.011483719787702074,0.045934879150808294,0.09186975830161659,0.09186975830161659,0.09186975830161659,0.045934879150808294,0.06890231872621244,0.045934879150808294,0.015311626383602764,0.022967439575404147,0.045934879150808294,0.09186975830161659,0.045934879150808294,0.045934879150808294
40,0.05289856032210641,0.08457836112472353,0.0528614757029522,0.01321536892573805,0.0528614757029522,0.021144590281180882,0.0528614757029522,0.035240983801968134,0.0528614757029522,0.0264307378514761,0.0264307378514761,0.0264307378514761,0.0528614757029522,0.0528614757029522,0.0528614757029522,0.0264307378514761,0.1057229514059044,0.0528614757029522,0.0528614757029522,0.0528614757029522,0.0528614757029522
41,0.04080034003689182,0.04078807909127321,0.024472847454763927,0.030591059318454905,0.020394039545636605,0.02719205272751547,0.04078807909127321,0.04078807909127321,0.020394039545636605,0.04078807909127321,0.12236423727381962,0.04078807909127321,0.04078807909127321,0.08157615818254642,0.08157615818254642,0.08157615818254642,0.08157615818254642,0.04078807909127321,0.04078807909127321,0.020394039545636605,0.04078807909127321
42,0.039302567454690164,0.026185960682666022,0.058918411535998555,0.23567364614399422,0.00490986762799988,0.07855788204799807,0.013092980341333011,0.026185960682666022,0.03927894102399904,0.07855788204799807,0.03927894102399904,0.01963947051199952,0.01963947051199952,0.03927894102399904,0.026185960682666022,0.07855788204799807,0.01963947051199952,0.03927894102399904,0.03927894102399904,0.03927894102399904,0.03927894102399904
43,0.03921191395130609,0.019607920123442736,0.07843168049377094,0.07843168049377094,0.0588237603703282,0.019607920123442736,0.03921584024688547,0.03921584024688547,0.013071946748961822,0.026143893497923645,0.07843168049377094,0.019607920123442736,0.07843168049377094,0.1176475207406564,0.019607920123442736,0.03921584024688547,0.07843168049377094,0.03921584024688547,0.03921584024688547,0.03921584024688547,0.03921584024688547
44,0.038694774810156346,0.1161308325732697,0.15484111009769294,0.038710277524423235,0.038710277524423235,0.05161370336589764,0.038710277524423235,0.019355138762211618,0.038710277524423235,0.019355138762211618,0.019355138762211618,0.07742055504884647,0.07742055504884647,0.038710277524423235,0.038710277524423235,0.038710277524423235,0.038710277524423235,0.038710277524423235,0.019355138762211618,0.019355138762211618,0.038710277524423235
45,0.029656804194119788,0.11881753418031188,0.08911315063523391,0.02970438354507797,0.019802922363385312,0.02970438354507797,0.02970438354507797,0.014852191772538985,0.05940876709015594,0.05940876709015594,0.02970438354507797,0.05940876709015594,0.02970438354507797,0.08911315063523391,0.02970438354507797,0.02970438354507797,0.014852191772538985,0.08911315063523391,0.02970438354507797,0.05940876709015594,0.05940876709015594
46,0.0482341476609264,0.0240953380339006,0.0963813521356024,0.0240953380339006,0.0361430070508509,0.1445720282034036,0.0481906760678012,0.0481906760678012,0.0481906760678012,0.0240953380339006,0.0481906760678012,0.0481906760678012,0.0240953380339006,0.0963813521356024,0.0240953380339006,0.0481906760678012,0.016063558689267066,0.0240953380339006,0.03212711737853413,0.0481906760678012,0.0481906760678012
47,0.04090372407804312,0.049079553565302705,0.06134944195662837,0.02044981398554279,0.16359851188434232,0.02044981398554279,0.08179925594217116,0.010224906992771395,0.02044981398554279,0.02044981398554279,0.08179925594217116,0.04089962797108558,0.08179925594217116,0.04089962797108558,0.04089962797108558,0.04089962797108558,0.04089962797108558,0.04089962797108558,0.04089962797108558,0.02044981398554279,0.04089962797108558
48,0.033172632954070726,0.04268902520071969,0.041503218945144145,0.03320257515611531,0.011067525052038438,0.09960772546834595,0.09960772546834595,0.09960772546834595,0.008300643789028828,0.03320257515611531,0.09960772546834595,0.06640515031223063,0.04980386273417298,0.06640515031223063,0.016601287578057657,0.016601287578057657,0.03320257515611531,0.03320257515611531,0.016601287578057657,0.06640515031223063,0.03320257515611531
49,0.046349762678068854,0.04633118561887924,0.030887457079252827,0.030887457079252827,0.06949677842831886,0.04633118561887924,0.04633118561887924,0.04633118561887924,0.01158279640471981,0.09266237123775849,0.04633118561887924,0.02316559280943962,0.02316559280943962,0.04633118561887924,0.06949677842831886,0.13899355685663772,0.04633118561887924,0.04633118561887924,0.02316559280943962,0.02316559280943962,0.04633118561887924
50,0.0360530484014201,0.04122000327548494,0.04809000382139909,0.09016875716512329,0.10820250859814795,0.01803375143302466,0.03606750286604932,0.07213500573209863,0.07213500573209863,0.01803375143302466,0.07213500573209863,0.024045001910699543,0.07213500573209863,0.03606750286604932,0.03606750286604932,0.00901687571651233,0.07213500573209863,0.07213500573209863,0.012022500955349772,0.01803375143302466,0.03606750286604932
51,0.04109625322237002,0.06461219733264277,0.030837639636034045,0.04111685284804539,0.020558426424022697,0.04111685284804539,0.08223370569609079,0.020558426424022697,0.06167527927206809,0.020558426424022697,0.04111685284804539,0.08223370569609079,0.04111685284804539,0.08223370569609079,0.06167527927206809,0.04111685284804539,0.08223370569609079,0.020558426424022697,0.04111685284804539,0.04111685284804539,0.04111685284804539
52,0.03526344546919012,0.04706031973321024,0.01764761989995384,0.10588571939972305,0.052942859699861525,0.03529523979990768,0.07059047959981536,0.07059047959981536,0.01764761989995384,0.01764761989995384,0.07059047959981536,0.03529523979990768,0.10588571939972305,0.03529523979990768,0.03529523979990768,0.03529523979990768,0.03529523979990768,0.03529523979990768,0.03529523979990768,0.03529523979990768,0.07059047959981536
53,0.038331268811613486,0.07667790547681487,0.025559301825604955,0.028754214553805574,0.07667790547681487,0.025559301825604955,0.025559301825604955,0.038338952738407435,0.038338952738407435,0.07667790547681487,0.038338952738407435,0.012779650912802478,0.038338952738407435,0.038338952738407435,0.07667790547681487,0.019169476369203717,0.038338952738407435,0.019169476369203717,0.038338952738407435,0.15335581095362974,0.07667790547681487
54,0.03804538391574661,0.06091533188924033,0.05076277657436694,0.05710812364616281,0.07614416486155041,0.07614416486155041,0.019036041215387604,0.03807208243077521,0.03807208243077521,0.03807208243077521,0.11421624729232562,0.07614416486155041,0.012690694143591735,0.07614416486155041,0.019036041215387604,0.03807208243077521,0.03807208243077521,0.03807208243077521,0.019036041215387604,0.03807208243077521,0.03807208243077521
55,0.031545265891463885,0.026316704731210217,0.12632018270980905,0.04210672756993635,0.03158004567745226,0.03158004567745226,0.03158004567745226,0.04737006851617839,0.06316009135490452,0.09474013703235679,0.09474013703235679,0.03158004567745226,0.01579002283872613,0.04737006851617839,0.06316009135490452,0.06316009135490452,0.03158004567745226,0.03158004567745226,0.03158004567745226,0.03158004567745226,0.03158004567745226
56,0.03680753903399486,0.051566709191296634,0.12891677297824158,0.03683336370806903,0.07366672741613806,0.018416681854034514,0.009208340927017257,0.03683336370806903,0.03683336370806903,0.05525004556210354,0.07366672741613806,0.03683336370806903,0.03683336370806903,0.03683336370806903,0.03683336370806903,0.03683336370806903,0.018416681854034514,0.018416681854034514,0.07366672741613806,0.03683336370806903,0.11050009112420708
57,0.03488809111901889,0.026173934679079556,0.019942045469774905,0.04653143942947477,0.05234786935815911,0.10469573871631822,0.011632859857368692,0.05234786935815911,0.023265719714737385,0.06979715914421215,0.1395943182884243,0.01744928978605304,0.06979715914421215,0.03489857957210608,0.03489857957210608,0.01744928978605304,0.03489857957210608,0.03489857957210608,0.06979715914421215,0.06979715914421215,0.03489857957210608
58,0.036638257996665306,0.07330590300596078,0.007330590300596079,0.027489713627235294,0.018326475751490195,0.07330590300596078,0.05497942725447059,0.024435301001986928,0.018326475751490195,0.07330590300596078,0.03665295150298039,0.14661180601192156,0.024435301001986928,0.10995885450894118,0.07330590300596078,0.03665295150298039,0.03665295150298039,0.018326475751490195,0.03665295150298039,0.03665295150298039,0.03665295150298039
59,0.039757605698895596,0.05566622575658575,0.01325386327537756,0.029821192369599514,0.07952317965226537,0.07952317965226537,0.11928476947839806,0.03976158982613268,0.03976158982613268,0.01325386327537756,0.07952317965226537,0.05964238473919903,0.01988079491306634,0.01988079491306634,0.01325386327537756,0.11928476947839806,0.03976158982613268,0.03976158982613268,0.01988079491306634,0.03976158982613268,0.03976158982613268
60,0.0496561605653668,0.04962631015324455,0.11579472369090393,0.04962631015324455,0.01985052406129782,0.024813155076622274,0.04962631015324455,0.07443946522986682,0.024813155076622274,0.0992526203064891,0.04962631015324455,0.012406577538311137,0.024813155076622274,0.04962631015324455,0.0992526203064891,0.024813155076622274,0.024813155076622274,0.0330842067688297,0.024813155076622274,0.04962631015324455,0.04962631015324455
61,0.038205513682109504,0.01910849972817001,0.07643399891268005,0.05732549918451003,0.07643399891268005,0.01910849972817001,0.050955999275120026,0.07643399891268005,0.03821699945634002,0.03821699945634002,0.07643399891268005,0.03821699945634002,0.05732549918451003,0.012738999818780006,0.03821699945634002,0.07643399891268005,0.01910849972817001,0.07643399891268005,0.03821699945634002,0.03821699945634002,0.03821699945634002
62,0.05508757830739256,0.07339125605379476,0.05504344204034607,0.05504344204034607,0.01834781401344869,0.013760860510086518,0.05504344204034607,0.04128258153025955,0.027521721020173036,0.027521721020173036,0.027521721020173036,0.027521721020173036,0.05504344204034607,0.05504344204034607,0.05504344204034607,0.05504344204034607,0.05504344204034607,0.05504344204034607,0.11008688408069214,0.05504344204034607,0.027521721020173036
63,0.03331074788970738,0.06666822428346846,0.03333411214173423,0.04444548285564564,0.02222274142782282,0.02222274142782282,0.06666822428346846,0.06666822428346846,0.16667056070867114,0.03333411214173423,0.03333411214173423,0.03333411214173423,0.016667056070867114,0.03333411214173423,0.01111137071391141,0.10000233642520269,0.016667056070867114,0.03333411214173423,0.10000233642520269,0.03333411214173423,0.03333411214173423
64,0.042926688270519,0.0515017028733353,0.02575085143666765,0.17167234291111766,0.042918085727779415,0.042918085727779415,0.042918085727779415,0.08583617145555883,0.08583617145555883,0.021459042863889707,0.021459042863889707,0.042918085727779415,0.021459042863889707,0.01430602857592647,0.02861205715185294,0.042918085727779415,0.042918085727779415,0.042918085727779415,0.042918085727779415,0.042918085727779415,0.042918085727779415
65,0.033602991124310186,0.05605551095566645,0.10089991972019963,0.03363330657339988,0.013453322629359952,0.01681665328669994,0.03363330657339988,0.03363330657339988,0.03363330657339988,0.10089991972019963,0.10089991972019963,0.03363330657339988,0.05044995986009981,0.022422204382266584,0.06726661314679976,0.03363330657339988,0.03363330657339988,0.06726661314679976,0.03363330657339988,0.03363330657339988,0.06726661314679976
66,0.0367885063419029,0.03681063033088269,0.04908084044117692,0.05521594549632404,0.07362126066176539,0.03681063033088269,0.03681063033088269,0.03681063033088269,0.018405315165441347,0.07362126066176539,0.02454042022058846,0.018405315165441347,0.03681063033088269,0.07362126066176539,0.07362126066176539,0.02454042022058846,0.07362126066176539,0.07362126066176539,0.07362126066176539,0.03681063033088269,0.03681063033088269
67,0.042368816686743256,0.025423836725130714,0.04237306120855118,0.08474612241710236,0.04237306120855118,0.06355959181282678,0.04237306120855118,0.02118653060427559,0.06355959181282678,0.08474612241710236,0.04237306120855118,0.04237306120855118,0.02118653060427559,0.04237306120855118,0.02118653060427559,0.04237306120855118,0.02118653060427559,0.12711918362565355,0.04237306120855118,0.04237306120855118,0.04237306120855118
68,0.04601658163853134,0.045975104499347885,0.045975104499347885,0.007662517416557981,0.09195020899869577,0.015325034833115961,0.09195020899869577,0.13792531349804366,0.015325034833115961,0.015325034833115961,0.045975104499347885,0.015325034833115961,0.034481328374510914,0.09195020899869577,0.045975104499347885,0.022987552249673943,0.045975104499347885,0.045975104499347885,0.045975104499347885,0.045975104499347885,0.045975104499347885
69,0.034847067083449645,0.034861045048585414,0.04880546306801957,0.00996029858531012,0.05229156757287812,0.034861045048585414,0.06972209009717083,0.04648139339811388,0.02324069669905694,0.10458313514575623,0.10458313514575623,0.05229156757287812,0.06972209009717083,0.06972209009717083,0.017430522524292707,0.034861045048585414,0.017430522524292707,0.017430522524292707,0.017430522524292707,0.06972209009717083,0.06972209009717083
70,0.034456088255097286,0.03448371113374653,0.24138597793622568,0.05172556670061979,0.06896742226749306,0.06896742226749306,0.03448371113374653,0.03448371113374653,0.03448371113374653,0.03448371113374653,0.03448371113374653,0.017241855566873264,0.03448371113374653,0.03448371113374653,0.05172556670061979,0.017241855566873264,0.03448371113374653,0.03448371113374653,0.03448371113374653,0.03448371113374653,0.03448371113374653
71,0.039469883903572575,0.03947384038752442,0.026315893591682942,0.01973692019376221,0.059210760581286624,0.03947384038752442,0.03947384038752442,0.026315893591682942,0.15789536155009767,0.03947384038752442,0.03947384038752442,0.01973692019376221,0.09868460096881104,0.03947384038752442,0.03947384038752442,0.03947384038752442,0.07894768077504884,0.01973692019376221,0.01973692019376221,0.07894768077504884,0.03947384038752442
72,0.03456192046564138,0.04844492155369542,0.05767252565916121,0.1384140615819869,0.03460351539549673,0.08650878848874181,0.023069010263664484,0.03460351539549673,0.06920703079099345,0.051905273093245094,0.03460351539549673,0.023069010263664484,0.03460351539549673,0.017301757697748364,0.03460351539549673,0.03460351539549673,0.03460351539549673,0.06920703079099345,0.03460351539549673,0.06920703079099345,0.03460351539549673
73,0.03492778015777943,0.04193433906375371,0.017472641276564043,0.10483584765938425,0.10483584765938425,0.023296855035418722,0.034945282553128086,0.034945282553128086,0.026208961914846063,0.034945282553128086,0.06989056510625617,0.052417923829692126,0.034945282553128086,0.034945282553128086,0.06989056510625617,0.017472641276564043,0.06989056510625617,0.034945282553128086,0.10483584765938425,0.017472641276564043,0.034945282553128086
74,0.03934426229508197,0.02950819672131148,0.05901639344262296,0.03934426229508197,0.05245901639344262,0.03934426229508197,0.019672131147540985,0.013114754098360656,0.07868852459016394,0.07868852459016394,0.03934426229508197,0.02622950819672131,0.07868852459016394,0.03934426229508197,0.013114754098360656,0.03934426229508197,0.03934426229508197,0.07868852459016394,0.07868852459016394,0.07868852459016394,0.03934426229508197
75,0.05314270203718127,0.06636850219365552,0.05309480175492442,0.05309480175492442,0.02654740087746221,0.02654740087746221,0.02654740087746221,0.02654740087746221,0.10618960350984884,0.05309480175492442,0.05309480175492442,0.02654740087746221,0.013273700438731105,0.02654740087746221,0.02654740087746221,0.10618960350984884,0.10618960350984884,0.02654740087746221,0.01769826725164147,0.05309480175492442,0.05309480175492442
76,0.036435482071139766,0.031236670549697403,0.05466417346197045,0.09110695576995076,0.1093283469239409,0.0121475941026601,0.009110695576995075,0.0728855646159606,0.01822139115399015,0.0364427823079803,0.1093283469239409,0.1457711292319212,0.0364427823079803,0.0364427823079803,0.01822139115399015,0.0364427823079803,0.0364427823079803,0.01822139115399015,0.01822139115399015,0.0364427823079803,0.0364427823079803
77,0.03933290510212526,0.03934472743609044,0.059017091154135656,0.059017091154135656,0.029508545577067828,0.06557454572681738,0.03934472743609044,0.11803418230827131,0.01967236371804522,0.026229818290726955,0.03934472743609044,0.01967236371804522,0.03934472743609044,0.07868945487218088,0.013114909145363477,0.07868945487218088,0.07868945487218088,0.03934472743609044,0.03934472743609044,0.03934472743609044,0.03934472743609044
78,0.032828944570286296,0.12055389926036092,0.04109792020239577,0.03287833616191662,0.04931750424287493,0.03287833616191662,0.05479722693652769,0.09863500848574985,0.06575667232383324,0.03287833616191662,0.03287833616191662,0.01643916808095831,0.09863500848574985,0.010959445387305538,0.01643916808095831,0.03287833616191662,0.03287833616191662,0.06575667232383324,0.06575667232383324,0.03287833616191662,0.03287833616191662
79,0.028943232429655498,0.04831128196867386,0.014493384590602159,0.057973538362408636,0.028986769181204318,0.08696030754361296,0.057973538362408636,0.014493384590602159,0.057973538362408636,0.08696030754361296,0.1449338459060216,0.009662256393734771,0.014493384590602159,0.08696030754361296,0.028986769181204318,0.028986769181204318,0.057973538362408636,0.057973538362408636,0.028986769181204318,0.028986769181204318,0.028986769181204318
80,0.041682669026666896,0.04166597091188405,0.04166597091188405,0.027777313941256033,0.0833319418237681,0.013888656970628016,0.010416492727971013,0.04166597091188405,0.12499791273565215,0.04166597091188405,0.062498956367826076,0.010416492727971013,0.0833319418237681,0.04166597091188405,0.04166597091188405,0.04166597091188405,0.020832985455942025,0.04166597091188405,0.12499791273565215,0.04166597091188405,0.020832985455942025
81,0.036855687950989584,0.02304172995332561,0.061444613208868286,0.11060030377596293,0.036866767925320974,0.036866767925320974,0.11060030377596293,0.055300151887981465,0.036866767925320974,0.036866767925320974,0.036866767925320974,0.018433383962660487,0.036866767925320974,0.07373353585064195,0.036866767925320974,0.012288922641773658,0.036866767925320974,0.018433383962660487,0.07373353585064195,0.07373353585064195,0.036866767925320974
82,0.035710835268564806,0.026785810131428753,0.011904804502857223,0.03571441350857167,0.008928603377142918,0.05357162026285751,0.03571441350857167,0.017857206754285836,0.023809609005714445,0.05357162026285751,0.07142882701714334,0.07142882701714334,0.10714324052571501,0.017857206754285836,0.03571441350857167,0.07142882701714334,0.07142882701714334,0.07142882701714334,0.03571441350857167,0.07142882701714334,0.07142882701714334
83,0.03820551589504105,0.05732549905261344,0.02866274952630672,0.009554249842102241,0.025477999578939307,0.07643399873681793,0.038216999368408965,0.07643399873681793,0.07643399873681793,0.038216999368408965,0.07643399873681793,0.019108499684204482,0.05732549905261344,0.07643399873681793,0.019108499684204482,0.07643399873681793,0.019108499684204482,0.038216999368408965,0.038216999368408965,0.07643399873681793,0.038216999368408965
84,0.04165866368259748,0.03125026096687182,0.055556019496661016,0.03125026096687182,0.06944502437082627,0.020833507311247883,0.020833507311247883,0.06250052193374364,0.041667014622495765,0.06250052193374364,0.041667014622495765,0.041667014622495765,0.041667014622495765,0.08333402924499153,0.041667014622495765,0.041667014622495765,0.06250052193374364,0.08333402924499153,0.041667014622495765,0.041667014622495765,0.041667014622495765
85,0.0370263244744561,0.018518724529337383,0.07407489811734953,0.037037449058674766,0.018518724529337383,0.07407489811734953,0.14814979623469907,0.037037449058674766,0.11111234717602429,0.037037449058674766,0.018518724529337383,0.018518724529337383,0.07407489811734953,0.018518724529337383,0.018518724529337383,0.018518724529337383,0.018518724529337383,0.037037449058674766,0.07407489811734953,0.07407489811734953,0.037037449058674766
86,0.048018379754463617,0.020558691259051777,0.04797027960445414,0.04797027960445414,0.07195541940668121,0.07195541940668121,0.02398513980222707,0.011992569901113534,0.02398513980222707,0.02398513980222707,0.02398513980222707,0.03198018640296942,0.04797027960445414,0.04797027960445414,0.14391083881336242,0.04797027960445414,0.09594055920890827,0.07195541940668121,0.02398513980222707,0.02398513980222707,0.04797027960445414
87,0.04104361509497067,0.049247403504395236,0.01025987573008234,0.01025987573008234,0.04103950292032936,0.06839917153388225,0.04103950292032936,0.04103950292032936,0.16415801168131744,0.04103950292032936,0.04103950292032936,0.04103950292032936,0.04103950292032936,0.02051975146016468,0.02051975146016468,0.12311850876098807,0.04103950292032936,0.04103950292032936,0.02051975146016468,0.02051975146016468,0.08207900584065872
88,0.042313117066290554,0.07616361071932298,0.01692524682651622,0.08462623413258111,0.08462623413258111,0.025387870239774336,0.014104372355430182,0.06346967559943582,0.08462623413258111,0.06346967559943582,0.042313117066290554,0.021156558533145277,0.08462623413258111,0.021156558533145277,0.042313117066290554,0.021156558533145277,0.042313117066290554,0.042313117066290554,0.042313117066290554,0.042313117066290554,0.042313117066290554
89,0.028735002938905345,0.2014475549460048,0.028778222135143545,0.03597277766892943,0.05755644427028709,0.028778222135143545,0.028778222135143545,0.05755644427028709,0.05755644427028709,0.014389111067571772,0.028778222135143545,0.08633466640543064,0.014389111067571772,0.05755644427028709,0.028778222135143545,0.028778222135143545,0.05755644427028709,0.08633466640543064,0.028778222135143545,0.014389111067571772,0.028778222135143545
90,0.03972745273954059,0.06622569291451444,0.07947083149741734,0.029801561811531502,0.03973541574870867,0.03973541574870867,0.02649027716580578,0.11920624724612601,0.019867707874354334,0.03973541574870867,0.009933853937177167,0.03973541574870867,0.07947083149741734,0.11920624724612601,0.03973541574870867,0.03973541574870867,0.03973541574870867,0.03973541574870867,0.01324513858290289,0.03973541574870867,0.03973541574870867
91,0.04642588799045251,0.03712210655025003,0.0696039497817188,0.030935088791875016,0.023201316593906264,0.0696039497817188,0.16240921615734386,0.04640263318781253,0.011600658296953132,0.023201316593906264,0.09280526637562506,0.04640263318781253,0.023201316593906264,0.04640263318781253,0.04640263318781253,0.015467544395937508,0.04640263318781253,0.04640263318781253,0.04640263318781253,0.04640263318781253,0.023201316593906264
92,0.03979545230510724,0.03182998500646053,0.15914992503230266,0.019893740629037832,0.15914992503230266,0.019893740629037832,0.019893740629037832,0.07957496251615133,0.013262493752691888,0.039787481258075665,0.019893740629037832,0.07957496251615133,0.039787481258075665,0.039787481258075665,0.019893740629037832,0.039787481258075665,0.039787481258075665,0.019893740629037832,0.039787481258075665,0.039787481258075665,0.039787481258075665
