,0,1,2,3,4,5,6,7,8,9,10,11,12,13,14,15,16,17,18,19,20
0,0.03185235282294913,0.061366207390599115,0.030603407322065016,0.050334551516554304,0.012987557119703518,0.07824734826664351,0.022502505383871333,0.051005678870108366,0.04462996901134481,0.06375709858763545,0.04462996901134481,0.04250473239175697,0.08766601055799875,0.01821631388218156,0.009563564788145316,0.06375709858763545,0.021252366195878482,0.1275141971752709,0.07650851830516253,0.03719164084278734,0.023908911970363295
1,0.03175301968711968,0.08671556699199502,0.0675658792812628,0.04062784897958286,0.02601467009759851,0.08584841132207507,0.040467264596264346,0.09538712369119452,0.05450692782353974,0.050873132635303756,0.027821244409931736,0.06359141579412969,0.04451399105589078,0.01734311339839901,0.011923390461399317,0.03815484947647781,0.031795707897064845,0.07948926974266211,0.06359141579412969,0.018168975941179916,0.023846780922798634
2,0.03444740947927143,0.08668793875105334,0.03761253540851488,0.04231410233457924,0.03792597320358583,0.07929976215295219,0.02216452979430341,0.029552706392404548,0.031030341712024772,0.06403086385020985,0.050150047211353174,0.1379126298312212,0.025075023605676587,0.01723907872890265,0.022985438305203536,0.0689563149156106,0.04432905958860682,0.02462725532700379,0.08044903406821237,0.011492719152601768,0.051717236186707954
3,0.025496316830451494,0.052249150611408314,0.030620432451336964,0.026860028466085057,0.017542956091911803,0.043743474930481384,0.02835225226975645,0.017542956091911803,0.019846576588829514,0.054679343663101725,0.05103405408556161,0.032807606197861036,0.025517027042780804,0.01063209460115867,0.020413621634224645,0.02976986488324427,0.03827554056417121,0.05103405408556161,0.33172135155615046,0.04082724326844929,0.05103405408556161
4,0.03589286551506858,0.06638364604489268,0.0532684997471796,0.06928444402332497,0.025359012191543774,0.043110320725624415,0.01901925914365783,0.04145223146694655,0.0263451959989927,0.07838240131931713,0.0758422309061911,0.09340569490551957,0.05645399142641293,0.010264362077529626,0.05987544545225614,0.08382562363315858,0.021555160362812208,0.03592526727135368,0.05645399142641293,0.03592526727135368,0.011975089090451228
5,0.036584293076443807,0.0722790513684975,0.037829165846109736,0.057803479221559866,0.02153462951391446,0.05491330526048187,0.03993694928035046,0.04224100404652451,0.04067652241517176,0.05752822455860005,0.07321774034730916,0.04271034853593034,0.03660887017365458,0.03660887017365458,0.015689515788709106,0.04706854736612732,0.04271034853593034,0.01830443508682729,0.07321774034730916,0.128131045607791,0.02440591344910305
6,0.03478590723308967,0.0808803770205052,0.051457190883711625,0.03480927618604022,0.031328348567436194,0.03297720901835389,0.01740463809302011,0.04641236824805363,0.031328348567436194,0.04641236824805363,0.052213914279060324,0.02945400292664941,0.07832087141859048,0.01740463809302011,0.026106957139530162,0.09282473649610724,0.03480927618604022,0.06961855237208044,0.052213914279060324,0.06961855237208044,0.06961855237208044
7,0.03646493221896816,0.07673982716964303,0.08587814231323036,0.03491133176646538,0.0577888332649446,0.04079211759878443,0.02554874733818603,0.04866428064416388,0.027373657862342176,0.0811071344069398,0.0790794560467663,0.05214030069017558,0.09124552620780726,0.02433214032208194,0.010428060138035117,0.03284838943481061,0.036498210483122906,0.060830350805204846,0.04866428064416387,0.036498210483122906,0.012166070161040968
8,0.04236631382248361,0.09441432871081107,0.05897753985129636,0.04685222327002655,0.022042855519422016,0.05450156584472477,0.022310582509536454,0.05147370107557339,0.05652014235749236,0.06165833711726438,0.051810130494367994,0.03179258007608945,0.04844583630642202,0.007065017794686543,0.04239010676811926,0.03532508897343272,0.03709134342210435,0.04844583630642202,0.07630219218261466,0.06782417082899082,0.04239010676811926
9,0.03275926569427872,0.0663468539242241,0.04099015400490857,0.07567413047060043,0.04645550787222971,0.051530479320456485,0.03497826475085531,0.04792694929804694,0.047366400183449904,0.030605981656998394,0.04471653164171844,0.02342294514566204,0.026829918985031058,0.020495077002454284,0.010930707734642284,0.021861415469284568,0.032792123203926854,0.13116849281570742,0.13116849281570742,0.032792123203926854,0.04918818480589028
10,0.031981001885792774,0.06834745129390395,0.04309150410204752,0.04979462696236603,0.029876776177419614,0.051217330589862206,0.022864879727617055,0.027086088292715582,0.029876776177419614,0.04801624742799581,0.049471285228844177,0.035211914780530255,0.06935680184043841,0.04481516426612942,0.022864879727617055,0.06402166323732775,0.010670277206221292,0.1173730492684342,0.08802978695132566,0.06402166323732775,0.032010831618663874
11,0.030439394506035528,0.09993433636371109,0.03351456402441531,0.03046778547674119,0.0232988947763315,0.02877513072803335,0.019586433520762194,0.026405414079842364,0.07616946369185297,0.08269827486544037,0.07616946369185297,0.015233892738370594,0.03656134257208943,0.03046778547674119,0.03482032625913279,0.03046778547674119,0.09140335643022356,0.0812474279379765,0.050779642461235314,0.09140335643022356,0.010155928492247062
12,0.029636464407481734,0.07944555552878886,0.04997462973022102,0.0699421715197513,0.026181561531457703,0.06824660372533307,0.02472703033526561,0.024436124096027186,0.021579953747140897,0.02781790912717381,0.05604793542660205,0.04662811434650086,0.0652793600851012,0.032969373780354146,0.02967243640231873,0.02967243640231873,0.018545272751449206,0.08901730920695618,0.05192676370405777,0.12858055774338117,0.02967243640231873
13,0.02896158908206281,0.060325213228685004,0.024527833950124665,0.09275980839319875,0.02536401010751528,0.02346602295661278,0.031057971560222795,0.04479877109898804,0.03689310561093132,0.016909340071676854,0.09179356038910293,0.04710459019967124,0.025766613442555212,0.03985773016895259,0.024156200102395508,0.02174058009215596,0.03261087013823394,0.20291208086012225,0.06377236827032413,0.05072802021503056,0.014493720061437305
14,0.036300174458616045,0.08477686068101105,0.055226069243630056,0.049718760399389945,0.04359952835023426,0.05449941043779283,0.05651790712067404,0.04844392038914917,0.014533176116744755,0.07266588058372377,0.04036993365762432,0.028547310229320052,0.09991558580262018,0.022708087682413676,0.00908323507296547,0.03633294029186188,0.04541617536482735,0.04087455782834462,0.08174911565668924,0.030277450243218238,0.04844392038914917
15,0.03843677927281889,0.11670149846296361,0.06925143864835202,0.040221795174547895,0.05290040452304669,0.032060851226088906,0.06540413650122137,0.046167625765568016,0.02448283184537698,0.038473021471306684,0.038473021471306684,0.02448283184537698,0.04232032361843734,0.0076946042942613365,0.030778417177045346,0.08335821318783115,0.038473021471306684,0.046167625765568016,0.06925143864835202,0.06412170245217781,0.030778417177045346
16,0.038260435575858474,0.08967916372511785,0.041126274833574644,0.04661388871691518,0.025526653344977366,0.04850064135545699,0.04177088729178115,0.034809072743150954,0.04177088729178115,0.0875199543256367,0.05956219113828052,0.038289980017466044,0.03132816546883585,0.02680298601222623,0.015315992006986419,0.030631984013972838,0.09572495004366512,0.038289980017466044,0.07657996003493209,0.05360597202445246,0.038289980017466044
17,0.03591663472370775,0.10364593257959352,0.05230369881567615,0.04944334028669386,0.02538267736643107,0.045547804385317976,0.06292788763761036,0.04903471763969639,0.04315055152293282,0.03955467222935508,0.06832170657797697,0.03595879293577735,0.03196337149846876,0.05034231011008829,0.03595879293577735,0.05650667461336441,0.041951925091740234,0.046232733774570885,0.08090728410549904,0.026969094701833014,0.017979396467888674
18,0.025034644940403833,0.06661421145391189,0.04385985209589248,0.04626973407918328,0.029485614854381507,0.025062772626224278,0.025062772626224278,0.03645494200178077,0.030075327151469135,0.04654514916298795,0.029239901397261656,0.015037663575734567,0.016708515084149517,0.025062772626224278,0.00278475251402492,0.035803960894606114,0.0322235648051455,0.030075327151469135,0.3759415893933642,0.050125545252448556,0.012531386313112139
19,0.03616338493352377,0.12282025417137336,0.0592357972271504,0.032389163980927275,0.05290718641228391,0.0407246105936659,0.03619965386103636,0.02413310257402424,0.02413310257402424,0.04826620514804848,0.032177470098698986,0.04137103298404156,0.03619965386103636,0.05429948079155454,0.03619965386103636,0.0603327564350606,0.02714974039577727,0.07239930772207272,0.11463223722661513,0.03619965386103636,0.012066551287012119
20,0.028315321775420985,0.057941931414200475,0.03864703923377997,0.06235055663049833,0.03023057291175677,0.0588624136022187,0.02302719421012723,0.02180089392674767,0.028341162104771972,0.02180089392674767,0.07557643227939193,0.02429242466123312,0.07793819578812293,0.017713226315482482,0.017004697262863182,0.0314901801164133,0.007729407846755993,0.02267292968381758,0.19838813473340378,0.14170581052385986,0.014170581052385986
21,0.03386079120058682,0.07329624151874438,0.04942242091653687,0.057077322201353864,0.025915622396570595,0.0677793201141077,0.027111728045643085,0.049294050992078335,0.03128276312958817,0.06354311260697597,0.011296553352351286,0.027111728045643085,0.03388966005705385,0.027111728045643085,0.009682760016301101,0.056482766761756426,0.028241383380878213,0.07907587346645897,0.07907587346645897,0.10166898017116156,0.0677793201141077
22,0.03741750603429605,0.11611063301352098,0.07058835009506857,0.04213692327103584,0.06688400519212039,0.03979598308931163,0.031212535756322844,0.04213692327103584,0.027050864322146467,0.04577838577594017,0.1273471458857972,0.02340940181724213,0.024970028605058273,0.021402881661478523,0.017025019503448827,0.03745504290758741,0.09363760726896853,0.05618256436138111,0.021402881661478523,0.029964034326069932,0.02809128218069056
23,0.039542615576897366,0.07720352200692183,0.03187325960632988,0.05353155974450535,0.028576025853950932,0.05687728222853695,0.0282620035918196,0.05174120657579281,0.04869760618898146,0.05174120657579281,0.0857280775618528,0.04748016603425693,0.057152051707901864,0.03297233752378954,0.03165344402283796,0.0494585062856843,0.023740083017128464,0.08902531131423173,0.05539352703996641,0.01978340251427372,0.03956680502854744
24,0.03463795899575783,0.08029225336016893,0.03883225344328169,0.03328478866567002,0.0476735254326003,0.06619134109650289,0.03467165486007295,0.0693433097201459,0.07924949682302389,0.054896786861782156,0.08090052800683686,0.06067539600512765,0.044577841962950934,0.026003741145054708,0.013868661944029179,0.013868661944029179,0.03467165486007295,0.03900561171758206,0.07801122343516412,0.052007482290109416,0.017335827430036473
25,0.026225744345209884,0.05526635912320353,0.024832519470898883,0.030396497517761946,0.02625152058352168,0.05250304116704336,0.02147851684106319,0.024232172846327702,0.037502172262173825,0.05625325839326074,0.07437930831997809,0.02625152058352168,0.07350425763386069,0.014584178101956488,0.03500202744469557,0.039377280875282514,0.047252737050339014,0.04594016102116293,0.03500202744469557,0.2362636852516951,0.017501013722347785
26,0.035582656471849425,0.08589099818463546,0.046000565084657406,0.04006500829954032,0.055963821116818226,0.07518371927814974,0.02465538972279404,0.03561334071070251,0.024929338497491755,0.046297342923913264,0.03237576428245683,0.10684002213210753,0.04985867699498351,0.02543810050764465,0.044516675888378134,0.04006500829954032,0.0508762010152893,0.06232334624372938,0.03561334071070251,0.028490672568562008,0.05342001106605376
27,0.0336611660511009,0.12244207231897687,0.041787569635467335,0.04162898303343519,0.023787990304820112,0.09361014703285694,0.024713078816674228,0.04925333890036472,0.030329687638645644,0.04901767699175054,0.03369965293182849,0.07582421909661412,0.016849826465914246,0.04212456616478562,0.03369965293182849,0.04212456616478562,0.05616608821971416,0.06739930586365699,0.05897439263069986,0.05616608821971416,0.0067399305863657
28,0.03835793109563335,0.12047439049964316,0.06581646451157899,0.05657906598363807,0.026268852063831966,0.03233089484779319,0.04429954342125508,0.04159234910106728,0.04188320468918663,0.08531763918167647,0.04223223139492985,0.021329409795419117,0.07198675805953952,0.03839293763175441,0.027423526879824578,0.019196468815877204,0.03839293763175441,0.015357175052701766,0.057589406447631615,0.07678587526350882,0.03839293763175441
29,0.025123130010157122,0.06901355812685513,0.06290298266770648,0.02935472524492969,0.017298320233619283,0.05391684228660556,0.026838605938221433,0.03522567029391563,0.03634394554134153,0.04717723700077986,0.07188912304880742,0.054515918312012294,0.013724287127499598,0.05032238613416519,0.010064477226833037,0.046128853956318085,0.03145149133385324,0.22645073760374335,0.03774178960062389,0.041935321778470994,0.012580596533541297
30,0.03156374666684142,0.07695313565670718,0.08950864726385416,0.03290759090582874,0.017550715149775326,0.024940489949680726,0.010530429089865194,0.05169483371388368,0.05265214544932598,0.0537051883583125,0.028719352063268717,0.03475041599655514,0.044227802177433814,0.09477386180878673,0.01974455454349724,0.01723161123796123,0.06318257453919117,0.07371300362905635,0.055284752721792264,0.11056950544358453,0.015795643634797792
31,0.03743467577911553,0.1253166000322463,0.04781658215861412,0.05353980241698106,0.02645496119427299,0.06918989850809859,0.03513549533614382,0.05792033170564315,0.049970482255848984,0.08328413709308165,0.03747786169188674,0.033313654837232656,0.02676990120849053,0.03279312898040089,0.028108396268915054,0.04372417197386786,0.03747786169188674,0.04684732711485842,0.07495572338377347,0.03747786169188674,0.014991144676754697
32,0.03658057294850539,0.08478003034475662,0.10067628603439849,0.04067728728662565,0.0334261186833576,0.036609558557963086,0.034168921320765544,0.026149684684259347,0.036609558557963086,0.036609558557963086,0.06711752402293232,0.029953275183787976,0.02928764684637047,0.009152389639490771,0.020919747747407482,0.04067728728662565,0.028474101100637958,0.09152389639490771,0.14643823423185234,0.02440637237197539,0.045761948197453856
33,0.035042902582760736,0.0877021617550346,0.0438510808775173,0.06603456885084959,0.04857350497201916,0.052621297053020766,0.02631064852651038,0.06264440125359616,0.03069575661426211,0.08575322482714495,0.06515017730374001,0.035080864702013846,0.045103968902589234,0.058468107836689744,0.013155324263255191,0.06314555646362491,0.0438510808775173,0.023387243134675894,0.08419407528483322,0.017540432351006923,0.011693621567337947
34,0.032679847018403665,0.058701658108735046,0.03077138295498844,0.031386810614088205,0.024520945792256412,0.035209563188881,0.02115532578155455,0.050858257939494785,0.021796396259783482,0.0544909906494587,0.03017962559046943,0.013622747662364675,0.08500594541315556,0.028023938048293045,0.014530930839855653,0.05604787609658609,0.028023938048293045,0.02335328170691087,0.24520945792256413,0.08991013457160685,0.024520945792256412
35,0.03255197935436479,0.08960770172049692,0.04108495414852824,0.0345013610902448,0.023895387125465843,0.06191077573416151,0.06842769949565218,0.05792821121325054,0.022809233165217397,0.09123693266086959,0.07603077721739132,0.05973846781366461,0.08960770172049692,0.02172307920496895,0.008146154701863357,0.05973846781366461,0.018619782175687674,0.03910154256894411,0.052135390091925485,0.018619782175687674,0.032584618807453426
36,0.032714849767858,0.08186587868451038,0.032746351473804156,0.06846964399068141,0.025041327597614942,0.05145855231597795,0.037784251700543246,0.028068301263260705,0.040303201813912795,0.04465411564609657,0.02679246938765794,0.05145855231597795,0.07367929081605934,0.01964781088428249,0.021830900982536105,0.06003497770197428,0.03929562176856498,0.029471716326423734,0.13098540589521662,0.05457725245634026,0.049119527210706226
37,0.033537444156282466,0.07961620457265353,0.059515947010773305,0.05245796611526494,0.03357309831376956,0.05995196127458851,0.0239807845098354,0.06235003972557205,0.03357309831376956,0.037303442570855064,0.09400467527855476,0.02685847865101565,0.10911256951975107,0.04028771797652347,0.01678654915688478,0.025179823735327168,0.025179823735327168,0.03357309831376956,0.09400467527855476,0.01438847070590124,0.044764131085026075
38,0.030654607475135563,0.06513136602631597,0.03440651707625607,0.04332267332972147,0.03682427233026325,0.06695322241866047,0.034778479423026414,0.027897176007775196,0.0214808255259869,0.05021491681399535,0.04091585814473696,0.02727723876315797,0.07160275175328966,0.030686893608552715,0.007671723402138179,0.030686893608552715,0.03682427233026325,0.0818317162894739,0.12274757443421086,0.09206068082565814,0.04603034041282907
39,0.029927089122638823,0.07582817673862817,0.06324215563386273,0.041478660780104294,0.013024700244960287,0.08387906957754425,0.03162107781693137,0.01947192686621563,0.025677266197207425,0.02765244052006953,0.022467607922556494,0.044935215845112994,0.024510117733697993,0.03494961232397677,0.06989922464795353,0.07189634535218078,0.16476245809874762,0.0499280176056811,0.044935215845112994,0.02995681056340866,0.02995681056340866
40,0.02574112854311003,0.07430967460584537,0.04660394820256707,0.06660067775047707,0.018749750920955422,0.03867136127447056,0.03351517977120782,0.048697269753037,0.019335680637235276,0.06015545087139863,0.11601408382341166,0.02005181695713288,0.09667840318617639,0.03867136127447056,0.016113067197696066,0.029463894304358522,0.04511658815354898,0.061874178039152884,0.09023317630709796,0.014731947152179261,0.03867136127447056
41,0.03525472992374045,0.0757400262032368,0.052931950130671174,0.04200948423069142,0.043431343696960965,0.03749346467589209,0.035287966753780785,0.04116929454607758,0.058813277922967984,0.050971507533238924,0.047050622338374384,0.03920885194864532,0.04705062233837438,0.021172780052268473,0.035287966753780785,0.04410995844222598,0.03969896259800339,0.06175394181911637,0.050411381076829694,0.07057593350756157,0.07057593350756157
42,0.04000902641822232,0.11876962137753198,0.04873790032101947,0.05047853961819874,0.02602255749283004,0.038294064537943866,0.032969756099513164,0.040034703835123135,0.03061477352097652,0.05004337979390392,0.060052055752684706,0.0600520557526847,0.040034703835123135,0.011438486810035184,0.03503036585573274,0.017157730215052774,0.10675921022699503,0.05004337979390392,0.0600520557526847,0.053379605113497514,0.030026027876342353
43,0.047378506910844116,0.08570085594755344,0.059234415140220764,0.04501815550656778,0.05017503400112817,0.04287443381577884,0.026326406728987006,0.06196831122361557,0.018225973889298697,0.04738753211217661,0.04307957464743329,0.025847744788459973,0.042648778900958945,0.023693766056088306,0.026326406728987006,0.04738753211217661,0.012923872394229987,0.04738753211217661,0.18955012844870645,0.009477506422435323,0.04738753211217661
44,0.03289747603068847,0.05742304456304186,0.056626778345101,0.02978706502095568,0.03762576634225981,0.058790259909780956,0.025325035038059482,0.026338036439581866,0.03621480010442506,0.04664027286175955,0.04938381832421598,0.04938381832421599,0.046091563769268255,0.02880722735579266,0.024691909162107995,0.03292254554947733,0.016461272774738665,0.02194836369965155,0.24691909162107997,0.026338036439581866,0.04938381832421599
45,0.03203984534456943,0.061229568710885696,0.033107232236915154,0.05232902990078201,0.03207263122951155,0.04917803455191772,0.042763508306015406,0.03453975670870475,0.03207263122951155,0.0577307362131208,0.0641452624590231,0.04409986794057839,0.0360817101332005,0.022204129312738765,0.01924357873770693,0.050399849074946726,0.040090789036889445,0.072163420266401,0.08018157807377889,0.11225420930329043,0.03207263122951155
46,0.03040847399924515,0.06088709793850862,0.05928480588749523,0.06557072085685543,0.03653225876310517,0.027399194072328874,0.023678315864975572,0.04566532345388146,0.04566532345388146,0.03044354896925431,0.05750448138636925,0.052188941090150244,0.03653225876310517,0.007610887242313577,0.04262096855695603,0.05073924828209052,0.08118279725134482,0.04566532345388146,0.10147849656418104,0.038054436211567885,0.06088709793850862
47,0.035109850538009434,0.08432279679954555,0.05193795455044473,0.04684599822196975,0.03720123388215244,0.031621048799829576,0.01951916592582073,0.03143613038579549,0.024154967833203155,0.02635087399985798,0.05110472533305791,0.03513449866647731,0.05855749777746219,0.023422999110984874,0.04216139839977277,0.03513449866647731,0.06148537266633529,0.14053799466590924,0.03513449866647731,0.0936919964439395,0.03513449866647731
48,0.03196410989802398,0.06246182119229111,0.049588592190465255,0.030538429208204407,0.021328426748587204,0.051188224196609296,0.02908421829352801,0.03656301728329236,0.051188224196609296,0.10664213374293603,0.053321066871468016,0.039102115705743214,0.05027414876452699,0.08531370699434881,0.03839116814745697,0.03199264012288081,0.047988960184321215,0.017773688957156007,0.09597792036864243,0.047988960184321215,0.021328426748587204
49,0.03148498162909231,0.0905381730697272,0.05066788703360053,0.035638861604310325,0.022068679685746006,0.05629765225955615,0.049041510412768906,0.05779892298647764,0.03152668526535144,0.0394083565816893,0.01576334263267572,0.0394083565816893,0.06755718271146736,0.01576334263267572,0.01751482514741747,0.049541933988409406,0.050442696424562304,0.08407116070760383,0.10088539284912461,0.06305337053070288,0.03152668526535144
50,0.029789378115272325,0.0651406794625394,0.05538639527451716,0.040349364883245524,0.05591895676754136,0.031393098536163566,0.02584698446144134,0.02343270569306495,0.04771750977496863,0.04047467346983946,0.056935665072405744,0.06816787110709804,0.03645087552254548,0.02982344360935539,0.02485286967446283,0.02684109924841985,0.023858754887484315,0.04175282105309754,0.20876410526548772,0.05219102631637193,0.014911721804677695
51,0.0345639504070217,0.08647921262154631,0.08248786434670571,0.03715403208925694,0.019766677170639162,0.03294446195106527,0.04496919056320409,0.037474325469336746,0.019217602804788073,0.06053544883508242,0.025943763786463896,0.03459168504861853,0.059300031511917484,0.02470834646329895,0.004941669292659791,0.10377505514585558,0.04035696589005494,0.11242297640801022,0.051887527572927784,0.06053544883508242,0.025943763786463896
52,0.03353077644171053,0.05620235624523424,0.04774941862396479,0.06231391310772241,0.023684926249089057,0.06151501678582852,0.019737438540907547,0.019572959886399982,0.029359439829599973,0.06151501678582852,0.06710729103908566,0.018640914177523796,0.029079826116937123,0.028760267588179574,0.03355364551954283,0.025165234139657124,0.03355364551954283,0.1789527761042284,0.08052874924690279,0.05592274253257139,0.03355364551954283
53,0.025750337492710426,0.06341958270338735,0.054605613549393625,0.03800039773320375,0.02578598417610255,0.06016729641090594,0.05479521637421792,0.027934816190777766,0.0171906561174017,0.04641477151698459,0.037246421587703686,0.04125757468176408,0.11173926476311107,0.02578598417610255,0.011051136075472522,0.02578598417610255,0.045125472308179454,0.03867897626415383,0.2062878734088204,0.034381312234803396,0.008595328058700849
54,0.03080440447797626,0.07436003701511534,0.03827446816926038,0.0588614927148474,0.02398060814308598,0.05960894024138515,0.014014641122582716,0.035575627465017655,0.023124157852261476,0.03597091221462896,0.05823861977606595,0.025693508724734977,0.05652571919441695,0.026978184160971724,0.017129005816489986,0.10020468402646641,0.061664420939363945,0.04316509465755476,0.16957715758325084,0.030832210469681973,0.015416105234840986
55,0.03235696999619928,0.06621903609046767,0.04588547337790559,0.04534564427934199,0.02740670808092098,0.05730493507828933,0.022672822139670996,0.038278790625418564,0.03238974591381571,0.03886769509657885,0.04588547337790559,0.05668205534917748,0.08421333937592085,0.03886769509657885,0.016194872956907854,0.07557607379890331,0.05182359346210513,0.053982909856359514,0.05668205534917748,0.08097436478453927,0.03238974591381571
56,0.03122570086847205,0.06251904677432917,0.05332506930751604,0.047931269193652364,0.03694307309392178,0.08987112973809817,0.0338644836694283,0.035427459838786535,0.028854944665074996,0.053141189758179795,0.08335872903243888,0.1041984112905486,0.0520992056452743,0.03125952338716458,0.006946560752703241,0.03125952338716458,0.025007618709731668,0.03125952338716458,0.09377857016149373,0.0520992056452743,0.01562976169358229
57,0.032864145155238514,0.09760649572738328,0.07608371506839567,0.034076104046076826,0.02924539197824218,0.04465144668106619,0.035892071973297225,0.06580213195104491,0.026732116105111992,0.06110197966882742,0.06580213195104491,0.03760121825773995,0.03760121825773995,0.057576865457164284,0.032901065975522455,0.023500761411087468,0.02820091369330496,0.027417554979602046,0.059221918755940406,0.027417554979602046,0.09870319792656736
58,0.04142629111409577,0.0800617587435764,0.04266266728896459,0.04362498309247507,0.06057161113993654,0.05249539632127833,0.01275191813472348,0.033154987150281055,0.06512586761662349,0.055258311917135094,0.04662420068008273,0.041443733937851314,0.03223401528499547,0.00920971865285585,0.010360933484462828,0.11051662383427018,0.041443733937851314,0.11051662383427018,0.0483510229274932,0.041443733937851314,0.020721866968925657
59,0.03342088007774075,0.08714004911394933,0.03716410624388412,0.05105174594554607,0.033447695619495704,0.035836816735173964,0.020440258434136264,0.014633366833529369,0.015203498008861685,0.07358493036289054,0.04088051686827253,0.04778242231356529,0.033447695619495704,0.014865642497553648,0.02341338693364699,0.028669453388139178,0.06020585211509226,0.08361923904873926,0.04778242231356529,0.18396232590722636,0.033447695619495704
60,0.03227029744233041,0.07937147002892601,0.054221789118597714,0.0365156914693239,0.034002465740665976,0.05652909929385718,0.03523891904032656,0.061374450661902086,0.012113378420112255,0.027687722103113727,0.04306978993817691,0.0430697899381769,0.07268027052067352,0.02422675684022451,0.01615117122681634,0.06460468490726536,0.02691861871136057,0.03230234245363268,0.11844192232998649,0.06460468490726536,0.06460468490726536
61,0.027609761703822223,0.05965484557323634,0.04510488323830065,0.05528985687275563,0.03685990458183709,0.03593840696729116,0.049146539442449455,0.03189799434966671,0.10366848163641681,0.050682368800025995,0.04344203040002228,0.024573269721224728,0.031594203927288934,0.013822464218188907,0.027644928436377815,0.04976087118548007,0.04837862476366117,0.15204710640007799,0.05528985687275563,0.04837862476366117,0.009214976145459271
62,0.0333391801116884,0.11122534371778066,0.04372306615112757,0.08619964138128001,0.018352181713433804,0.03169922295956748,0.026694082492267356,0.01906720178019097,0.023100648310615975,0.04078262602985291,0.036148236708278714,0.02730076618527343,0.04819764894437162,0.027806335929445165,0.025952580200815485,0.033367603115334196,0.05561267185889033,0.06673520623066839,0.13347041246133678,0.10010280934600259,0.011122534371778065
63,0.034171913779478,0.08550775243939626,0.04758692309670748,0.03960359060350985,0.03876351443919298,0.051304651463637746,0.0608055128457929,0.03683410874312454,0.07268158957348682,0.0342031009757585,0.07695697719545663,0.01995180890252579,0.04886157282251215,0.03040275642289645,0.01710155048787925,0.025652325731818876,0.027362480780606803,0.09120826926868934,0.07980723561010317,0.068406201951517,0.012826162865909438
64,0.034833974635089394,0.07653307399132014,0.05002379184070346,0.05229760056073544,0.04291085174214189,0.03312181368846578,0.03254072923779094,0.026148800280367715,0.030506933660429,0.04648675605398706,0.0653720007009193,0.03835157374453931,0.0639192895742322,0.030991170702658038,0.02614880028036772,0.1278385791484644,0.04183808044858835,0.03486506704049029,0.023243378026993524,0.03486506704049029,0.08716266760122572
65,0.03653613756760384,0.06846023185471654,0.04198087450013554,0.05246137332345128,0.03656398746785998,0.07719064020992662,0.04265798537916997,0.06790454815459711,0.020893707124491418,0.033239988607145436,0.06581517744214795,0.032501322193653315,0.048751983290479965,0.024375991645239986,0.024375991645239986,0.04387678496143197,0.03134056068673713,0.03656398746785998,0.14625594987143992,0.007312797493571996,0.060939979113099965
66,0.03092844401744392,0.07223875870254165,0.02579955667947916,0.035181213653835225,0.05159911335895832,0.03405541481691249,0.039402959292295446,0.04503195347690908,0.025330473830761358,0.03377396510768182,0.07518727946591071,0.03715136161844999,0.05572704242767498,0.049535148824599994,0.012383787206149998,0.06191893603074999,0.10319822671791665,0.03611937935127082,0.0825585813743333,0.04643920202306249,0.04643920202306249
67,0.033563218563110245,0.08734226177984285,0.03359317760763186,0.057306008860077876,0.02652092969023568,0.058788060813355754,0.01679658880381593,0.013437271043052746,0.03970102808174675,0.06382703745450054,0.04319122835266954,0.030233859846868674,0.10077953282289558,0.02399512686259419,0.020995736004769915,0.061587492280658414,0.03359317760763186,0.07838408108447434,0.10917782722480356,0.03359317760763186,0.03359317760763186
68,0.03364796903401912,0.06934262683115254,0.036838270504049794,0.06361910842604156,0.03368070446084553,0.05292682129561439,0.02331741078058536,0.055113880026838126,0.03368070446084553,0.03704877490693007,0.10104211338253656,0.042100880576056904,0.07157149697929674,0.06736140892169105,0.008420176115211382,0.029470616403239832,0.03368070446084553,0.06736140892169105,0.08083369070602926,0.03368070446084553,0.025260528345634144
69,0.03500435175748148,0.08297738660615445,0.05095984955206253,0.04533927791029092,0.03253240395511135,0.04740015417894051,0.0650648079102227,0.0328452155316028,0.03233990452342429,0.05449872799317798,0.04671319542272399,0.07707677244749457,0.043793620708803736,0.012739962388015632,0.0070069793134085985,0.02627617242528224,0.03503489656704299,0.04817298277968411,0.17517448283521495,0.014013958626817197,0.03503489656704299
70,0.02909229966718453,0.0634622562137546,0.04804466102770717,0.04891820031912002,0.034577596951758945,0.035357542747663284,0.01852962133300001,0.02687813204347254,0.008319421822979596,0.05823595276085717,0.029117976380428585,0.020018608761544654,0.03154447441213097,0.05823595276085717,0.03639747047553573,0.04076516693260002,0.07279494095107146,0.05823595276085717,0.019411984253619056,0.23294381104342868,0.029117976380428585
71,0.035004591257275106,0.09170593993119795,0.04417296373823214,0.03643507905581078,0.03772863215838394,0.04240925193743158,0.021559218376219394,0.03853710284749217,0.042819003163880195,0.07444667595538261,0.0323388275643291,0.09108769763952695,0.015924422664252966,0.027248456558832852,0.012739538131402372,0.030028911309734164,0.0875843246533913,0.03503372986135652,0.09809444361179825,0.07006745972271304,0.03503372986135652
72,0.028970329551725613,0.06991067205663397,0.03867398879728688,0.051186161643467926,0.03346787492072903,0.027478886777019623,0.045580058225373817,0.02231191661381935,0.0210949029803383,0.07734797759457376,0.07044190816648682,0.029005491597965158,0.045580058225373817,0.08701647479389547,0.03625686449745645,0.06284523179559119,0.009668497199321719,0.05220988487633728,0.0966849719932172,0.05075961029643902,0.04350823739694774
73,0.0325498768735186,0.0508144709675494,0.053146039136100935,0.0339306029430752,0.03257337882535219,0.05748243322120974,0.04886006823802828,0.020045156200216727,0.024430034119014135,0.03619264313928021,0.029858930589906168,0.024430034119014135,0.037226718657545364,0.0868623435342725,0.06514675765070438,0.0868623435342725,0.07600455059248842,0.05863208188563393,0.04071672353169023,0.09772013647605654,0.006514675765070438
74,0.0361417022348851,0.08541245894270612,0.04651031377720467,0.07033967207046385,0.030462895573373824,0.06029114748896902,0.02226134676515779,0.03895735683902613,0.06632026223786591,0.07234937698676282,0.03215527866078348,0.04220380324227831,0.054262032740072116,0.03165285243170873,0.021704813096028848,0.06511443928808654,0.019731648269117136,0.03617468849338141,0.041342501135293044,0.10852406548014423,0.018087344246690704
75,0.034823719748800254,0.11385103789037686,0.04356544817233809,0.042597327101841685,0.018255997329360722,0.046469811383827296,0.0160857039405556,0.02788188683029638,0.00995781672510585,0.06970471707574094,0.09758660390603731,0.058087264229784115,0.03485235853787047,0.013069634451701426,0.011617452845956824,0.04356544817233809,0.021782724086169044,0.06970471707574094,0.13069634451701426,0.026139268903402853,0.06970471707574094
76,0.040884436363555675,0.11849987730600069,0.06818445321178611,0.042858799161694126,0.04363805005554311,0.04572369215378598,0.04431989458766098,0.01909164689930011,0.033472367940331364,0.04834897591381197,0.040910671927071665,0.020455335963535833,0.05454756256942889,0.01859575996685076,0.027273781284714443,0.09545823449650054,0.03181941149883352,0.04772911724825027,0.06818445321178611,0.049092806312486,0.040910671927071665
77,0.03669261389546833,0.12086252300885936,0.053429421936180256,0.09324461616746843,0.036732727581123926,0.04675074419415772,0.02825594429317225,0.0339071331518067,0.026237662557945664,0.06344743854921406,0.04897697010816524,0.036732727581123926,0.030054049839101392,0.018366363790561963,0.018366363790561963,0.036732727581123926,0.036732727581123926,0.058772364129798284,0.08081200067847263,0.08570969768928915,0.009183181895280982
78,0.034992974560457614,0.07261553021091657,0.06267866818205431,0.05714819746010833,0.022767104472010902,0.05837719095387411,0.02408059126847307,0.04776315623498791,0.07005262914464892,0.03940460389386502,0.07005262914464892,0.03502631457232446,0.07005262914464892,0.026269735929243348,0.028021051657859574,0.061296050501567806,0.031134501842066193,0.07005262914464892,0.030648025250783903,0.052539471858486696,0.03502631457232446
79,0.03578412556120152,0.09550184634845013,0.051161703400955424,0.05627787374105096,0.03780281417959484,0.03769809724280926,0.019534468571273892,0.025069234666468154,0.02865055390453504,0.05968865396778133,0.08356411555489385,0.06565751936455945,0.07162638476133759,0.041782057777446924,0.007958487195704177,0.05968865396778133,0.08953298095167199,0.04775092317422506,0.035813192380668796,0.02387546158711253,0.025580851700477712
80,0.0325011262058768,0.062351317221840986,0.06041494091060369,0.02308660273010662,0.023422407860726354,0.05576763776363418,0.021687414685857737,0.0650622440575732,0.04066390253598325,0.05692946355037655,0.0975933660863598,0.05692946355037655,0.1138589271007531,0.04066390253598325,0.013012448811514641,0.01858921258787806,0.02661637256900722,0.0162655610143933,0.1301244881151464,0.03903734643454392,0.0054218536714644334
81,0.03619340177745436,0.08604123959174015,0.05121874153555494,0.056606078678776414,0.04709625746074198,0.0696690199123402,0.03139750497382798,0.02846477099275614,0.02037818832435951,0.08798201943215535,0.05692954198551228,0.0334411295579233,0.06641779898309766,0.018113945177208452,0.004528486294302113,0.05796462456706705,0.07245578070883381,0.02717091776581268,0.08151275329743804,0.0483038538058892,0.018113945177208452
82,0.03451645696316328,0.07946269338653024,0.05470257878058241,0.05487193660962446,0.034548997124578366,0.0806143266240162,0.019193887291432427,0.03224573064960647,0.04222655204115135,0.09213065899887565,0.06046074496801214,0.031408179204162154,0.034548997124578366,0.02072939827474702,0.06909799424915673,0.04145879654949404,0.03023037248400607,0.01480671305339073,0.12667965612345403,0.023032664749718913,0.023032664749718913
83,0.03404103246609756,0.06291116747619535,0.08093259565948048,0.0681537647658783,0.0179352012541785,0.05841751265646712,0.045435843177252196,0.04381313449235034,0.026504241853397118,0.08093259565948048,0.04956637437518422,0.03407688238293915,0.05537493387227612,0.051115323574408726,0.0227179215886261,0.06133838828929047,0.02044612942976349,0.05963454417014351,0.06133838828929047,0.04259610297867394,0.022717921588626098
84,0.034679731219400566,0.049774821310769456,0.061533825149139035,0.05950523750685973,0.04005160216807866,0.05104615962598261,0.041653666254801804,0.043967758824513016,0.032041281734462926,0.05553822167306908,0.041653666254801804,0.01893348466127355,0.05785231424278029,0.028400226991910322,0.03471138854566817,0.06363754566705832,0.041653666254801804,0.03856820949518686,0.11801872105527181,0.06942277709133635,0.017355694272834087
85,0.03250138570723135,0.04779737125637343,0.043371688732635146,0.04698599612702141,0.027881799899551165,0.047836421396288756,0.044727054005529995,0.04140024833569718,0.0455402731692669,0.06099143728026817,0.044727054005529995,0.01858786659970078,0.06505753309895272,0.027881799899551165,0.012198287456053634,0.08457479302863853,0.04879314982421454,0.058551779789057436,0.09758629964842906,0.05421461091579393,0.04879314982421454
86,0.03154449740154957,0.07336219325612942,0.04371729529966037,0.03758762162007837,0.034002340788624734,0.04630794983593654,0.027363788539417053,0.050517763457385324,0.02255257297204702,0.024287386277589095,0.03552030243097406,0.02806542414299185,0.08419627242897554,0.03157360216086583,0.11050760756303038,0.037888322593038995,0.037888322593038995,0.04736040324129873,0.08840608605042431,0.044203043025212156,0.06314720432173165
87,0.03534963626732507,0.10737438398304294,0.0419374698384949,0.03341892127755062,0.05897456696038344,0.057008748061703994,0.03538474017623006,0.053077110264345084,0.01633141854287541,0.048654017742316334,0.0943593071366135,0.015164888646955742,0.04549466594086723,0.025274814411592902,0.01769237008811503,0.08256439374453681,0.04423092522028758,0.014153896070492026,0.09098933188173446,0.05897456696038344,0.023589826784153375
88,0.042377489823668735,0.10922309442865978,0.05055892561109455,0.0662566565467973,0.06057751455707181,0.06553385665719587,0.03937538446209668,0.0521898586953234,0.028269506793300182,0.03347704751838179,0.022615605434640144,0.04240426018995027,0.03392340815196022,0.07420745533241296,0.01590159757123135,0.08480852037990054,0.02423100582282873,0.05936596426593037,0.05936596426593037,0.021202130094975135,0.014134753396650088
89,0.03961782037647969,0.09105772058014434,0.05138115387855639,0.03170951210790909,0.06846371932389463,0.03755073802252392,0.020680116592114623,0.034351971450234844,0.0352327912310101,0.036994430792560595,0.05945533520232954,0.026424593423257575,0.03170951210790909,0.01981844506744318,0.03303074177907197,0.044591501401747155,0.027440923939536704,0.04954611266860795,0.13212296711628788,0.08918300280349431,0.03963689013488636
90,0.029835238535053456,0.05815555152950649,0.05972732319246612,0.04147730777254592,0.033596619295762194,0.0497727693270551,0.02283691769123705,0.023464305539897402,0.03285002775585636,0.04313640008344776,0.022972047381717736,0.033181846218036735,0.0537545908732195,0.06968187705787714,0.02986366159623306,0.02986366159623306,0.05972732319246612,0.07465915399058265,0.08212506938964091,0.08959098478869917,0.05972732319246612
91,0.023601028477736367,0.054756082532837355,0.05198945941538873,0.029191942452490998,0.018656504574900264,0.026782448789745717,0.01890525796923227,0.022056134297437642,0.11224996919231658,0.019334922923078455,0.070894717384621,0.03249341213461796,0.037135328153849095,0.009452628984616135,0.01890525796923227,0.018380111914531372,0.07877190820513445,0.053171038038465755,0.20086836592309285,0.09452628984616133,0.007877190820513445
92,0.03409189060714206,0.06963047733616015,0.04778562170128639,0.05607496424130547,0.028881419709568694,0.0568876448824838,0.08106489395753942,0.04693230702804914,0.044372363008337364,0.07679832059135314,0.03413258692949028,0.0750916912448786,0.055853324066438635,0.02275505795299352,0.027306069543592226,0.0284438224412419,0.027306069543592226,0.05119888039423542,0.09557124340257278,0.00568876448824838,0.03413258692949028
