,0,1,2,3,4,5,6,7,8,9,10,11,12,13,14,15,16,17,18,19,20
0,0.003059742608685579,0.018466812821476695,0.12311208547651128,0.003211619621126382,0.0021410797474175876,0.30831548362813266,0.003211619621126382,0.02248133734788467,0.05673861330656607,0.001605809810563191,0.09474277882322825,0.012846478484505527,0.044962674695769346,0.006423239242252764,0.01926971772675829,0.03211619621126382,0.003211619621126382,0.22160175385772035,0.006423239242252764,0.003211619621126382,0.012846478484505527
1,0.00317028222979962,0.05491716308249852,0.21634033941590328,0.006656625828181639,0.0033283129140908195,0.06490210182477098,0.0033283129140908195,0.024962346855681147,0.15975901987635932,0.0033283129140908195,0.18971383610317671,0.013313251656363278,0.041603911426135246,0.019969877484544915,0.016641564570454098,0.03661144205499901,0.006656625828181639,0.11482679553613327,0.0033283129140908195,0.0033283129140908195,0.013313251656363278
2,0.0031001161121097577,0.006893816146207784,0.12976595098744065,0.002162765849790677,0.001622074387343008,0.26926434829893936,0.001622074387343008,0.029197338972174147,0.07785957059246439,0.004866223162029024,0.1021906864026095,0.030819413359517153,0.10381276078995251,0.006488297549372032,0.022709041422802112,0.00811037193671504,0.012976595098744064,0.17193988505835886,0.003244148774686016,0.001622074387343008,0.009732446324058048
3,0.0024191463939234967,0.016332866367559196,0.16077665330566082,0.0012760051849655622,0.0012760051849655622,0.21692088144414556,0.007656031109793373,0.02296809332938012,0.07783631628289929,0.0025520103699311243,0.05997224369338142,0.06890427998814036,0.07656031109793374,0.015312062219586746,0.01786407258951787,0.020416082959448995,0.006380025924827811,0.1990568088546277,0.0025520103699311243,0.0025520103699311243,0.020416082959448995
4,0.0035084818281284867,0.017701200100752424,0.15734400089557707,0.0018438750104950437,0.0024585000139933917,0.17885587601801922,0.0027658125157425657,0.016594875094455393,0.05285775030085792,0.0036877500209900873,0.11985187568217784,0.07375500041980175,0.15488550088158365,0.011063250062970263,0.022126500125940526,0.02581425014693061,0.005531625031485131,0.11616412566118775,0.0036877500209900873,0.0036877500209900873,0.02581425014693061
5,0.0028693289664819565,0.009573260611236404,0.09825188522058415,0.0020154232865760846,0.009069404789592382,0.12848323451922541,0.009069404789592382,0.0332544842285054,0.04534702394796191,0.0030231349298641273,0.1995269053710324,0.02418507943891302,0.10278658761538033,0.021161944509048892,0.018138809579184765,0.018138809579184765,0.018138809579184765,0.2327813895995378,0.0030231349298641273,0.006046269859728255,0.015115674649320636
6,0.003157415399084718,0.025453654672018926,0.09379118406320018,0.0016600209568707995,0.009960125741224797,0.16600209568707996,0.003320041913741599,0.053120670619865584,0.18924238908327115,0.006640083827483198,0.08964113167102318,0.031540398180545194,0.040947183602813055,0.014940188611837196,0.009960125741224797,0.016600209568707995,0.0016600209568707995,0.22576285013442873,0.003320041913741599,0.0016600209568707995,0.011620146698095597
7,0.0033306742592166343,0.01678600969668688,0.08462946555412967,0.008742713383691082,0.020982512120858596,0.1486261275227484,0.005828475589127387,0.04371356691845541,0.1503746701994866,0.010491256060429298,0.17835135302729807,0.022148207238684072,0.10141547525081655,0.0034970853534764326,0.0034970853534764326,0.03846793888824076,0.010491256060429298,0.1276436154018898,0.0034970853534764326,0.006994170706952865,0.010491256060429298
8,0.002396054048201997,0.020166346348994023,0.2949328153540376,0.0008402644312080843,0.003361057724832337,0.25460012265604953,0.010083173174497011,0.01764555305536977,0.17897632384732196,0.0037811899404363797,0.05041586587248506,0.008402644312080843,0.01953614802558796,0.010083173174497011,0.007562379880872759,0.022687139642618277,0.0037811899404363797,0.07562379880872759,0.002520793293624253,0.002520793293624253,0.010083173174497011
9,0.003088050019171929,0.008949427189708195,0.14969950935511886,0.003254337159893889,0.016271685799469443,0.1529538465150128,0.009763011479681666,0.02603469727915111,0.09437577763692277,0.0016271685799469444,0.1025116205366575,0.013830932929549027,0.11064746343639222,0.004339116213191852,0.009763011479681666,0.032543371598938886,0.016271685799469443,0.2310579383524661,0.003254337159893889,0.003254337159893889,0.006508674319787778
10,0.0031487732073517834,0.018192727842139912,0.08666353990255739,0.003307768698570893,0.003307768698570893,0.30762248896709304,0.006615537397141786,0.049616530478563396,0.07277091136855965,0.006615537397141786,0.16208066622997375,0.049616530478563396,0.05292429917713429,0.026462149588567144,0.006615537397141786,0.039693224382850716,0.009923306095712679,0.08159162789808203,0.003307768698570893,0.003307768698570893,0.006615537397141786
11,0.002853783596434294,0.013172868351208034,0.12873484979589667,0.0014969168580918218,0.004989722860306072,0.26944503445652795,0.0029938337161836436,0.03891983831038736,0.07634275976268291,0.005987667432367287,0.07334892604649926,0.028441420303744615,0.09280884520169294,0.020956836013285508,0.01496916858091822,0.035926004594203725,0.011975334864734575,0.16765468810628406,0.0029938337161836436,0.0029938337161836436,0.0029938337161836436
12,0.0021626597197661923,0.06388592727403937,0.10039217143063328,0.0011408201298935602,0.0022816402597871203,0.22360074545913775,0.006844920779361361,0.009887107792410853,0.11180037272956887,0.0022816402597871203,0.12092693376871738,0.01939394220819052,0.09811053117084617,0.025098042857658324,0.0034224603896806805,0.010267381169042042,0.011408201298935602,0.17112301948403402,0.0022816402597871203,0.0022816402597871203,0.011408201298935602
13,0.0023726451158919857,0.026703534384183564,0.30792513086761675,0.0050069126970344185,0.0025034563485172093,0.09346237034464247,0.010013825394068837,0.02127937896239628,0.13017973012289488,0.0025034563485172093,0.07510369045551628,0.04005530157627535,0.04005530157627535,0.012517281742586046,0.0025034563485172093,0.020027650788137674,0.0037551845227758143,0.1902626824873079,0.0012517281742586046,0.0025034563485172093,0.010013825394068837
14,0.0021523151539457,0.022818378340865635,0.2966389184312533,0.004563675668173127,0.004563675668173127,0.07073697285668347,0.001825470267269251,0.01939562158973579,0.13462843221110724,0.004563675668173127,0.07986432419302973,0.04563675668173127,0.0753006485248566,0.011409189170432817,0.013691027004519381,0.0251002161749522,0.004563675668173127,0.1688559997224057,0.0022818378340865634,0.0022818378340865634,0.009127351336346253
15,0.0029706020672191423,0.014350235389520625,0.12686439982039974,0.0020797442593508153,0.00935884916707867,0.08838913102240964,0.007799040972565558,0.056153095002472016,0.18093775056352093,0.003119616389026223,0.1934162161196258,0.019757570463832745,0.05147367041893268,0.00935884916707867,0.003119616389026223,0.03431578027928846,0.006239232778052446,0.16845928500741605,0.003119616389026223,0.003119616389026223,0.015598081945131115
16,0.004211975213568386,0.015775442917279028,0.18257445936264258,0.0014723746722793759,0.005521405021047659,0.14429271788337883,0.008834248033676256,0.01766849606735251,0.045054664971748905,0.013251372050514383,0.04969264518942894,0.04196267815996221,0.059631174227314725,0.008834248033676256,0.01030662270595563,0.03533699213470502,0.044171240168381275,0.2826959370776402,0.004417124016838128,0.002208562008419064,0.022085620084190637
17,0.00360204912857062,0.020479125607862414,0.15422551383698854,0.0025282871120817793,0.0037924306681226694,0.12894264271617076,0.007584861336245339,0.03792430668122669,0.056886460021840037,0.007584861336245339,0.12704642738210942,0.02085836867467468,0.0872259053668214,0.015169722672490678,0.015169722672490678,0.04171673734934936,0.0018962153340613347,0.23892313209172816,0.0018962153340613347,0.0037924306681226694,0.022754584008736017
18,0.0029567397657887713,0.02262815350351552,0.14461210744775432,0.0006242249242349109,0.006242249242349109,0.09883561300386087,0.006242249242349109,0.0405746200752692,0.0889520517034748,0.006242249242349109,0.09831542556699846,0.0405746200752692,0.09051261401406208,0.02184787234822188,0.015605623105872771,0.012484498484698217,0.009363373863523664,0.2621744681786625,0.0031211246211745544,0.009363373863523664,0.018726747727047327
19,0.003244113654417271,0.01705313749094239,0.07560224287651127,0.0025579706236413587,0.003410627498188478,0.35470525981160167,0.003410627498188478,0.05457003997101565,0.08867631495290042,0.003410627498188478,0.05911754330193362,0.02046376498913087,0.06309660871648685,0.006821254996376956,0.006821254996376956,0.013642509992753913,0.006821254996376956,0.1875845124003663,0.001705313749094239,0.010231882494565435,0.01705313749094239
20,0.002641443255245296,0.0124843212944406,0.374529638833218,0.0009247645403289333,0.0055485872419736,0.08507833771026187,0.0041614404314802,0.018032908536414198,0.0665830469036832,0.0013871468104934,0.0388401106938152,0.0152586149154274,0.097100276734538,0.0110971744839472,0.006935734052467,0.0249686425888812,0.0110971744839472,0.1886519662271024,0.0027742936209868,0.0013871468104934,0.0305172298308548
21,0.0034251355113247045,0.024321351016445527,0.11710280119029327,0.0012010543711824951,0.007206326227094971,0.371125800695391,0.0036031631135474856,0.016214234010963686,0.10269014873610334,0.0018015815567737428,0.09908698562255584,0.030626886465153626,0.05404744670321228,0.012611070897416199,0.005404744670321228,0.03963479424902234,0.018015815567737428,0.07206326227094971,0.0018015815567737428,0.0036031631135474856,0.014412652454189942
22,0.0034106076339276365,0.024103834213691208,0.11069909046287812,0.0017854692010141635,0.001190312800676109,0.16069222809127473,0.0017854692010141635,0.026782038015212454,0.08391705244766569,0.003570938402028327,0.12498284407099144,0.02261594321284607,0.1178409672669348,0.005356407603042491,0.02499656881419829,0.03213844561825494,0.0059515640033805444,0.2249691193277846,0.003570938402028327,0.0017854692010141635,0.017854692010141636
23,0.003485218512817378,0.012203217995189596,0.25809806059826,0.000732193079711376,0.0024406435990379197,0.10982896195670638,0.007321930797113759,0.06955834257258071,0.09701558306175731,0.0018304826992784397,0.1610824775365027,0.026847079589417115,0.039050297584606715,0.007321930797113759,0.005491448097835319,0.025626757789898157,0.021965792391341277,0.1281337889494908,0.0036609653985568793,0.0036609653985568793,0.014643861594227517
24,0.00396196101838299,0.010717769429500899,0.26675337246757796,0.0027786809632039367,0.008336042889611811,0.22715716874192185,0.006946702408009842,0.014171272912340079,0.09378048250813287,0.008336042889611811,0.033344171558447246,0.05210026806007382,0.03890153348485511,0.033344171558447246,0.008336042889611811,0.04584823589286496,0.016672085779223623,0.11392591949136141,0.004168021444805906,0.002084010722402953,0.008336042889611811
25,0.0021503964857284294,0.01584786664685173,0.30110946629018287,0.0011319904747751235,0.004527961899100494,0.10301113320453624,0.002263980949550247,0.05207156183965569,0.04980758089010544,0.002263980949550247,0.1245189522252636,0.04980758089010544,0.0769753522847084,0.003961966661712933,0.009055923798200988,0.022639809495502473,0.009055923798200988,0.1584786664685173,0.002263980949550247,0.004527961899100494,0.004527961899100494
26,0.003033239381058482,0.01590904405242992,0.20363576387110296,0.003181808810485984,0.003181808810485984,0.057272558588747705,0.003181808810485984,0.06363617620971967,0.0795452202621496,0.003181808810485984,0.15272682290332723,0.0795452202621496,0.08272702907263557,0.006363617620971968,0.003181808810485984,0.012727235241943935,0.022272661673401885,0.187726719818673,0.003181808810485984,0.0010606029368286612,0.012727235241943935
27,0.003362916128092165,0.019800736765667043,0.15557721744452677,0.0035358458510119724,0.0035358458510119724,0.05869504112679875,0.008839614627529932,0.025929536240754465,0.19800736765667046,0.0023572305673413146,0.1944715218056585,0.053037687765179586,0.09546783797732325,0.01414338340404789,0.017679229255059863,0.031822612659107755,0.01414338340404789,0.08014583928960471,0.0017679229255059862,0.0035358458510119724,0.01414338340404789
28,0.0021763756948988146,0.02220363330508186,0.3445391374926496,0.0011484637916421652,0.0022969275832843304,0.07120475508181423,0.0005742318958210826,0.01722695687463248,0.059720117165392585,0.0022969275832843304,0.13322179983049118,0.043641624082402276,0.06890782749852992,0.011484637916421653,0.006890782749852991,0.012633101708063817,0.004593855166568661,0.1722695687463248,0.0022969275832843304,0.004593855166568661,0.016078493082990312
29,0.0024872653030871333,0.024887606529687488,0.17814286779144728,0.0008732493519188592,0.0015718488334539467,0.05632458319876642,0.007859244167269732,0.013971989630701747,0.12312815862055915,0.005239496111513155,0.17028362362417754,0.08383193778421048,0.07597269361694076,0.013098740278782888,0.013098740278782888,0.0235777325018092,0.007859244167269732,0.1755231197356907,0.0013098740278782888,0.0026197480557565776,0.018338236390296043
30,0.00332854169981704,0.021946670397097398,0.11675628651255815,0.0035114672635355834,0.01053440179060675,0.31603205371820253,0.002340978175690389,0.023409781756903888,0.084275214324854,0.0017557336317677917,0.16328322775440463,0.03687040626712362,0.038626139898891416,0.007022934527071167,0.01053440179060675,0.03511467263535584,0.014045869054142334,0.0807637470613184,0.0035114672635355834,0.005267200895303375,0.0210688035812135
31,0.00299106959721333,0.023563761485359984,0.21835752309766918,0.004189113152952886,0.0031418348647146645,0.13195706431801588,0.004712752297071997,0.017280091755930652,0.07226220188843728,0.004712752297071997,0.16965908269459187,0.06597853215900794,0.03141834864714664,0.018851009188287988,0.00785458716178666,0.009425504594143992,0.006283669729429329,0.18536825701816517,0.0031418348647146645,0.0031418348647146645,0.01570917432357332
32,0.0030459740471539556,0.012281704658230025,0.16340007067036472,0.0016019614771604384,0.008009807385802191,0.12335103374135374,0.0008009807385802192,0.01708758908971134,0.050461786530553804,0.012815691817283507,0.20184714612221522,0.0336411910203692,0.1377686870357977,0.012815691817283507,0.0064078459086417535,0.05126276726913403,0.0032039229543208768,0.1217490722641933,0.0032039229543208768,0.0032039229543208768,0.032039229543208765
33,0.003070886695421192,0.029919194175311806,0.13153663745542488,0.00258760598272967,0.0048517612176181306,0.07601092574268405,0.0048517612176181306,0.074393672003478,0.08733170191712634,0.006469014956824174,0.1811324187910769,0.030727821044914828,0.038814089740945044,0.016172537392060437,0.016172537392060437,0.025876059827296696,0.006469014956824174,0.24582256835931862,0.003234507478412087,0.0016172537392060435,0.012938029913648348
34,0.0028824790733847487,0.016219886472982763,0.20832416688737238,0.0006082457427368537,0.012164914854737072,0.16270573618210835,0.003041228713684268,0.02331608680491272,0.0446046878007026,0.009123686141052804,0.10492239062210724,0.05474211684631683,0.10340177626526512,0.018247372282105608,0.012164914854737072,0.036494744564211215,0.003041228713684268,0.1642263505389505,0.001520614356842134,0.006082457427368536,0.012164914854737072
35,0.004124051920798447,0.025919269903738617,0.26999239483061055,0.006479817475934654,0.004319878317289769,0.09071744466308514,0.004319878317289769,0.019007464596074986,0.06335821532024995,0.002879918878193179,0.11879665372546866,0.047518661490187464,0.020735415922990896,0.015119574110514192,0.006479817475934654,0.017279513269159077,0.010799695793224423,0.25487282072009637,0.004319878317289769,0.004319878317289769,0.008639756634579538
36,0.0035465166898529864,0.02330776298910336,0.11280957286726027,0.0007458484156513077,0.005593863117384807,0.17527437767805729,0.0074584841565130755,0.027969315586924035,0.05220938909559152,0.0037292420782565378,0.21629604053887921,0.06339711533036115,0.07644946260425903,0.011187726234769614,0.029833936626052302,0.013052347273897882,0.014916968313026151,0.13611733585636362,0.0037292420782565378,0.0037292420782565378,0.01864621039128269
37,0.0028893078925589233,0.021323141073580715,0.18429286213594762,0.004569244515767296,0.004061550680682041,0.1446927429992977,0.004569244515767296,0.017261590392898676,0.15230815052557656,0.009138489031534592,0.07107713691193572,0.03046163010511531,0.05026168967344026,0.006092326021023062,0.006092326021023062,0.015230815052557654,0.007615407526278827,0.24064687783041094,0.003046163010511531,0.006092326021023062,0.018276978063069185
38,0.003021834488120444,0.0730658453747421,0.12918888602490633,0.003176775885858352,0.003176775885858352,0.09000865009931996,0.004765163828787528,0.01694280472457788,0.20013688080907618,0.001588387942929176,0.10006844040453809,0.034944534744441876,0.05400519005959199,0.009530327657575057,0.015883879429291762,0.012707103543433408,0.006353551771716704,0.21919753612422632,0.003176775885858352,0.003176775885858352,0.015883879429291762
39,0.0027928126811067994,0.09112283804535207,0.07005680559400723,0.0029394463885597443,0.002204584791419808,0.25573183580469777,0.0029394463885597443,0.044091695828396164,0.138153980262308,0.0019596309257064962,0.16460899775934568,0.04703114221695591,0.05437975818835527,0.011757785554238977,0.0009798154628532481,0.016166955137078595,0.011757785554238977,0.0695668978625806,0.0029394463885597443,0.0029394463885597443,0.005878892777119489
40,0.003085205412509597,0.0234511105151178,0.1369329211687338,0.0006469271866239393,0.0010782119777065654,0.12776811935822802,0.0040432949163996205,0.015094967687891914,0.13585470919102724,0.006469271866239393,0.09218712409391135,0.058223446796154536,0.10350834985983029,0.006469271866239393,0.005391059888532827,0.04205026713055605,0.006469271866239393,0.21348597158589996,0.0016173179665598483,0.0032346359331196966,0.012938543732478786
41,0.0026304562371912764,0.011883271082396528,0.056841646677463394,0.00092425441751973,0.00184850883503946,0.2661852722456822,0.00831828975767757,0.0554552650511838,0.03812549472268886,0.00277276325255919,0.15527474214331463,0.01386381626279595,0.1081377668498084,0.01386381626279595,0.006931908131397975,0.01016679859271703,0.00554552650511838,0.20795724394193923,0.00277276325255919,0.00554552650511838,0.02495486927303271
42,0.0030800574874854415,0.017802141830580615,0.10114853312829895,0.003236753060105567,0.002157835373403711,0.3204385529504511,0.006473506120211134,0.06797181426221689,0.04450535457645154,0.0010789176867018555,0.1747846652457006,0.06473506120211134,0.038841036721266806,0.003236753060105567,0.012947012240422268,0.0097102591803167,0.0016183765300527835,0.09386583874306144,0.006473506120211134,0.006473506120211134,0.019420518360633403
43,0.0025395236757464437,0.012273152844968747,0.10049755590445424,0.0026680767054279887,0.0026680767054279887,0.224118443255951,0.003557435607237318,0.058697687519415745,0.07203807104655569,0.0053361534108559774,0.15474844891482334,0.022678651996137902,0.08537845457369564,0.010672306821711955,0.003335095881784986,0.01200634517442595,0.0053361534108559774,0.20010575290709914,0.0026680767054279887,0.008004230116283966,0.010672306821711955
44,0.0021484582607468198,0.08192167731496719,0.07281926872441528,0.005689005369094944,0.0011378010738189888,0.27989906415947124,0.004551204295275955,0.013653612885827863,0.12743372026772676,0.004551204295275955,0.1228825159724508,0.02389382255019876,0.05347665046949247,0.006826806442913933,0.010240209664370899,0.022756021476379777,0.011378010738189889,0.13653612885827865,0.0022756021476379776,0.0022756021476379776,0.013653612885827867
45,0.0030199076325825636,0.10149532223464697,0.13849882513269532,0.012686915279330871,0.002114485879888478,0.1538288477618868,0.004757593229749077,0.04123247465782532,0.03700350289804837,0.0031717288198327177,0.19664718682962848,0.02220210173882902,0.029602802318438693,0.004757593229749077,0.0063434576396654355,0.03171728819832718,0.009515186459498153,0.19030372918996305,0.0031717288198327177,0.0031717288198327177,0.004757593229749077
46,0.002554257815508708,0.020584344612151903,0.16780715716428182,0.0026849145146285096,0.0008949715048761698,0.24164230631656586,0.0026849145146285096,0.053698290292570186,0.07249269189496975,0.0013424572573142548,0.06846532012302699,0.033561431432856365,0.06712286286571273,0.008054743543885528,0.018794401602399567,0.024164230631656583,0.008054743543885528,0.19599875956788118,0.0013424572573142548,0.0026849145146285096,0.005369829029257019
47,0.0029885135342623266,0.0126403991944943,0.15273815693347276,0.0015800498993117874,0.0015800498993117874,0.06952219556971864,0.003160099798623575,0.04108129738210647,0.10270324345526617,0.003160099798623575,0.10270324345526617,0.0379211975834829,0.09164289416008367,0.01896059879174145,0.005266832997705958,0.053721696576600766,0.009480299395870724,0.26544838308438023,0.0015800498993117874,0.003160099798623575,0.01896059879174145
48,0.0032076101885695203,0.024940874673219225,0.098583862728603,0.0020222330816123697,0.005055582704030923,0.11459320795803427,0.002246925646235966,0.014605016700533779,0.1786305888757593,0.003370388469353949,0.14829709265157376,0.042129855866924366,0.04550024433627831,0.006740776938707898,0.010111165408061847,0.030333496224185543,0.010111165408061847,0.22918641591606853,0.010111165408061847,0.006740776938707898,0.013481553877415797
49,0.002773716418931617,0.014572230154618632,0.09253366148182832,0.0007286115077309316,0.0029144460309237265,0.13406451742249142,0.004857410051539544,0.011657784123694906,0.11657784123694906,0.00874333809277118,0.13115007139156767,0.05246002855662708,0.09326227298955925,0.007286115077309316,0.01748667618554236,0.03788779840200844,0.01748667618554236,0.2302412364429744,0.0029144460309237265,0.0029144460309237265,0.01748667618554236
50,0.002845821988719911,0.02508563969839698,0.0872980261504215,0.0022577075728557284,0.003010276763807638,0.2769454622703027,0.004013702351743517,0.018061660582845827,0.18362688259226592,0.0020068511758717586,0.10234940996945968,0.03311304440188401,0.06773122718567186,0.005017127939679396,0.003010276763807638,0.03311304440188401,0.01505138381903819,0.11740079378849788,0.001505138381903819,0.001505138381903819,0.01505138381903819
51,0.002347121252148367,0.009898168288527673,0.15837069261644277,0.002474542072131918,0.002474542072131918,0.2548778334295876,0.004949084144263836,0.04206721522624261,0.05938900973116604,0.000824847357377306,0.12620164567872783,0.033406317973780894,0.04206721522624261,0.009898168288527673,0.007423626216395755,0.03216904693771493,0.007423626216395755,0.17321794504923427,0.000824847357377306,0.004949084144263836,0.024745420721319182
52,0.0030666232175154446,0.00769509553348883,0.09201714237940328,0.002160026816417917,0.001620020112313438,0.17172213190522442,0.000810010056156719,0.03402042235858219,0.18468229280373194,0.003240040224626876,0.09882122685111971,0.04536056314477626,0.13932172965895567,0.006480080449253752,0.006480080449253752,0.03888048269552251,0.006480080449253752,0.12960160898507503,0.001620020112313438,0.003240040224626876,0.02268028157238813
53,0.0035364562296095812,0.029596095601125392,0.2349190088339328,0.001849755975070337,0.007399023900281348,0.07861462894048932,0.0022197071700844045,0.022197071700844045,0.040694631451547406,0.001849755975070337,0.08693853082830584,0.036995119501406735,0.0998868226537982,0.018497559750703368,0.011098535850422022,0.04069463145154741,0.02589658365098472,0.2256702289585811,0.001849755975070337,0.007399023900281348,0.022197071700844045
54,0.003447505959043181,0.034924498280589425,0.2167727479484861,0.005419318698712153,0.00903219783118692,0.31432048452530487,0.007225758264949537,0.02167727479484861,0.08309622004691967,0.007225758264949537,0.06744041047286234,0.027096593493560764,0.06141894525207106,0.00903219783118692,0.014451516529899074,0.03612879132474768,0.0036128791324747684,0.06503182438454583,0.0036128791324747684,0.0036128791324747684,0.005419318698712153
55,0.0031083395201863605,0.020674498225308584,0.13492830420727706,0.0006528788913255343,0.004896591684941507,0.07100057943165185,0.0032643944566276713,0.01849823525422347,0.19259927294103257,0.001958636673976603,0.16648411728801124,0.02937955010964904,0.06202349467592575,0.02611515565302137,0.0228507611963937,0.02611515565302137,0.009793183369883014,0.1828060895711496,0.0032643944566276713,0.0032643944566276713,0.016321972283138357
56,0.0028510883617473485,0.01869936961886525,0.1153630464389671,0.006032054715762985,0.006032054715762985,0.1372292447836079,0.0015080136789407462,0.03468431461563717,0.05529383489449403,0.0030160273578814924,0.19604177826229702,0.021112191505170446,0.09952890281008925,0.02412821886305194,0.006032054715762985,0.04524041036822239,0.004021369810508656,0.208105887693823,0.0030160273578814924,0.006032054715762985,0.006032054715762985
57,0.0037712375996274924,0.021364715317561605,0.12759482759099292,0.007912857525022816,0.005934643143767112,0.0688418604676985,0.001978214381255704,0.07517214648771675,0.1661700080254791,0.003956428762511408,0.05341178829390401,0.027695001337579857,0.05341178829390401,0.023738572575068447,0.006923750334394964,0.07121571772520535,0.023738572575068447,0.23738572575068448,0.003956428762511408,0.007912857525022816,0.007912857525022816
58,0.0040644693238298096,0.02045713093465067,0.14170825074523638,0.002841268185368148,0.006392853417078333,0.08523804556104445,0.012785706834156666,0.018468243204892962,0.22588082073676777,0.0021309511390261112,0.046028544602964,0.05327377847565278,0.03977775459515407,0.006392853417078333,0.014916657973182777,0.019178560251235,0.0042619022780522224,0.25997603896118554,0.0021309511390261112,0.008523804556104445,0.025571413668313333
59,0.002776753685270039,0.015330664840856024,0.08760379909060587,0.0021900949772651465,0.011680506545414115,0.23653025754463583,0.005840253272707058,0.014600633181767644,0.14600633181767644,0.0019467510909023525,0.16644721827215114,0.016547384272669996,0.03990839736349822,0.017520759818121172,0.014600633181767644,0.014600633181767644,0.011680506545414115,0.16644721827215114,0.0014600633181767644,0.002920126636353529,0.02336101309082823
60,0.0037575607643277795,0.02214457922619647,0.13049484186865778,0.003954389147535084,0.003954389147535084,0.1739931224915437,0.007908778295070168,0.03163511318028067,0.11665447985228497,0.003954389147535084,0.10083692326214465,0.07908778295070168,0.16212995504893846,0.011863167442605252,0.003954389147535084,0.015817556590140336,0.015817556590140336,0.09226908010915195,0.007908778295070168,0.003954389147535084,0.007908778295070168
61,0.0038017924811367654,0.017604680821004078,0.17337943232807046,0.0026673758819703145,0.003000797867216604,0.12536666645260477,0.002000531911477736,0.0840223402820649,0.13003457424605283,0.004001063822955472,0.10802872321979774,0.06001595734433208,0.06401702116728755,0.016004255291821888,0.016004255291821888,0.008002127645910944,0.012003191468866416,0.1340356380690083,0.004001063822955472,0.004001063822955472,0.028007446760688302
62,0.002430603673321713,0.01730630137127028,0.3384343379270633,0.000854632166482483,0.002563896499447449,0.15767963471601812,0.005127792998894898,0.025638964994474493,0.06409741248618624,0.002563896499447449,0.06666130898563367,0.04871403348950153,0.041022343991159185,0.002563896499447449,0.012819482497237246,0.03333065449281684,0.005127792998894898,0.1615254794651893,0.0012819482497237245,0.002563896499447449,0.007691689498342347
63,0.0034399447650115852,0.048157538156930885,0.11467513773619167,0.007223630723539633,0.0036118153617698164,0.16433759896052663,0.007223630723539633,0.013243322993155993,0.03792406129858306,0.0024078769078465442,0.08307175332070578,0.05417723042654725,0.11557809157663412,0.009029538404424541,0.021670892170618898,0.02889452289415853,0.021670892170618898,0.23115618315326825,0.010835446085309449,0.0036118153617698164,0.018059076808849082
64,0.0029693782864212807,0.01872357975048974,0.09985909200261196,0.006241193250163248,0.004680894937622436,0.14198714644121388,0.009361789875244872,0.012482386500326495,0.1622710245042444,0.001560298312540812,0.0811355122521222,0.018723579750489744,0.11234147850293846,0.01560298312540812,0.02184417637557137,0.03120596625081624,0.012482386500326495,0.2215623603807953,0.003120596625081624,0.006241193250163248,0.01560298312540812
65,0.003630068810847565,0.021383514108300663,0.09164363189271714,0.0006364141103660912,0.003818484662196547,0.17374105212994287,0.0019092423310982736,0.028002220856108012,0.07000555214027003,0.003818484662196547,0.09355287422381539,0.04200333128416202,0.06300499692624303,0.007636969324393094,0.009546211655491368,0.01145545398658964,0.007636969324393094,0.33602665027329615,0.003818484662196547,0.003818484662196547,0.022910907973179285
66,0.003055811184327067,0.03707310645555453,0.2482286258328434,0.0032237483874395247,0.0021491655916263497,0.06366903065193061,0.0021491655916263497,0.033849358068115,0.05480372258647192,0.0032237483874395247,0.09510057742946597,0.02471540430370302,0.10638369678550431,0.009671245162318574,0.019342490324637147,0.016118741937197624,0.006447496774879049,0.23855738067052482,0.006447496774879049,0.009671245162318574,0.016118741937197624
67,0.0031095761403402335,0.0130668324263418,0.13393503237000345,0.00326670810658545,0.0130668324263418,0.08085102563798989,0.0024500310799390876,0.0196002486395127,0.15353528100951616,0.00326670810658545,0.18293565396878522,0.0261336648526836,0.050633975652074475,0.0087112216175612,0.011433478373049076,0.029400372959269054,0.022866956746098153,0.23193627556756696,0.001633354053292725,0.00326670810658545,0.004900062159878175
68,0.002966291638881236,0.013101762241591588,0.09982295041212641,0.0031194672003789503,0.0031194672003789503,0.13101762241591589,0.0046792008005684255,0.010138268401231587,0.21836270402652652,0.009358401601136851,0.08734508161061061,0.0311946720037895,0.09982295041212641,0.0031194672003789503,0.0046792008005684255,0.024955737603031602,0.006238934400757901,0.23707950722880022,0.002079644800252633,0.0031194672003789503,0.0046792008005684255
69,0.003103496407639165,0.008697025113128557,0.13697814553177476,0.0021742562782821394,0.0021742562782821394,0.1386088377404864,0.0016306922087116046,0.022829690921962464,0.08153461043558023,0.0021742562782821394,0.20220583388023897,0.06196630393104098,0.1304553766969284,0.01630692208711605,0.0032613844174232093,0.026091075339385674,0.013045537669692837,0.13208606890563998,0.0032613844174232093,0.0016306922087116046,0.009784153252269627
70,0.003081569385295297,0.016213570919679683,0.16321661392477546,0.0016213570919679683,0.0016213570919679683,0.05382905545333655,0.00972814255180781,0.025941713471487493,0.09403871133414216,0.0032427141839359366,0.19132013685222024,0.05836885531084686,0.0972814255180781,0.012970856735743747,0.011349499643775778,0.025941713471487493,0.0032427141839359366,0.2140191361397718,0.0016213570919679683,0.0032427141839359366,0.008106785459839842
71,0.0031757030828553413,0.010513847957895575,0.1594600273614162,0.00446042034577388,0.005017972888995615,0.09812924760702536,0.00334531525933041,0.07359693570526903,0.10370477303924269,0.00334531525933041,0.09366882726125147,0.025089864444978075,0.12377666459522517,0.00669063051866082,0.01003594577799123,0.02676252207464328,0.01003594577799123,0.22079080711580706,0.001672657629665205,0.00334531525933041,0.01338126103732164
72,0.00252181923601852,0.02398424693260976,0.0939383004860549,0.0006662290814613822,0.003997374488768294,0.27182146523624395,0.0021319330606764234,0.017321956117995935,0.1465703979215041,0.0026649163258455288,0.1545651468990407,0.02798162142137805,0.04796849386521952,0.013324581629227644,0.02398424693260976,0.02931407958430082,0.010659665303382115,0.09193961324167074,0.0026649163258455288,0.0026649163258455288,0.02931407958430082
73,0.0032203378197049218,0.019039165851434205,0.13599404179595861,0.0016999255224494827,0.004533134726531954,0.08414631336124939,0.0033998510448989654,0.01869918074694431,0.13259419075105966,0.013599404179595861,0.06799702089797931,0.054397616718383446,0.08499627612247414,0.013599404179595861,0.008499627612247413,0.020399106269393792,0.023798957314292758,0.2821876367266141,0.0033998510448989654,0.0033998510448989654,0.020399106269393792
74,0.003942057017912707,0.016554979661752144,0.14278669958261223,0.002069372457719018,0.004138744915438036,0.21314536314505883,0.016554979661752144,0.02621205113110756,0.08898301568191777,0.004138744915438036,0.115884857632265,0.041387449154380355,0.041387449154380355,0.009657071469355415,0.008277489830876072,0.012416234746314108,0.008277489830876072,0.21521473560277782,0.004138744915438036,0.004138744915438036,0.020693724577190178
75,0.0028969044515439464,0.014022238580014973,0.1402223858001497,0.0060966254695717275,0.0015241563673929319,0.22252682963936807,0.004572469102178796,0.027434814613072775,0.18289876408715183,0.009144938204357592,0.08230444383921832,0.033531440082644505,0.09754600751314764,0.007620781836964659,0.013717407306536387,0.02438650187828691,0.0060966254695717275,0.10821510208489817,0.0030483127347858637,0.0030483127347858637,0.009144938204357592
76,0.0030173033630652036,0.019844400808856185,0.1071597643678234,0.001587552064708495,0.00317510412941699,0.15081744614730702,0.001587552064708495,0.01587552064708495,0.09366557181780119,0.00317510412941699,0.15875520647084948,0.02857593716475291,0.08255270736484173,0.00317510412941699,0.01587552064708495,0.038101249553003876,0.009525312388250969,0.2508332262239422,0.00317510412941699,0.00635020825883398,0.00317510412941699
77,0.002834350072255449,0.01935762087963267,0.11316762975785255,0.0019853970132956587,0.002978095519943488,0.2680285967949139,0.002978095519943488,0.02531381191951965,0.06254000591881324,0.002978095519943488,0.04665682981244798,0.06849619695870023,0.09232096111824811,0.011912382079773952,0.004467143279915232,0.026802859679491392,0.002978095519943488,0.2263352595157051,0.002978095519943488,0.002978095519943488,0.011912382079773952
78,0.0036651194989715994,0.013965061157336794,0.17207523632948324,0.009631076660232272,0.0019262153320464544,0.1560234418957628,0.001284143554697636,0.019262153320464544,0.22729340918148158,0.0038524306640929087,0.07191203906306762,0.028251158203347997,0.07126996728571881,0.03081944531274327,0.01733593798841809,0.03467187597683618,0.011557291992278727,0.10208941259846208,0.0038524306640929087,0.007704861328185817,0.011557291992278727
79,0.0037907174164014423,0.02094273385036262,0.14360731783105798,0.0015956368647895333,0.0009972730404934583,0.13296973873246107,0.0019945460809869166,0.01462667126057072,0.061166079816932103,0.0026593947746492218,0.2672691748522468,0.08377093540145047,0.07579275107750283,0.019945460809869166,0.019945460809869166,0.02792364513381683,0.019945460809869166,0.08111154062680126,0.003989092161973833,0.003989092161973833,0.011967276485921498
80,0.002684959503660645,0.04682452291052718,0.095067970757737,0.0028378498733652837,0.0028378498733652837,0.1433114186049468,0.0009459499577884279,0.05675699746730567,0.16175744278182116,0.011351399493461135,0.11067614506124607,0.031216348607018114,0.01872980916421087,0.019864949113556987,0.00851354962009585,0.03972989822711397,0.011351399493461135,0.21567659037576156,0.0028378498733652837,0.005675699746730567,0.011351399493461135
81,0.002801782000687348,0.013559301811400646,0.1316627857049048,0.0035372091681914733,0.004421511460239341,0.12527615804011466,0.005895348613652455,0.012773255329580319,0.06927034621041635,0.0029476743068262276,0.14443604103448512,0.064848834750177,0.10316860073891795,0.004421511460239341,0.01179069722730491,0.026529068761436046,0.017686045840957364,0.22402324731879328,0.0014738371534131138,0.0029476743068262276,0.026529068761436046
82,0.003335115197739142,0.01463101709926983,0.15099209646446465,0.0017557220519123797,0.0017557220519123797,0.16152642877593895,0.008193369575591105,0.059694549765020914,0.0517938005314152,0.0008778610259561899,0.11587765542621707,0.06320599386884568,0.03862588514207235,0.010534332311474279,0.007022888207649519,0.028091552830598075,0.007022888207649519,0.263358307786857,0.0035114441038247594,0.0011704813679415864,0.007022888207649519
83,0.003212134580202668,0.027023901462948474,0.143001478574769,0.0033779876828685593,0.0008444969207171398,0.14356447652191376,0.0033779876828685593,0.028712895304382754,0.11485158121753102,0.0016889938414342796,0.0743157290231083,0.013511950731474237,0.11822956890039958,0.016889938414342796,0.0033779876828685593,0.016889938414342796,0.016889938414342796,0.2499710885322734,0.0033779876828685593,0.0067559753657371185,0.010133963048605678
84,0.0032878547325659747,0.01383921983593776,0.08303531901562657,0.00345980495898444,0.00086495123974611,0.11532683196614799,0.00691960991796888,0.04151765950781328,0.09341473389257988,0.00345980495898444,0.05535687934375104,0.07611570909765768,0.11763336860547097,0.00345980495898444,0.0172990247949222,0.0345980495898444,0.01383921983593776,0.29062361655469293,0.00172990247949222,0.00345980495898444,0.02075882975390664
85,0.0027372229024180037,0.009809615050287225,0.08583413169001321,0.0028851808971433013,0.0057703617942866025,0.1601275397914532,0.004327771345714952,0.05481843704572272,0.06780175108286758,0.004327771345714952,0.17311085382859806,0.02452403762571806,0.10675169319430214,0.02885180897143301,0.010098133140001554,0.02019626628000311,0.010098133140001554,0.2163885672857476,0.0028851808971433013,0.0057703617942866025,0.0028851808971433013
86,0.003718887601092383,0.011154481571922831,0.08393747382871931,0.003904068550172991,0.0029280514126297434,0.19129935895847652,0.005856102825259487,0.0819854395536328,0.07417730245328683,0.005856102825259487,0.09564967947923826,0.0858895081038058,0.07027323390311384,0.0029280514126297434,0.019520342750864957,0.0052054247335639875,0.003904068550172991,0.22643597591003348,0.0019520342750864955,0.003904068550172991,0.019520342750864957
87,0.0032141408644839474,0.032681503578213644,0.16228056949181946,0.002253896798497493,0.0016904225988731197,0.11269483992487463,0.006761690395492479,0.016904225988731196,0.07437859435041727,0.0011269483992487465,0.14875718870083454,0.07099774915267101,0.05409352316393983,0.0033808451977462395,0.006761690395492479,0.04057014237295487,0.006761690395492479,0.21975493785350556,0.0033808451977462395,0.0011269483992487465,0.030427606779716156
88,0.0028883554833883337,0.017457676597728043,0.16850453063894022,0.0015180588345850472,0.006072235338340189,0.13966141278182434,0.0030361176691700944,0.031879235526285986,0.1518058834585047,0.006072235338340189,0.05667419649117509,0.0546501180450617,0.05313205921047665,0.007590294172925236,0.004554176503755142,0.033397294360871035,0.009108353007510284,0.23074494285692718,0.0030361176691700944,0.006072235338340189,0.012144470676680378
89,0.003133892692266945,0.015824143686525224,0.19615344778088556,0.0016483483006797107,0.0008241741503398554,0.10219759464214205,0.0016483483006797107,0.04945044902039132,0.10054924634146235,0.001098898867119807,0.10879098784486091,0.04945044902039132,0.06098888712514929,0.02637357281087537,0.02637357281087537,0.011538438104757975,0.0032966966013594215,0.2010984926829247,0.0032966966013594215,0.006593393202718843,0.029670269412234794
90,0.0026739929204494164,0.07608514864463725,0.09721991215703649,0.0018786456455465986,0.004226952702479847,0.29306872070526935,0.001408984234159949,0.03945155855647857,0.07044921170799745,0.001408984234159949,0.18880388737743317,0.06481327477135765,0.021839255629479207,0.005635936936639796,0.002817968468319898,0.011271873873279593,0.005635936936639796,0.08594803828375688,0.005635936936639796,0.002817968468319898,0.016907810809919387
