,0,1,2,3,4,5,6,7,8,9,10,11,12,13,14,15,16,17,18,19,20
0,0.020574192777173768,0.15320424954012546,0.046231779957533845,0.07229863461444122,0.017213960622486008,0.05084739137718943,0.029509646781404584,0.035116479669871456,0.016066363247653606,0.06403593351564794,0.05680607005420382,0.03787071336946921,0.03718215494456977,0.011803858712561835,0.008852894034421376,0.053707557142156345,0.046477693680712216,0.043895599587339316,0.15285997032767573,0.02478810329637985,0.02065675274698321
1,0.019302381524174773,0.13401297168643955,0.06296995055145954,0.03538110933995051,0.006458456466816365,0.03726032577009441,0.023681007044993336,0.02325044328053891,0.01056838330933587,0.04051213601912083,0.024911189229148836,0.0301394635118097,0.18406600930426636,0.019375369400449094,0.015500295520359276,0.06296995055145956,0.043594581151010454,0.045209195267714546,0.1291691293363273,0.04197996703430637,0.009687684700224547
2,0.02224848001778341,0.13769834699766986,0.08187469280942533,0.04465892335059563,0.029772615567063756,0.06011778143349411,0.01339767700517869,0.020299510613907105,0.050241288769420085,0.09676100059295721,0.04465892335059563,0.03907655793177117,0.022329461675297816,0.008931784670119127,0.007443153891765938,0.04912481568565519,0.03969682075608501,0.025120644384710043,0.12839440463296245,0.06698838502589344,0.011164730837648908
3,0.017029471254531543,0.13093020288699644,0.057521840526235185,0.033302118199399315,0.021765020739656554,0.036339811413533714,0.018416556010478622,0.020521305268819037,0.018322593990016997,0.027076722229691784,0.04702799124104363,0.029316150384027198,0.061563915806457106,0.019544100256018136,0.002443012532002267,0.06840435089606346,0.08550543862007932,0.07980507604540736,0.17956142110216655,0.03990253802270368,0.005700362574671955
4,0.024143438945221654,0.1344828243945379,0.046824667451115576,0.04623752428558434,0.017614294965936892,0.07092899133604946,0.018837509894126955,0.03167185729452114,0.018837509894126955,0.14047400235334673,0.032292874104217634,0.026910728420181364,0.04843931115632646,0.02421965557816323,0.006054913894540807,0.031139557171924154,0.042384397261785646,0.017299753984402307,0.12917149641687053,0.06781503561885703,0.02421965557816323
5,0.024594540546682985,0.14749045966211155,0.05599869742034974,0.04112898680590659,0.02961287050025274,0.06169348020885988,0.019389379494213106,0.019741913666835163,0.03290318944472527,0.05922574100050548,0.03701608812531593,0.01480643525012637,0.0904837709729945,0.00897359712128871,0.007050683452441131,0.049354784167087905,0.024677392083543952,0.03877875898842621,0.19124978864746564,0.021152050357323388,0.024677392083543952
6,0.014719200849951848,0.10426789469854746,0.05714209032298349,0.034930117909033796,0.011494098628186334,0.029556253615336286,0.009562317346138209,0.01932524274848911,0.011822501446134516,0.05911250723067257,0.03325078531725332,0.018062154987149952,0.09605782424984292,0.02216719021150221,0.009852084538445428,0.08127969744217478,0.01847265850958518,0.03694531701917036,0.29556253615336286,0.025333931670288246,0.011083595105751107
7,0.021472244586304638,0.14702770101084195,0.047552359898869224,0.03929188561496639,0.0251383569257043,0.05288849119433892,0.01292829784750507,0.03232074461876267,0.01292829784750507,0.08888204770159736,0.08618865231670046,0.04740375877418525,0.03830606769631132,0.0019588330071977377,0.008618865231670048,0.0167589046171362,0.021547163079175116,0.0754150707771129,0.12210059078199233,0.04740375877418525,0.05386790769793779
8,0.02180717340927185,0.17306509158406824,0.06775369668640353,0.03704403298120524,0.00766137954838563,0.03544039518981108,0.02334896624269906,0.02918620780337383,0.027362069815662964,0.09850345133638665,0.05594023162313318,0.02462586283409667,0.04864367967228972,0.0054724139631325925,0.00625418738643725,0.03557069076036185,0.02432183983614486,0.03283448377879556,0.16636138447923082,0.05691310521657897,0.02188965585253037
9,0.02302683691237022,0.1165218464706769,0.07572803910953475,0.04134305078950515,0.013201982605052063,0.055092888948005715,0.015402313039227405,0.0646897147647551,0.015994709694582304,0.035938730424863945,0.04363988694447765,0.06006902085298688,0.06931040867652331,0.013862081735304664,0.005775867389710277,0.042356360857875364,0.06353454128681305,0.046206939117682214,0.167500154301598,0.007701156519613703,0.023103469558841107
10,0.02215339466699578,0.127804585795957,0.07880440863308022,0.057789899664258834,0.014817922990835598,0.057789899664258834,0.014288711455448612,0.023708676785336957,0.01728757682264153,0.05556721121563349,0.031117638280754752,0.016670163364690047,0.03889704785094344,0.011113442243126697,0.011113442243126697,0.06668065345876019,0.04074928822479789,0.01728757682264153,0.20745092187169833,0.06668065345876018,0.022226884486253394
11,0.020925002859852073,0.11773148431993075,0.06721930391046668,0.06185109561206136,0.025853578427102567,0.0746881154560741,0.017505027060017365,0.018905429224818752,0.021006032472020836,0.03150904870803125,0.03601034138060715,0.04201206494404167,0.047263573062046885,0.025207238966425006,0.014004021648013891,0.07002010824006946,0.024006894253738104,0.06721930391046668,0.12253518942012155,0.08402412988808335,0.010503016236010418
12,0.02025273586381541,0.14930838444660668,0.04767931772211511,0.04848835591875733,0.016944855563006594,0.061001480026823734,0.013555884450405275,0.0447344186863374,0.01779209834115692,0.04405662446381715,0.05591802335792176,0.018300444008047118,0.04621324244456344,0.01161932952891881,0.007625185003352967,0.06777942225202638,0.030500740013411864,0.05083456668901978,0.08472427781503297,0.15250370006705935,0.010166913337803956
13,0.02176779484835449,0.13968228124426219,0.042277392969191266,0.03120474242964117,0.008401276807980314,0.05679263122194693,0.013442042892768503,0.03574361405577079,0.02581483237361224,0.06552995910224646,0.023829076037180534,0.015886050691453688,0.06552995910224646,0.012135177611527123,0.005460829925187205,0.047327192684955784,0.040046086118039496,0.13834102477140917,0.13979724608479244,0.06006912917705925,0.01092165985037441
14,0.017152062003850593,0.11426558076430889,0.04216830219000854,0.05789340189351823,0.005378609973215376,0.04302887978572301,0.017211551914289202,0.0238313795736312,0.01564686537662655,0.02725162386429124,0.028685919857148672,0.017211551914289202,0.04179948322041664,0.008605775957144601,0.003442310382857841,0.06310902368572707,0.01147436794285947,0.07458339162858656,0.27538483062862723,0.09466353552859062,0.017211551914289202
15,0.020711459692173577,0.16509145077637,0.053584438882347915,0.035916842344477444,0.01663516908586324,0.04158792271465809,0.024574681604116144,0.0478261111218568,0.025992451696661305,0.04158792271465809,0.05458414856298873,0.02911154590026066,0.05198490339332261,0.02772528180977206,0.006931320452443015,0.03327033817172648,0.016173081055700367,0.07277886475065165,0.10396980678664522,0.0675803744113194,0.06238188407198714
16,0.021131567405575546,0.16217778245411088,0.05301965964845933,0.0551404460343977,0.015552433496881402,0.03493059929780849,0.015148474185274093,0.024470612145442765,0.018556880876960762,0.10179774652504191,0.03313728728028708,0.013495913365062374,0.017351888612223053,0.013254914912114833,0.008483145543753493,0.023135851482964074,0.02726725353349337,0.07422752350784305,0.22621721450009313,0.050898873262520954,0.010603931929691866
17,0.016914328284358474,0.1018543898411433,0.047532048592533536,0.047009718388219976,0.01697573164019055,0.052341839223920855,0.01810744708286992,0.020158681322726277,0.009259489985558483,0.019097698095214367,0.030864966618528274,0.0339514632803811,0.03017907847144987,0.011317154426793699,0.009700418080108887,0.045268617707174795,0.05092719492057165,0.0339514632803811,0.33102676698371575,0.0679029265607622,0.005658577213396849
18,0.018890740658117994,0.10723322680222554,0.043521357854615576,0.05415099825228665,0.006633497285905114,0.039900735554316474,0.005985110333147472,0.03411512889894058,0.015162279510640263,0.07310384764058697,0.04135167139265526,0.03158808231383388,0.040274804950138195,0.007107318520612623,0.008423488617022369,0.05685854816490098,0.03790569877660065,0.030324559021280527,0.29376916551865506,0.04422331523936743,0.009476424694150163
19,0.017611934107944465,0.1299865711994795,0.04580254090628934,0.04223119268747535,0.01149081289403399,0.0324099850857369,0.014958454654955489,0.023117611739476667,0.03535634736625843,0.05303452104938765,0.033749240667792134,0.03977589078704073,0.07513223815329917,0.01104885855195576,0.004419543420782304,0.0247494431563809,0.011785449122086143,0.07071269473251686,0.26517260524693825,0.030936803945476123,0.026517260524693824
20,0.022511634715159805,0.13233782760180973,0.084351916129934,0.04518852649817893,0.016138759463635334,0.09941475829599364,0.014619817396469652,0.031067111967498014,0.02071140797833201,0.05340462222512056,0.04895423703969385,0.02711311589890736,0.030125684332119287,0.02711311589890736,0.022594263249089464,0.04267805280383566,0.03615082119854315,0.03389139487363419,0.11673702678696224,0.0723016423970863,0.022594263249089464
21,0.016081375994411243,0.11659774067649487,0.04689535504131551,0.03290953982407577,0.01614430255520698,0.02260202357728977,0.008546983705697812,0.014350491160183984,0.018162340374607854,0.0230632893645814,0.04663909627059795,0.014529872299686282,0.038746326132496754,0.018835019647741476,0.012915442044165585,0.04520404715457954,0.029597888017879465,0.03690126298333025,0.30674174854893266,0.06995864440589693,0.06457721022082792
22,0.020443373559359684,0.1409588780691044,0.038765191669919735,0.06036102509157051,0.014486646021976923,0.06327847463766308,0.022232977575395142,0.03283639764981436,0.02257502338424737,0.03946682409833457,0.0436108406286597,0.01894407556720059,0.03225003340606767,0.010261374265566987,0.030784122796700963,0.058147787504879596,0.03420458088522329,0.05472732941635726,0.17957404964742227,0.06840916177044658,0.013681832354089315
23,0.016087708807157607,0.12154155688353348,0.02593607708873028,0.026017637079575346,0.01329907615426569,0.03128845148793759,0.01490665678829781,0.020186097734153283,0.02153183758309684,0.05652107365562919,0.037142419830842044,0.016148878187322628,0.02287757743204039,0.016148878187322628,0.00538295939577421,0.19378653824787154,0.024223317280983942,0.0592125533535163,0.06782528838675503,0.19378653824787154,0.016148878187322628
24,0.018916315466624943,0.17302238963815922,0.04921093126136113,0.022432515419139945,0.008541611640364823,0.05905311751363335,0.017255781091646112,0.021090399112011913,0.02657390288113501,0.051767343274938336,0.02847203880121608,0.033217378601418754,0.05965570034540512,0.012654239467207146,0.003796271840162144,0.04175899024178358,0.010353468654987668,0.0474533980020268,0.26573902881135003,0.04270805820182412,0.006327119733603573
25,0.02547037192982627,0.14633626164319155,0.06813540224656538,0.0376537749257335,0.011497849129107908,0.05657671793688018,0.011355900374427564,0.015029868142624716,0.028389750936068908,0.04717066309377603,0.039745651310496476,0.051101551684924036,0.03832616376369303,0.017033850561641344,0.002838975093606891,0.051101551684924036,0.03285099751173688,0.07665232752738606,0.10646156601025841,0.0596184769657447,0.07665232752738606
26,0.022773987241020668,0.14946244542478185,0.05890578731447284,0.038994700294216436,0.02449174525868274,0.10921504182020007,0.016763238977053962,0.041146132034587,0.01219144652876652,0.04952775152311399,0.048575294763054104,0.0205730660172935,0.041908097442634906,0.02857370280179653,0.011429481120718612,0.02939009431041929,0.05143266504323375,0.05333757856335351,0.12082594327616818,0.04000318392251514,0.030478616321916296
27,0.01934151713969691,0.16532609276471755,0.05999688165845105,0.033789093483027444,0.009058352720981823,0.059725402555924116,0.00919456855137253,0.0229399841635254,0.022183720949343247,0.08411327526625982,0.05176201554846757,0.013587529081472736,0.017254005182822524,0.008627002591411262,0.004313501295705631,0.021837100309509756,0.024263444788344173,0.1261699128993897,0.10093593031951177,0.1261699128993897,0.01941075583067534
28,0.020277357684318934,0.14709365141984662,0.05290720268460885,0.04548583036233341,0.008567968046090503,0.05948147047382061,0.016957436757887457,0.07630846541049355,0.020348924109464945,0.02249091612098757,0.04069784821892989,0.010957112982019585,0.03561061719156365,0.00904396627087331,0.005087231027366236,0.032558278575143915,0.04069784821892989,0.0366280633970369,0.18992329168833946,0.047480822922084866,0.08139569643785978
29,0.018766515684316285,0.15991177681891453,0.052613830140866076,0.08952203934416018,0.02153913728581298,0.06523873312529892,0.010148247375046498,0.05863431816693533,0.018846745125086356,0.06596360793780223,0.021987869312600744,0.03769349025017271,0.03141124187514393,0.01256449675005757,0.028270117687629534,0.041462839275189976,0.018846745125086356,0.08166922887537421,0.10365709818797496,0.0424051765314443,0.018846745125086356
30,0.020693200179016158,0.14939996910976708,0.04694926005933926,0.04983844529376013,0.009690808807120024,0.04153203774480011,0.016990379077418225,0.023534821388720067,0.008306407548960023,0.05097113723225468,0.13844012581600038,0.026429478564872797,0.026995824534120073,0.010383009436200028,0.020766018872400056,0.06922006290800019,0.04153203774480011,0.04672354246290012,0.09085133256675024,0.10383009436200027,0.006922006290800018
31,0.0216614085039644,0.1309568102607322,0.04645352137592697,0.03693804199730967,0.009148741051965243,0.07876494249426325,0.016899757776546908,0.03621376666402908,0.003104037142631065,0.04035248285420384,0.04104226888589963,0.02172825999841745,0.04656055713946596,0.012071255554676362,0.008148097499406544,0.13036955999050467,0.0434565199968349,0.04074048749703272,0.08329166332726688,0.06518477999525235,0.0869130399936698
32,0.02044469990096058,0.14717806313513815,0.040383647962153955,0.052589771065468936,0.023454671415958275,0.053017330179822346,0.011050758647903416,0.05951622871799411,0.008978741401421525,0.05746394496909776,0.03371609016044002,0.049254809973512365,0.08209134995585395,0.002565354686120436,0.020522837488963486,0.0718299312113722,0.05130709372240872,0.01710236457413624,0.09491812338645612,0.08209134995585395,0.020522837488963486
33,0.021498004886592172,0.1793743093311848,0.046754205940960455,0.050773798306925376,0.03057005773062799,0.0547771170195868,0.027464009084200543,0.02877181904059105,0.013732004542100272,0.05994128966789802,0.046754205940960455,0.016783561107011444,0.035310868822543556,0.007192954760147761,0.006473659284132985,0.08631545712177315,0.0184961693832371,0.06473659284132985,0.1726309142435463,0.01726309142435463,0.014385909520295522
34,0.023037408100599607,0.17233605796083556,0.05729305850553759,0.050639979865379096,0.015412167785115378,0.05868479272024701,0.009907822147574172,0.019815644295148344,0.015412167785115376,0.057795629194182664,0.04392467818757882,0.030824335570230753,0.08322570603962302,0.018494601342138452,0.011559125838836533,0.04623650335534613,0.023118251677673066,0.03853041946278844,0.1254990805359395,0.09247300671069227,0.005779562919418267
35,0.018951254094360215,0.1214222981515438,0.038941517307351105,0.05832171429287004,0.0073958695661248235,0.0570538509386772,0.024723335406760125,0.02662513043804936,0.008875043479349786,0.03169658385482067,0.0380359006257848,0.021395194102003953,0.06466103106383418,0.013584250223494574,0.007607180125156962,0.030904169258450156,0.028526925469338604,0.042790388204007906,0.28526925469338604,0.06180833851690031,0.01141077018773544
36,0.018851626155774518,0.1703096183271466,0.06244686005328709,0.025473660860897994,0.011564233343201313,0.04920055640562013,0.014718115164074399,0.03347966856003737,0.027333642447566742,0.06150069550702516,0.06938540005920787,0.00630776364174617,0.03784658185047702,0.01892329092523851,0.004730822731309627,0.01892329092523851,0.01892329092523851,0.11353974555143106,0.1371938592079792,0.09461645462619256,0.004730822731309627
37,0.019978429039290948,0.11214028984426706,0.05051546931858584,0.04489084773479371,0.02206337409944116,0.025527870858857542,0.01782898917126559,0.08023045127069514,0.020057612817673785,0.06769444325964902,0.04011522563534757,0.04813827076241708,0.06685870939224595,0.004011522563534757,0.008023045127069514,0.06685870939224595,0.04298059889501525,0.04011522563534757,0.12836872203311223,0.08691632220991974,0.006685870939224594
38,0.022269793474519513,0.13350620718723444,0.04726643962213,0.051391510716424976,0.01340648105645869,0.041895253301433406,0.015469016603606178,0.04671955519674998,0.01862011257841485,0.09384536739521082,0.03475754347970771,0.012413408385609899,0.026406705111206512,0.008379050660286682,0.004965363354243959,0.07820447282934236,0.061446371508769,0.05362592422583476,0.11810471406880274,0.11172067547048908,0.005586033773524454
39,0.015446369692851217,0.10671465533017993,0.0620221928414721,0.03465946070552853,0.008721870868332014,0.03101109642073605,0.00820881964078307,0.029288257730695162,0.020674064280490703,0.04996232201118586,0.13954993389331222,0.01772062652613489,0.04341553498903047,0.007752774105184012,0.009303328926220815,0.03617961249085872,0.01240443856829442,0.03876387052592006,0.1808980624542936,0.05426941873628808,0.09303328926220815
40,0.017231655121723602,0.11027689887176208,0.027459277660241845,0.02469882117587891,0.016054233764321295,0.03457834964623048,0.01728917482311524,0.02099399799949708,0.013831339858492192,0.048409689504722665,0.09797199066431969,0.013299365248550183,0.03457834964623048,0.006915669929246096,0.0049397642351757835,0.025933762234672853,0.10373504893869143,0.12102422376180666,0.20170703960301112,0.047545230763566905,0.011526116548743491
41,0.023558171974588683,0.1360376085421109,0.07090763379608096,0.050226240605557346,0.00675310798057914,0.04727175586405397,0.01890870234562159,0.025113120302778673,0.009951948602958732,0.043635466951434436,0.04989796452316809,0.029544847415033736,0.03939312988671165,0.01350621596115828,0.011817938966013493,0.03151450390936932,0.035453816898040474,0.031514503909369315,0.19499599293922265,0.10636145069412145,0.023635877932026986
42,0.01503322120329497,0.13358710019688919,0.03898619346750218,0.029428287972243578,0.017606668017581626,0.034948574110086846,0.010060953152903788,0.06791143378210057,0.013833810585242707,0.03704260024478213,0.026410002026372437,0.020121906305807572,0.016768255254839645,0.006288095720564868,0.0025152382882259465,0.07168429121443949,0.020121906305807572,0.19618858648162385,0.1559447738700087,0.0704266720703265,0.015091429729355682
43,0.015873360811155462,0.12045094700078524,0.04249371930507599,0.02714876511157633,0.014997783284144466,0.05504868182703026,0.009561086843642097,0.028683260530926288,0.015935144739403495,0.028683260530926288,0.04249371930507599,0.027886503293956113,0.021910824016679806,0.007967572369701748,0.001991893092425437,0.035854075663657864,0.10092258334955546,0.03824434737456839,0.26292988820015767,0.07967572369701748,0.021246859652537992
44,0.01815042640627976,0.10102290883851048,0.05291676177255311,0.026024636937321204,0.015002437763867515,0.038090604971897396,0.014801512258101434,0.02318558563506798,0.014168968999208211,0.06831467196046816,0.037952595533593425,0.02428966114149979,0.2186069502734981,0.010409854774928482,0.005204927387464241,0.045543114640312105,0.022771557320156052,0.01821724585612484,0.10566002596552408,0.12752072099287387,0.012144830570749894
45,0.02096512308245432,0.13256920082513715,0.04751584258965489,0.05260682572426077,0.02221177086135455,0.05110377356071047,0.02571889257630527,0.017329307297403545,0.0341944367207695,0.03607325192520739,0.033668368463526895,0.02367307157591735,0.027355549376615603,0.018036625962603695,0.006312819086911292,0.026303412862130386,0.042085460579408616,0.035071217149507186,0.19990593775219095,0.11573501659337371,0.03156409543455647
46,0.02292551584457179,0.19557629679159239,0.04601795218625703,0.03221256653037992,0.01380538565587711,0.061947243327653695,0.018407180874502813,0.04601795218625703,0.02588509810476958,0.05752244023282129,0.04601795218625703,0.05522154262350844,0.021091561418701138,0.007669658697709505,0.007669658697709505,0.05061974740488273,0.05061974740488273,0.03944395901679174,0.12079712448892468,0.05752244023282129,0.023008976093128516
47,0.01716838208100876,0.10633141693362759,0.033800394163608284,0.026971158514183594,0.012163463643651425,0.08615786747586426,0.01988258480212252,0.023859101762547023,0.017231573495172854,0.03829238554482856,0.041355776388414846,0.012308266782266323,0.07467015181241571,0.0064618400606898194,0.025847360242759278,0.041355776388414846,0.041355776388414846,0.021539466868966066,0.2929367494179385,0.03446314699034571,0.025847360242759278
48,0.02049138639497218,0.1365547725804745,0.06931114628453788,0.05879070443777767,0.015432559914916637,0.038987519785052556,0.029150390950398095,0.04115349310644437,0.019106978942277746,0.04286822198587955,0.0320082724161234,0.029395352218888834,0.11317210604272201,0.010288373276611092,0.007716279957458319,0.02743566207096291,0.05144186638305546,0.13374885259594418,0.07973489289373596,0.0329227944851555,0.010288373276611092
49,0.024509439885656827,0.1975990406636117,0.0508677015533213,0.0549570657958432,0.015805321554067688,0.06673357989495246,0.02950326690092635,0.02294698536738716,0.012293027875385979,0.04693701552420101,0.03687908362615793,0.02151279878192546,0.04609885453269742,0.020488379792309965,0.016390703833847973,0.031610643108135376,0.024586055750771958,0.07375816725231588,0.14751633450463175,0.03442047805108074,0.024586055750771958
50,0.02393209548388474,0.10192231168484435,0.1020355586978275,0.036584177908464764,0.009336587070389445,0.06516556689945287,0.017148833394592857,0.04583415470918454,0.02400836675243,0.03710383952648273,0.025855164194924615,0.04801673350486,0.041157200147022864,0.010670385223302223,0.006859533357837144,0.05144650018377857,0.052818406855345994,0.084029283633505,0.12804462267962666,0.07202510025729,0.016005577834953332
51,0.01715134530013654,0.1542891457164937,0.04130769160218477,0.03688186750195068,0.01486451023563467,0.0325106832054232,0.015490384350819286,0.012908653625682739,0.023665864980418356,0.03309911186072498,0.020653845801092384,0.021036324427038542,0.044258241002340826,0.0030373302648665267,0.002458791166796713,0.04302884541894247,0.028685896945961645,0.051634614502730956,0.3098076870163858,0.0803205114486926,0.012908653625682739
52,0.023782311875690854,0.160228744765534,0.05028455287854524,0.07556887607736176,0.011303931601599822,0.0389357644055105,0.031206580404416602,0.035795783405066096,0.0238638556033774,0.05857491829919908,0.06562560290928786,0.057273253448105764,0.029370899204156798,0.007954618534459133,0.010227366687161744,0.051136833435808715,0.015909237068918267,0.03181847413783653,0.18136530258566824,0.0238638556033774,0.015909237068918267
53,0.022292457998504857,0.16846926289246367,0.05935480528025833,0.06294285191092969,0.008951872271776667,0.052897427060498485,0.012207098552422729,0.032708764069953204,0.033569521019162496,0.11189840339720833,0.053151741613673954,0.024866311866046296,0.022379680679441665,0.003729946779906944,0.009591291719760715,0.07161497817421333,0.04795645859880357,0.037299467799069445,0.08951872271776666,0.052219254918697215,0.022379680679441665
54,0.023885774548306822,0.1716466054316142,0.0409737058127079,0.032795240203617244,0.015577739096718193,0.04108414706826776,0.011982876228244763,0.023965752456489527,0.017974314342367143,0.08088441454065214,0.058202541680045995,0.05592008906514222,0.05592008906514222,0.029957190570611907,0.017974314342367143,0.06590581925534619,0.04450782599062341,0.0319543366086527,0.11298140443773634,0.041940066798856666,0.023965752456489527
55,0.022599905972580686,0.12849879840282963,0.06901469990944813,0.03628201366668131,0.01700719390625686,0.059782863428054424,0.009070503416670327,0.02645563496528845,0.015117505694450546,0.06802877562502745,0.06802877562502745,0.016491824393946048,0.04535251708335163,0.006478931011907377,0.022676258541675817,0.041573140659738994,0.04859198258930532,0.01360575512500549,0.16629256263895598,0.10204316343754118,0.01700719390625686
56,0.019709662189866386,0.15494120170607997,0.04453145851953941,0.04166686177266844,0.0162990959287203,0.051128711633545244,0.024189928084688072,0.04354187055243852,0.013701987236781352,0.05937527802605254,0.05195336827279596,0.022265729259769704,0.047005428437291594,0.014843819506513135,0.0039583518684035025,0.03958351868403503,0.05442733819054816,0.04453145851953941,0.1533861349006357,0.07916703736807006,0.019791759342017514
57,0.021192200409494447,0.14084607429150323,0.05278267848354295,0.0624824804063582,0.014889442139387485,0.060266789611806496,0.010635315813848203,0.03899615798411008,0.019336937843360373,0.038673875686720746,0.030939100549376593,0.01654382459931943,0.09040018441770974,0.010635315813848203,0.010635315813848203,0.08508252651078563,0.021270631627696407,0.058494236976165126,0.09359077916186419,0.07976486860386153,0.042541263255392814
58,0.01716068681870436,0.10101779765503198,0.04338863775249149,0.03254147831436861,0.02440610873577646,0.04134681950531541,0.007093817071990388,0.028713069100913483,0.013782273168438471,0.04737656401650724,0.010336704876328852,0.02411897804476732,0.022970455280730787,0.013782273168438471,0.01722784146054809,0.03445568292109618,0.04306960365137022,0.18950625606602897,0.14126829997649432,0.12920881095411066,0.01722784146054809
59,0.017246297873536025,0.12415324533361383,0.05193661657382252,0.06137963776906298,0.00923317627979067,0.042043927702618236,0.014426837937172924,0.02019757311204209,0.024237087734450508,0.036198247915088425,0.06347808692356086,0.020774646629529006,0.03895246243036689,0.007694313566492226,0.008656102762303754,0.017312205524607507,0.004946344435602146,0.03895246243036689,0.32893190496754265,0.057707351748691696,0.011541470349738337
60,0.020066532189368443,0.15845987468199313,0.09208322015418487,0.05371521175660784,0.02014320440872794,0.0324529404362839,0.02014320440872794,0.04028640881745588,0.016480803607141038,0.07553701653272976,0.05467441196654726,0.017625303857636943,0.07251553587142057,0.026857605878303915,0.007553701653272977,0.05237233146269264,0.0671440146957598,0.0335720073478799,0.0940016205740637,0.04028640881745588,0.004028640881745588
61,0.01672198448858544,0.12800266268648855,0.03917021371826973,0.036536922039730586,0.010911702392946568,0.03228314317439813,0.02611347581217982,0.02637993985107961,0.014548936523928756,0.03477355707642313,0.08057872536329773,0.033574468901374055,0.07274468261964379,0.02518085167603054,0.004196808612671757,0.03637234130982189,0.09232978947877865,0.050361703352061075,0.13849468421816796,0.09512766188722649,0.005595744816895675
62,0.019554113014929538,0.12984853173972905,0.05297820094980945,0.03924311181467367,0.0179864262483921,0.07848622362934735,0.015942514174711177,0.026546810933455716,0.0179864262483921,0.04905388976834209,0.05668449484341753,0.008409238246001502,0.06540518635778945,0.006540518635778946,0.012263472442085522,0.015093504544105256,0.017659400316603152,0.03488276605748771,0.2877828199742736,0.028030794153338336,0.019621555907336836
63,0.022227512808189038,0.1407853905908908,0.05483937969759611,0.04238433413915903,0.01239308015764884,0.04164074932970009,0.01858962023647326,0.016730658212825933,0.01887561439395746,0.09560376121614818,0.03532027844929919,0.02478616031529768,0.04461508856753582,0.007435848094589303,0.002478616031529768,0.03569207085402866,0.028681128364844457,0.06692263285130373,0.18961412641202724,0.055768860709419776,0.04461508856753582
64,0.022454375363319574,0.14327487864757946,0.05837610983019963,0.037176364681337656,0.009012452043960643,0.03711009665160264,0.027538047912101966,0.05069504274727862,0.013518678065940964,0.05735196755247682,0.0713485786813551,0.02503458901100179,0.05149972596548939,0.015020753406601072,0.002816391263737701,0.028163912637377008,0.02253113010990161,0.09012452043960643,0.18588182340668827,0.03604980817584257,0.015020753406601072
65,0.021614155950547585,0.16574917114265433,0.05660366951274835,0.044538150485030945,0.016273554984915152,0.07232691104406734,0.017358458650576163,0.039451042387673094,0.009299174277094372,0.04029642186740895,0.08317594770067743,0.015780416955069237,0.02603768797586424,0.016273554984915152,0.003099724759031458,0.07051873826796565,0.0867922932528808,0.03905653196379636,0.108490366566101,0.05641499061437252,0.0108490366566101
66,0.01701641830849443,0.10091502038613898,0.0413959403734177,0.04622739933390062,0.0040676283057780056,0.04220762547877882,0.01464346190080082,0.027955699992437924,0.021355048605334527,0.049116611792269414,0.036066304311231645,0.02349055346586798,0.04176098393932086,0.0075929061707856104,0.00854201944213381,0.07260716525813739,0.030751269991681717,0.042710097210669054,0.2733446221482819,0.06406514581600359,0.03416807776853524
67,0.01221440517954685,0.07629618049814482,0.025983598820251728,0.025096467863226064,0.005013987765485968,0.03582644249526726,0.01697042012933712,0.009192310903390942,0.003771204473186027,0.039833347248027416,0.026741268082591835,0.014299150294163687,0.029415394890851015,0.002451282907570918,0.006128207268927295,0.009532766862775792,0.01225641453785459,0.1348205599164005,0.46574375243847443,0.04596155451695471,0.002451282907570918
68,0.020677637120108876,0.11271021435410136,0.04752418810125695,0.051076917222586005,0.017983331272118826,0.08040624078399282,0.01926785493441303,0.023579542751904055,0.02766666349556742,0.03032691960091044,0.05072221640854028,0.06743749227044558,0.06639999238936181,0.005187499405418892,0.005187499405418892,0.04841666111724298,0.010374998810837784,0.05187499405418892,0.21441664209064754,0.03631249583793224,0.01244999857300534
69,0.017371860518083468,0.11380424418471549,0.03487549418563862,0.02647954188168859,0.015386247434840567,0.03603801065849325,0.007473320182636848,0.04650065891418483,0.023976902252626553,0.053898491014168784,0.04262560400466943,0.02179718386602414,0.03923493095884345,0.006539155159807242,0.02179718386602414,0.0784698619176869,0.01992885382036493,0.026156620639228967,0.3138794476707476,0.047953804505253106,0.005812582364273103
70,0.018476501475071697,0.11810623913845135,0.0291293414915463,0.033598047288544874,0.01560998204331668,0.055610561029315664,0.011916548791996214,0.02965896588230169,0.018536853676438553,0.06885117079820036,0.049431609803836145,0.026481219537769364,0.03707370735287711,0.018536853676438553,0.007414741470575422,0.04448844882345253,0.06487898786753493,0.04016318296561688,0.25024752463192046,0.05561056102931566,0.006178951225479518
71,0.021042958063092213,0.12951576748229068,0.05036961838697207,0.06824270878234925,0.028163657592715566,0.05184673329568093,0.012228956586310707,0.04459245785513299,0.028163657592715573,0.05184673329568093,0.08449097277814671,0.03319288216284335,0.033796389111258686,0.014081828796357783,0.006035069484153337,0.05129809061530336,0.029571840472351344,0.07745005837996781,0.09957864648853004,0.06336822958361002,0.021122743194536678
72,0.024084839367265323,0.16015263911136723,0.05414972250708869,0.07655094699662836,0.020720557081794145,0.07079523669613,0.006361574542656096,0.03453426180299024,0.02417398326209317,0.09669593304837268,0.03955742715615245,0.013429990701162872,0.08460894141732608,0.0145043899572559,0.0026859981402325745,0.05640596094488405,0.03626097489313975,0.03626097489313975,0.09669593304837268,0.027195731169854815,0.02417398326209317
73,0.02278219546041909,0.14642368418597493,0.06737505521504332,0.05299223092806574,0.0247643432114817,0.042861363250641396,0.015825734123313746,0.030479191644900552,0.03428909060051311,0.03809898955612569,0.03505107039163564,0.02612502140991476,0.04000393903393197,0.00879207451295208,0.007619797911225137,0.07619797911225137,0.017144545300256556,0.06286333276760739,0.14172824114878757,0.10286727180153936,0.0057148484334188536
74,0.015462463895073879,0.09140542013766183,0.0424942230436557,0.0204128473267352,0.014320397509217308,0.02714908694455781,0.00827400744977,0.0310275279366375,0.01551376396831875,0.07446606704793,0.026254062100231727,0.007756881984159375,0.043438539111292494,0.00930825838099125,0.012928136640265625,0.06981193785743438,0.011635322976239062,0.023270645952478124,0.1758226583076125,0.26373398746141874,0.01551376396831875
75,0.017193213766965865,0.11217965857397025,0.03843918370716463,0.028513893149236587,0.017258409011380038,0.05334417330790195,0.011505606007586693,0.013971093009212414,0.012943806758535027,0.034516818022760076,0.04961792590771761,0.023730312390647552,0.030202215769915063,0.025887613517070057,0.00246548700162572,0.11217965857397025,0.01479292200975432,0.12080886307966025,0.20710090813656043,0.06471903379267514,0.008629204505690019
76,0.022046534692512085,0.12036866262620757,0.07409874295429572,0.028438749961136954,0.01520683157644129,0.02593265322126665,0.017014636728885358,0.02892488243910511,0.019354149279107093,0.07188684017954064,0.04147317702665806,0.028754736071816257,0.03133528930903054,0.003686504624591827,0.01843252312295914,0.038708298558214185,0.04107819438830894,0.03317854162132644,0.2654283329706115,0.04147317702665806,0.03317854162132645
77,0.02076891600344006,0.1019241229315172,0.06251346206466388,0.029897742726578386,0.013260431347049916,0.0347297011470355,0.02952024597498017,0.022732168023514143,0.03646618620438726,0.04167564137644259,0.039781294041149745,0.018943473352928453,0.07814182758082987,0.006945940229407099,0.0034729701147035493,0.03750807723879833,0.03274514679577632,0.04167564137644259,0.24310790802924845,0.08335128275288518,0.020837820688221296
78,0.01989536107878517,0.16294650442408967,0.0588990428046759,0.05419282388807952,0.02541098919153968,0.027571787592180808,0.02395893266630884,0.016222193992813275,0.04392470988823287,0.02994866583288605,0.03394182127727086,0.01270549459576984,0.013976044055346823,0.008873678765299571,0.004991444305481008,0.04991444305481008,0.09982888610962017,0.12644992240551886,0.1397604405534682,0.039931554443848064,0.006655259073974677
79,0.01768817439850025,0.1296683135554222,0.05622547206033868,0.031959742013245133,0.013658009407369717,0.07694011966151608,0.00789129432425806,0.03551082445916127,0.02282838715231796,0.04734776594554835,0.04537494236448384,0.02441369181567337,0.033291397930463686,0.014204329783664506,0.008877706114790317,0.028408659567329013,0.010653247337748379,0.057705089746137056,0.12428788560706441,0.17755412229580633,0.03551082445916127
80,0.017695597342252095,0.14325603512237403,0.039626823253850536,0.04774007370453115,0.016283435992243182,0.038488121436211165,0.009473999122759669,0.024425153988364773,0.027914461700988314,0.02960624725862397,0.06344195841133708,0.017763748355174382,0.035527496710348765,0.05329124506552314,0.005921249451724794,0.0304521400374418,0.03197474703931388,0.06513374396897273,0.21316498026209255,0.05329124506552314,0.035527496710348765
81,0.02499190807877841,0.16033077229304354,0.053602852209792905,0.058502037626816966,0.013371894314701023,0.04074249049010468,0.015429108824655025,0.05293041499569155,0.014327029622893955,0.04628732647396508,0.05954671687015299,0.035101222576090184,0.027858113155627133,0.0035817574057234887,0.016714867893376277,0.08148498098020936,0.043876528220112725,0.02149054443434093,0.1755061128804509,0.029251018813408483,0.02507230184006442
82,0.01726247460882514,0.1197549364362077,0.03162769611232937,0.02814488433805501,0.009169374082986246,0.04113483095561886,0.006735527875773849,0.024247900352785855,0.01360851550411451,0.02969130655443166,0.05443406201645804,0.030309875440982317,0.05484644127415848,0.004948551092405278,0.0015745389839471335,0.026767162727101272,0.020206583627321542,0.09814626333270465,0.3550585408800786,0.02886654803903078,0.0034639857646836937
83,0.019778699982749805,0.13626547195248398,0.06772248791339291,0.01984969473323586,0.015879755786588685,0.04300767192201103,0.029774542099853783,0.029774542099853783,0.011342682704706206,0.057343562562681374,0.033082824555393096,0.03969938946647172,0.03969938946647172,0.07939877893294343,0.008507012028529654,0.033082824555393096,0.03572945051982454,0.06451150788301653,0.12306810734606231,0.10917332103279721,0.0033082824555393095
84,0.019394701747756374,0.12857735676068405,0.038303857212603216,0.027808420927182668,0.0092206869390132,0.06547619109218464,0.011895824507739253,0.025455400694882595,0.01703265781789938,0.038931789298055734,0.08110789437094945,0.019465894649027867,0.14923852564254697,0.019465894649027867,0.01167953678941672,0.06117852603980187,0.024332368311284835,0.05190905239740764,0.11679536789416718,0.07786357859611147,0.004866473662256967
85,0.027081558250055583,0.17821901988815367,0.09439820426326616,0.05823265847409276,0.01063378980831259,0.08570652811315191,0.024704764201130266,0.03952762272180842,0.010870096248497316,0.06340889478290102,0.05435048124248658,0.022234287781017235,0.02174019249699463,0.018116827080828856,0.013587620310621645,0.02717524062124329,0.02717524062124329,0.02717524062124329,0.12500610685771912,0.04348038499398926,0.02717524062124329
86,0.02401419762712274,0.14101889704905443,0.044295855161779606,0.05781774779011232,0.008502609969134163,0.050858204074635836,0.012045364122940067,0.03150326001384325,0.013766130426217221,0.05621169924038698,0.10599920428187257,0.03613609236882019,0.03785685867209735,0.024090728245880134,0.00903402309220505,0.08431754886058046,0.08833267023489381,0.028105849620193486,0.08947984777041194,0.03854516519340821,0.0180680461844101
87,0.015911148452972923,0.1394067506622634,0.026460085588255914,0.038509353771954594,0.013149535434325958,0.021955027912669237,0.006386917210958324,0.02993867442636714,0.013306077522829841,0.04470842047670826,0.047901879082187425,0.02594685116951819,0.047901879082187425,0.009580375816437486,0.01596729302739581,0.07983646513697905,0.03725701706392355,0.12773834421916647,0.15435049926482614,0.09580375816437485,0.007983646513697904
88,0.019223310245197824,0.12991478503641923,0.031628810890005854,0.04074219707865161,0.011403916407182389,0.04313879690680758,0.033083889357100556,0.03473808382495558,0.019298935458308655,0.04631744509994077,0.04245765800827904,0.021053384136336718,0.019298935458308655,0.016082446215257215,0.013784953898791898,0.041354861696375686,0.07719574183323462,0.0617565934665877,0.22515424701360096,0.0530720725103488,0.019298935458308655
89,0.0189000875076277,0.10144033840740857,0.06544138904575504,0.04552444455356872,0.014226388922990227,0.051485978959393205,0.01896851856398697,0.025291358085315963,0.010839153465135414,0.03966144790651821,0.0421522634755266,0.016597453743488595,0.04425987664930292,0.00344882155708854,0.01896851856398697,0.028452777845980454,0.02438809529655468,0.03793703712797394,0.28452777845980454,0.06955123473461888,0.03793703712797394
90,0.01494279762605471,0.093632041398723,0.0311055940000247,0.03999290657146033,0.007893336823314539,0.03544825809743075,0.014997339964297625,0.020353532808689633,0.011536415357152018,0.0599893598571905,0.03999290657146033,0.017724129048715374,0.09748270976793455,0.009998226642865081,0.004999113321432541,0.03899308390717382,0.02099627595001667,0.07998581314292065,0.184967192893004,0.16497073960727385,0.009998226642865081
91,0.021525000790739338,0.1352767151981468,0.05723682865736716,0.035343496254978006,0.01250457031243374,0.028078444247010306,0.034558085227089606,0.04319760653386201,0.017999002722442505,0.07199601088977002,0.07096749644848759,0.018898952858564626,0.021598803266931005,0.014399202177954002,0.00925662997154186,0.024684346590778294,0.0755958114342585,0.02969835449203013,0.21598803266931005,0.050397207622839,0.010799401633465502
