,0,1,2,3,4,5,6,7,8,9,10,11,12,13,14,15,16,17,18,19,20
0,0.028317778357213164,0.05820177471941561,0.036756106541701215,0.05223236192768067,0.020793454557876685,0.043949801679148456,0.04095680443218136,0.05387395044540778,0.09215280997240805,0.090735074434371,0.11341884304296375,0.04607640498620402,0.044107327850041456,0.024810371915648315,0.012602093671440417,0.021266033070555704,0.03308049588753109,0.028354710760740937,0.06616099177506218,0.007088677690185234,0.08506413228222282
1,0.022816863659599916,0.06710387666708258,0.04171489835363505,0.02969703478032591,0.011421936453971503,0.035144419858373854,0.012023091004180529,0.034265809361914513,0.0406113296141209,0.031150735783558647,0.03655019665270881,0.026997304345750827,0.2741264748953161,0.025699357021435883,0.011421936453971503,0.013706323744765804,0.022843872907943007,0.05710968226985752,0.14848517390162955,0.011421936453971503,0.04568774581588601
2,0.0283203306185137,0.08507349813475833,0.0443861729398739,0.030935817503548485,0.024576788350041297,0.08507349813475833,0.022686266169268887,0.04253674906737916,0.03190256180053437,0.03926469144681153,0.06076678438197023,0.17014699626951665,0.025206962410298767,0.014178916355793054,0.012153356876394048,0.04962620724527569,0.025206962410298767,0.07089458177896527,0.0519893599712412,0.05671566542317222,0.02835783271158611
3,0.031092243063177673,0.07158317124974294,0.04279428716017241,0.03661543286431864,0.048099364080854946,0.03631030425711599,0.031123117934670843,0.03556927763962383,0.029048243405692783,0.062246235869341686,0.025935931612225703,0.018673870760802506,0.04979698869547335,0.01945194870916928,0.05602161228240751,0.03734774152160501,0.08558857432034482,0.02334233845100313,0.08818216748156739,0.12449247173868337,0.04668467690200626
4,0.0326119867291032,0.06899694421519126,0.06356934079362273,0.03989787455215361,0.026883059858670337,0.05775426596011046,0.0504493785659463,0.02967610503879194,0.054406192571118554,0.026883059858670337,0.02762160545918326,0.03590808709693824,0.028563251099837237,0.03730710347733844,0.01865355173866922,0.057126502199674474,0.04663387934667305,0.16321857771335566,0.08487366041094495,0.032643715542671134,0.016321857771335567
5,0.03698829452188523,0.07244098775819703,0.057221063057484936,0.07405078748615697,0.037025393743078484,0.045737251094391064,0.07405078748615697,0.05759505693367764,0.037025393743078484,0.06479443905038734,0.049367191657437984,0.013884522653654433,0.049367191657437984,0.055538090614617716,0.018512696871539242,0.05183555124030988,0.043196292700258224,0.02221523624584709,0.060166264832502536,0.029620314994462788,0.04936719165743798
6,0.0323733014166809,0.09596419117426644,0.039154220857898756,0.09222532658306125,0.026511948919454954,0.03600388124864253,0.017448034758957533,0.04237379870032544,0.02777442267752424,0.035643842436156106,0.06480698624755656,0.046290704462540404,0.06480698624755656,0.022682445186644796,0.012462881970683952,0.0810087328094457,0.0270029109364819,0.04320465749837104,0.04320465749837104,0.05184558899804525,0.09721047937133484
7,0.03618099888843589,0.08244716842629274,0.10028800070257893,0.04383934533636126,0.03319718541775182,0.05432266704723026,0.015844111222108825,0.039000889162114034,0.030179259470683478,0.049795778126627735,0.036215111364820175,0.056909460716145985,0.013928888986469296,0.020694349351325816,0.01552076201349436,0.0633764448884353,0.08148400057084539,0.051735873378314534,0.09053777841205043,0.060358518941366957,0.02414340757654678
8,0.0256984442375167,0.0527149031461715,0.05513548543349571,0.02461120219350243,0.0321623665028725,0.02940559223119772,0.051459786404595996,0.040024278314685774,0.034306524269730666,0.04574203235964089,0.03274713680292472,0.036021850483217197,0.028588770224775555,0.025729893202297998,0.0064324733005744995,0.0321623665028725,0.022513656552010746,0.025729893202297998,0.218704092219533,0.115784519410341,0.064324733005745
9,0.030477122902646613,0.09591594395817327,0.046304248807393984,0.06103741888247389,0.025211107799282696,0.07768398766860313,0.040691612588315926,0.015259354720618472,0.02288903208092771,0.05086451573539491,0.06103741888247389,0.052317787613549056,0.03967432227360803,0.030518709441236944,0.04577806416185542,0.040691612588315926,0.06103741888247389,0.01695483857846497,0.10172903147078982,0.06103741888247389,0.02288903208092771
10,0.03352226805017047,0.08091997520414075,0.050869441532736794,0.03075616943734618,0.028390310249858008,0.05592030806790215,0.030196966356667156,0.029604868977124665,0.08723568058592736,0.029358161735648623,0.04473624645432172,0.05368349574518606,0.028759015577778248,0.03355218484074129,0.027960154033951076,0.040262621808889544,0.06710436968148258,0.040262621808889544,0.06151233887469236,0.078288431295063,0.06710436968148258
11,0.02749476259979498,0.0745624503471487,0.037708611352812865,0.028767871806015706,0.027517094770971546,0.026068826625130936,0.02476538529387439,0.029633794368738586,0.027517094770971546,0.08255128431291464,0.0963098316984004,0.01834472984731437,0.024459639796419155,0.013758547385485773,0.006114909949104789,0.019655067693551107,0.027517094770971546,0.04953077058774878,0.27517094770971545,0.027517094770971546,0.05503418954194309
12,0.031872402380688114,0.06140297527460594,0.04639658108116624,0.043155643432114185,0.021265099662201196,0.04585287114662132,0.019629322765108793,0.047846474239952676,0.025518119594641436,0.05183368042661541,0.04556807070471684,0.025518119594641436,0.017398717905437344,0.04784647423995268,0.03189764949330179,0.03189764949330179,0.03189764949330179,0.15948824746650894,0.10207247837856574,0.09569294847990537,0.015948824746650894
13,0.03569735320499915,0.0952769359329736,0.04672234358251589,0.06596095564590478,0.03362715385869656,0.05805938283415577,0.025804170148513682,0.06748782961918963,0.03175897864432453,0.04019495734672323,0.03572885097486509,0.03572885097486509,0.03969872330540566,0.007145770194973019,0.021437310584919055,0.04287462116983811,0.07145770194973018,0.07145770194973018,0.04287462116983811,0.10718655292459528,0.023819233983243395
14,0.03941755802828244,0.067194228608759,0.04624010634395859,0.04765677626871221,0.04163120685542676,0.06704815419873995,0.051272117916683485,0.024650056690713212,0.01774804081731351,0.05258678760685486,0.07888018141028229,0.03549608163462702,0.03380579203297812,0.026293393803427427,0.03155207256411292,0.059160136057711706,0.026293393803427427,0.09860022676285285,0.06573348450856857,0.06902015873399699,0.019720045352570572
15,0.035919376739456894,0.08444830831439099,0.06334618506751348,0.05287241201978469,0.03595324017345359,0.04494155021681699,0.012840442919090568,0.0276563385949643,0.041945446869029186,0.07704265751454341,0.030817063005817366,0.07190648034690718,0.05392986026018038,0.017976620086726795,0.017976620086726795,0.08988310043363398,0.030817063005817366,0.041945446869029186,0.09587530712920957,0.05992206695575599,0.011984413391151196
16,0.03596982823328193,0.06626565757911917,0.04162055962145294,0.05505295008751804,0.021174211572122324,0.05999359945434658,0.03839590365078181,0.03239654370534715,0.043195391607129534,0.0719923193452159,0.08999039918151987,0.01439846386904318,0.03599615967260795,0.0719923193452159,0.011998719890869317,0.05759385547617272,0.03599615967260795,0.05399423950891192,0.0719923193452159,0.05399423950891192,0.03599615967260795
17,0.030397957250536616,0.07236164821574649,0.02852323491458757,0.04183407787472843,0.03042478390889341,0.034227881897505086,0.0525518994789977,0.03510551989487701,0.023663720818028207,0.027044252363460808,0.08366815574945687,0.03042478390889341,0.0695423632203278,0.023663720818028207,0.03042478390889341,0.04867965425422945,0.08113275709038241,0.02662168592028173,0.024339827127114726,0.18254870345336044,0.022818587931670055
18,0.03738445602255503,0.09794666120182116,0.08018105491641861,0.04762268716247893,0.028613631362329778,0.04622201989299425,0.03180515178351272,0.043174414185763864,0.04677228203457752,0.09354456406915504,0.04029611990671294,0.02040972306963383,0.08980278150638883,0.031181521356385015,0.010690807322189149,0.026727018305472867,0.06236304271277003,0.04365412989893901,0.07483565125532403,0.018708912813831007,0.028063369220746513
19,0.03269932828844064,0.05307536264775796,0.04267524691749449,0.031081804838241817,0.03271768930341244,0.06840971399804419,0.03476254488487572,0.05180300806373636,0.012053885532836161,0.038170637520647845,0.03271768930341244,0.021811792868941627,0.07852245432818986,0.013087075721364977,0.03926122716409493,0.043623585737883254,0.09815306791023731,0.04089711162926555,0.049076533955118656,0.1635884465170622,0.021811792868941627
