,0,1,2,3,4,5,6,7,8,9,10,11,12,13,14,15,16,17,18,19,20
0,0.043139160894439886,0.06163354841259646,0.12943045166645256,0.04314348388881752,0.08628696777763505,0.02157174194440876,0.02157174194440876,0.04314348388881752,0.01078587097220438,0.02157174194440876,0.04314348388881752,0.04314348388881752,0.08628696777763505,0.04314348388881752,0.04314348388881752,0.04314348388881752,0.04314348388881752,0.02157174194440876,0.08628696777763505,0.04314348388881752,0.02157174194440876
1,0.03952510699515806,0.08701625660716482,0.009888210978086912,0.07910568782469529,0.07910568782469529,0.07910568782469529,0.039552843912347646,0.019776421956173823,0.039552843912347646,0.07910568782469529,0.019776421956173823,0.05932926586852146,0.07910568782469529,0.019776421956173823,0.039552843912347646,0.01318428130411588,0.07910568782469529,0.019776421956173823,0.039552843912347646,0.039552843912347646,0.039552843912347646
2,0.03216075238037295,0.09656932625916458,0.06437955083944305,0.032189775419721525,0.032189775419721525,0.06437955083944305,0.09656932625916458,0.06437955083944305,0.042919700559628696,0.026824812849767937,0.01287591016788861,0.032189775419721525,0.06437955083944305,0.032189775419721525,0.032189775419721525,0.016094887709860763,0.032189775419721525,0.06437955083944305,0.06437955083944305,0.06437955083944305,0.032189775419721525
3,0.04225352112676057,0.05281690140845071,0.04225352112676057,0.07042253521126761,0.014084507042253521,0.021126760563380285,0.03169014084507043,0.028169014084507043,0.12676056338028172,0.04225352112676057,0.08450704225352114,0.04225352112676057,0.04225352112676057,0.04225352112676057,0.021126760563380285,0.021126760563380285,0.021126760563380285,0.04225352112676057,0.08450704225352114,0.08450704225352114,0.04225352112676057
4,0.039716312056737584,0.04539007092198582,0.039716312056737584,0.07943262411347517,0.011347517730496455,0.05957446808510638,0.039716312056737584,0.039716312056737584,0.009929078014184396,0.07943262411347517,0.039716312056737584,0.05957446808510638,0.07943262411347517,0.039716312056737584,0.039716312056737584,0.039716312056737584,0.039716312056737584,0.039716312056737584,0.11914893617021276,0.019858156028368792,0.039716312056737584
5,0.02780158041234551,0.0208825436188279,0.11137356596708213,0.0417650872376558,0.055686782983541065,0.0417650872376558,0.018562260994513687,0.055686782983541065,0.055686782983541065,0.13921695745885265,0.13921695745885265,0.027843391491770533,0.0835301744753116,0.027843391491770533,0.027843391491770533,0.027843391491770533,0.013921695745885266,0.013921695745885266,0.027843391491770533,0.013921695745885266,0.027843391491770533
6,0.03992751952136621,0.053263383105610754,0.07989507465841614,0.09986884332302016,0.059921305993812096,0.007989507465841613,0.059921305993812096,0.07989507465841614,0.03994753732920807,0.013315845776402688,0.026631691552805377,0.03994753732920807,0.03994753732920807,0.059921305993812096,0.03994753732920807,0.03994753732920807,0.03994753732920807,0.07989507465841614,0.03994753732920807,0.03994753732920807,0.019973768664604034
7,0.03820183430050068,0.05095619420924499,0.05732571848540062,0.019108572828466872,0.07643429131386749,0.038217145656933744,0.07643429131386749,0.11465143697080124,0.019108572828466872,0.07643429131386749,0.038217145656933744,0.012739048552311248,0.019108572828466872,0.019108572828466872,0.038217145656933744,0.038217145656933744,0.038217145656933744,0.07643429131386749,0.07643429131386749,0.038217145656933744,0.038217145656933744
8,0.03434403062296791,0.14900329497805836,0.04584716768555642,0.034385375764167316,0.10315612729250194,0.011461791921389105,0.02292358384277821,0.034385375764167316,0.034385375764167316,0.04584716768555642,0.06877075152833463,0.011461791921389105,0.017192687882083658,0.008596343941041829,0.034385375764167316,0.06877075152833463,0.034385375764167316,0.034385375764167316,0.10315612729250194,0.06877075152833463,0.034385375764167316
9,0.03085882022657463,0.16496020081249793,0.02062002510156224,0.04124005020312448,0.09279011295703009,0.06186007530468673,0.06186007530468673,0.030930037652343364,0.030930037652343364,0.030930037652343364,0.015465018826171682,0.09279011295703009,0.030930037652343364,0.015465018826171682,0.030930037652343364,0.09279011295703009,0.030930037652343364,0.030930037652343364,0.030930037652343364,0.030930037652343364,0.030930037652343364
10,0.04300662916531117,0.1290328140451266,0.0430109380150422,0.0430109380150422,0.0430109380150422,0.0430109380150422,0.0215054690075211,0.0215054690075211,0.028673958676694797,0.0860218760300844,0.0860218760300844,0.0860218760300844,0.0860218760300844,0.014336979338347398,0.01075273450376055,0.0430109380150422,0.0215054690075211,0.0430109380150422,0.0215054690075211,0.0430109380150422,0.0430109380150422
11,0.03644248932969611,0.08510918075321296,0.018237681589974207,0.07295072635989683,0.012158454393316137,0.07295072635989683,0.036475363179948414,0.07295072635989683,0.10942608953984524,0.07295072635989683,0.036475363179948414,0.07295072635989683,0.018237681589974207,0.018237681589974207,0.036475363179948414,0.036475363179948414,0.036475363179948414,0.07295072635989683,0.036475363179948414,0.036475363179948414,0.009118840794987104
12,0.03153239772008881,0.040578251492175046,0.015780431135845853,0.031560862271691706,0.012624344908676683,0.06312172454338341,0.06312172454338341,0.15780431135845852,0.12624344908676682,0.031560862271691706,0.031560862271691706,0.06312172454338341,0.06312172454338341,0.031560862271691706,0.015780431135845853,0.031560862271691706,0.031560862271691706,0.031560862271691706,0.031560862271691706,0.031560862271691706,0.06312172454338341
13,0.031611812645105354,0.1582333639468782,0.05063467646300103,0.06329334557875128,0.12658669115750257,0.02109778185958376,0.03164667278937564,0.03164667278937564,0.03164667278937564,0.06329334557875128,0.06329334557875128,0.03164667278937564,0.09494001836812692,0.03164667278937564,0.03164667278937564,0.03164667278937564,0.03164667278937564,0.01582333639468782,0.03164667278937564,0.01054889092979188,0.01582333639468782
14,0.03377664092762156,0.04507164357188937,0.016901866339458515,0.016901866339458515,0.016901866339458515,0.08450933169729256,0.03380373267891703,0.05070559901837554,0.02535279950918777,0.13521493071566812,0.06760746535783406,0.10141119803675108,0.06760746535783406,0.03380373267891703,0.016901866339458515,0.03380373267891703,0.10141119803675108,0.016901866339458515,0.03380373267891703,0.03380373267891703,0.03380373267891703
15,0.03083512757360131,0.05558672661818962,0.038601893484853905,0.046322272181824685,0.06176302957576625,0.09264454436364937,0.030881514787883126,0.046322272181824685,0.015440757393941563,0.010293838262627707,0.1235260591515325,0.030881514787883126,0.030881514787883126,0.030881514787883126,0.046322272181824685,0.06176302957576625,0.06176302957576625,0.030881514787883126,0.09264454436364937,0.030881514787883126,0.030881514787883126
16,0.03771402216114654,0.07547341002657675,0.028302528759966278,0.04717088126661046,0.03773670501328837,0.11321011503986511,0.018868352506644186,0.1509468200531535,0.025157803342192246,0.03773670501328837,0.018868352506644186,0.012578901671096123,0.07547341002657675,0.018868352506644186,0.03773670501328837,0.07547341002657675,0.03773670501328837,0.03773670501328837,0.03773670501328837,0.03773670501328837,0.03773670501328837
17,0.033640700187968345,0.134684222970318,0.026936844594063602,0.067342111485159,0.01683552787128975,0.013468422297031801,0.067342111485159,0.067342111485159,0.0336710557425795,0.134684222970318,0.0336710557425795,0.01683552787128975,0.067342111485159,0.01683552787128975,0.01683552787128975,0.0336710557425795,0.0336710557425795,0.1010131672277385,0.01683552787128975,0.0336710557425795,0.0336710557425795
18,0.0422020002291618,0.012054091239905675,0.056252425786226475,0.10547329834917464,0.08437863867933972,0.06328397900950479,0.02109465966983493,0.08437863867933972,0.04218931933966986,0.06328397900950479,0.08437863867933972,0.04218931933966986,0.04218931933966986,0.04218931933966986,0.04218931933966986,0.010547329834917464,0.04218931933966986,0.04218931933966986,0.014063106446556619,0.02109465966983493,0.04218931933966986
19,0.030705688684731926,0.13327156051928593,0.0922649265133518,0.018452985302670363,0.05125829250741766,0.0615099510089012,0.0307549755044506,0.0153774877522253,0.0307549755044506,0.0922649265133518,0.00768874387611265,0.0922649265133518,0.020503317002967064,0.0307549755044506,0.0615099510089012,0.0307549755044506,0.0922649265133518,0.0307549755044506,0.0307549755044506,0.0307549755044506,0.0153774877522253
20,0.02826058414086181,0.03773745304307333,0.25472780804074496,0.028303089782305,0.05660617956461,0.028303089782305,0.042454634673457496,0.028303089782305,0.08490926934691499,0.028303089782305,0.028303089782305,0.028303089782305,0.0141515448911525,0.0141515448911525,0.028303089782305,0.05660617956461,0.05660617956461,0.0141515448911525,0.05660617956461,0.05660617956461,0.028303089782305
21,0.028478249440549688,0.03992555139285412,0.0712956274872395,0.02138868824617185,0.01901216732993053,0.04753041832482633,0.02138868824617185,0.0855547529846874,0.009506083664965265,0.1711095059693748,0.1140730039795832,0.0285182509948958,0.0285182509948958,0.0285182509948958,0.0855547529846874,0.0855547529846874,0.0142591254974479,0.0142591254974479,0.0285182509948958,0.0285182509948958,0.0285182509948958
22,0.03490748063736632,0.06989203519825954,0.10483805279738931,0.10483805279738931,0.03494601759912977,0.03494601759912977,0.05824336266521628,0.006989203519825954,0.023297345066086512,0.06989203519825954,0.06989203519825954,0.017473008799564885,0.052419026398694654,0.011648672533043256,0.026209513199347327,0.06989203519825954,0.017473008799564885,0.017473008799564885,0.10483805279738931,0.03494601759912977,0.03494601759912977
23,0.04076086956521739,0.04076086956521739,0.08152173913043478,0.10190217391304349,0.020380434782608696,0.04076086956521739,0.04076086956521739,0.00815217391304348,0.04076086956521739,0.04076086956521739,0.08152173913043478,0.04076086956521739,0.01358695652173913,0.04076086956521739,0.04076086956521739,0.020380434782608696,0.04076086956521739,0.020380434782608696,0.12228260869565219,0.04076086956521739,0.08152173913043478
24,0.03195035145546882,0.053336068790332286,0.09600492382259813,0.042668855032265834,0.09600492382259813,0.06400328254839875,0.032001641274199376,0.032001641274199376,0.024001230955649534,0.032001641274199376,0.032001641274199376,0.032001641274199376,0.1280065650967975,0.016000820637099688,0.032001641274199376,0.032001641274199376,0.032001641274199376,0.06400328254839875,0.032001641274199376,0.06400328254839875,0.032001641274199376
25,0.02999793978456462,0.04004136471477544,0.024024818828865268,0.04504653530412238,0.015015511768040793,0.09009307060824476,0.030031023536081586,0.12012409414432634,0.030031023536081586,0.06006204707216317,0.02002068235738772,0.015015511768040793,0.09009307060824476,0.06006204707216317,0.015015511768040793,0.06006204707216317,0.09009307060824476,0.06006204707216317,0.06006204707216317,0.030031023536081586,0.015015511768040793
26,0.038687303170796834,0.06451763065967805,0.03871057839580684,0.05161410452774245,0.07742115679161368,0.01935528919790342,0.012903526131935612,0.05806586759371026,0.07742115679161368,0.01935528919790342,0.07742115679161368,0.07742115679161368,0.03871057839580684,0.01935528919790342,0.03871057839580684,0.03871057839580684,0.03871057839580684,0.01935528919790342,0.07742115679161368,0.07742115679161368,0.03871057839580684
27,0.03361600357672031,0.03923832932113084,0.20179712222295862,0.03363285370382644,0.011210951234608812,0.03363285370382644,0.011210951234608812,0.013453141481530576,0.050449280555739655,0.06726570740765288,0.050449280555739655,0.06726570740765288,0.01681642685191322,0.06726570740765288,0.03363285370382644,0.03363285370382644,0.06726570740765288,0.06726570740765288,0.03363285370382644,0.03363285370382644,0.03363285370382644
28,0.028923602866298283,0.07532964592384757,0.08691882221982412,0.028972940739941375,0.028972940739941375,0.028972940739941375,0.028972940739941375,0.05794588147988275,0.08691882221982412,0.028972940739941375,0.007243235184985344,0.04345941110991206,0.05794588147988275,0.019315293826627583,0.028972940739941375,0.1158917629597655,0.05794588147988275,0.014486470369970687,0.05794588147988275,0.028972940739941375,0.08691882221982412
29,0.034784487540611274,0.039785611505410615,0.06962482013446857,0.06092171761766,0.05221861510085143,0.02320827337815619,0.011604136689078094,0.01740620503361714,0.011604136689078094,0.08703102516808571,0.03481241006723428,0.03481241006723428,0.06962482013446857,0.06962482013446857,0.03481241006723428,0.01740620503361714,0.01740620503361714,0.03481241006723428,0.13924964026893713,0.06962482013446857,0.06962482013446857
30,0.03348709757219662,0.033520678696918035,0.04469423826255738,0.1676033934845902,0.06704135739383607,0.04469423826255738,0.033520678696918035,0.033520678696918035,0.033520678696918035,0.06704135739383607,0.033520678696918035,0.016760339348459018,0.06704135739383607,0.06704135739383607,0.033520678696918035,0.02234711913127869,0.06704135739383607,0.033520678696918035,0.033520678696918035,0.033520678696918035,0.033520678696918035
31,0.04024522585494882,0.07382729031885009,0.12080829324902742,0.08053886216601829,0.04026943108300914,0.06040414662451371,0.02013471554150457,0.026846287388672757,0.02013471554150457,0.04026943108300914,0.08053886216601829,0.02013471554150457,0.013423143694336379,0.02013471554150457,0.04026943108300914,0.04026943108300914,0.12080829324902742,0.04026943108300914,0.04026943108300914,0.02013471554150457,0.04026943108300914
32,0.03318303297318243,0.1440529578378066,0.0997289708107892,0.0997289708107892,0.016621495135131534,0.011080996756754355,0.041553737837828834,0.03324299027026307,0.0498644854053946,0.016621495135131534,0.02216199351350871,0.0997289708107892,0.0498644854053946,0.03324299027026307,0.06648598054052614,0.03324299027026307,0.0498644854053946,0.03324299027026307,0.016621495135131534,0.016621495135131534,0.03324299027026307
33,0.03474224702539111,0.04348007896282022,0.15652828426615278,0.05217609475538426,0.034784063170256174,0.034784063170256174,0.06956812634051235,0.034784063170256174,0.05217609475538426,0.011594687723418724,0.023189375446837447,0.034784063170256174,0.06956812634051235,0.10435218951076852,0.034784063170256174,0.034784063170256174,0.034784063170256174,0.034784063170256174,0.034784063170256174,0.034784063170256174,0.034784063170256174
34,0.035489229809339835,0.03550346393339853,0.07100692786679706,0.03550346393339853,0.0532551959000978,0.07100692786679706,0.017751731966699266,0.017751731966699266,0.008875865983349633,0.0266275979500489,0.14201385573359412,0.03550346393339853,0.017751731966699266,0.07100692786679706,0.07100692786679706,0.023668975955599022,0.07100692786679706,0.03550346393339853,0.1065103918001956,0.03550346393339853,0.017751731966699266
35,0.043923865300146414,0.07027818448023426,0.036603221083455345,0.021961932650073207,0.021961932650073207,0.06588579795021962,0.021961932650073207,0.08784773060029283,0.021961932650073207,0.13177159590043924,0.014641288433382138,0.043923865300146414,0.08784773060029283,0.021961932650073207,0.043923865300146414,0.021961932650073207,0.043923865300146414,0.043923865300146414,0.08784773060029283,0.043923865300146414,0.021961932650073207
36,0.04238655046779242,0.09187435309165091,0.10600886895190491,0.042403547580761966,0.021201773790380983,0.042403547580761966,0.042403547580761966,0.08480709516152393,0.08480709516152393,0.08480709516152393,0.042403547580761966,0.010600886895190492,0.042403547580761966,0.021201773790380983,0.014134515860253988,0.042403547580761966,0.042403547580761966,0.014134515860253988,0.021201773790380983,0.06360532137114294,0.042403547580761966
37,0.030338455985310354,0.06835734122296767,0.03038104054354119,0.12152416217416476,0.02025402702902746,0.12152416217416476,0.06076208108708238,0.03038104054354119,0.015190520271770595,0.06076208108708238,0.09114312163062356,0.06076208108708238,0.03038104054354119,0.03038104054354119,0.015190520271770595,0.06076208108708238,0.015190520271770595,0.03038104054354119,0.06076208108708238,0.03038104054354119,0.015190520271770595
38,0.03329459538884881,0.07500300553017551,0.1333386764980898,0.05000200368678368,0.0666693382490449,0.03333466912452245,0.05000200368678368,0.10000400737356736,0.016667334562261226,0.0666693382490449,0.016667334562261226,0.03333466912452245,0.0666693382490449,0.022223112749681632,0.016667334562261226,0.03333466912452245,0.011111556374840816,0.10000400737356736,0.03333466912452245,0.008333667281130613,0.03333466912452245
39,0.03105790905396336,0.10363017015465631,0.031089051046396896,0.12435620418558758,0.09326715313919069,0.06217810209279379,0.06217810209279379,0.010363017015465631,0.015544525523198448,0.015544525523198448,0.015544525523198448,0.015544525523198448,0.06217810209279379,0.06217810209279379,0.015544525523198448,0.06217810209279379,0.031089051046396896,0.031089051046396896,0.12435620418558758,0.015544525523198448,0.015544525523198448
40,0.04052104680725413,0.07094738738397065,0.03040602316455885,0.0810827284388236,0.0405413642194118,0.0810827284388236,0.0202706821097059,0.0202706821097059,0.027027576146274532,0.0202706821097059,0.013513788073137266,0.0810827284388236,0.0202706821097059,0.027027576146274532,0.0202706821097059,0.0810827284388236,0.0608120463291177,0.0405413642194118,0.1216240926582354,0.0608120463291177,0.0405413642194118
41,0.04594179118440962,0.040182957049994784,0.0612311726476111,0.06888506922856248,0.015307793161902774,0.09184675897141664,0.02296168974285416,0.04592337948570832,0.04592337948570832,0.09184675897141664,0.02296168974285416,0.03061558632380555,0.01836935179428333,0.04592337948570832,0.04592337948570832,0.03061558632380555,0.09184675897141664,0.04592337948570832,0.04592337948570832,0.04592337948570832,0.04592337948570832
42,0.0373418819310214,0.11208179899897548,0.022416359799795105,0.03736059966632517,0.07472119933265034,0.03736059966632517,0.018680299833162585,0.018680299833162585,0.05604089949948775,0.03736059966632517,0.018680299833162585,0.1120817989989755,0.07472119933265034,0.018680299833162585,0.024907066444216776,0.03736059966632517,0.03736059966632517,0.07472119933265034,0.018680299833162585,0.1120817989989755,0.018680299833162585
43,0.029063571017143772,0.024949115948167615,0.05821460387905777,0.014553650969764442,0.043660952909293324,0.05821460387905777,0.08732190581858665,0.14553650969764442,0.014553650969764442,0.11642920775811554,0.029107301939528884,0.05821460387905777,0.043660952909293324,0.029107301939528884,0.05821460387905777,0.029107301939528884,0.029107301939528884,0.05821460387905777,0.029107301939528884,0.014553650969764442,0.029107301939528884
44,0.03517039798360621,0.08451062207442867,0.035212759197678606,0.24648931438375024,0.035212759197678606,0.035212759197678606,0.035212759197678606,0.017606379598839303,0.07042551839535721,0.035212759197678606,0.035212759197678606,0.035212759197678606,0.05281913879651791,0.017606379598839303,0.035212759197678606,0.035212759197678606,0.035212759197678606,0.017606379598839303,0.05281913879651791,0.017606379598839303,0.035212759197678606
45,0.0332631911609735,0.10827896480391162,0.033316604555049735,0.019989962733029845,0.033316604555049735,0.05552767425841622,0.033316604555049735,0.06663320911009947,0.06663320911009947,0.13326641822019894,0.06663320911009947,0.033316604555049735,0.033316604555049735,0.033316604555049735,0.016658302277524868,0.033316604555049735,0.033316604555049735,0.06663320911009947,0.033316604555049735,0.033316604555049735,0.033316604555049735
46,0.03700844963800518,0.055557204828576616,0.024692091034922942,0.05555720482857662,0.037038136552384415,0.049384182069845885,0.037038136552384415,0.037038136552384415,0.037038136552384415,0.037038136552384415,0.037038136552384415,0.14815254620953766,0.07407627310476883,0.037038136552384415,0.037038136552384415,0.018519068276192208,0.018519068276192208,0.11111440965715325,0.037038136552384415,0.037038136552384415,0.037038136552384415
47,0.03403483730412126,0.11932510833302032,0.051139332142722996,0.03409288809514866,0.10227866428544599,0.0568214801585811,0.045457184126864884,0.03409288809514866,0.03409288809514866,0.01704644404757433,0.03409288809514866,0.06818577619029732,0.10227866428544599,0.01704644404757433,0.011364296031716221,0.03409288809514866,0.051139332142722996,0.03409288809514866,0.051139332142722996,0.03409288809514866,0.03409288809514866
48,0.025955613416186716,0.08456752243269972,0.10408310453255351,0.03903116419970756,0.01951558209985378,0.03469436817751784,0.052041552266276755,0.026020776133138378,0.026020776133138378,0.10408310453255351,0.07806232839941513,0.026020776133138378,0.10408310453255351,0.013010388066569189,0.052041552266276755,0.07806232839941513,0.052041552266276755,0.013010388066569189,0.015612465679883029,0.026020776133138378,0.026020776133138378
49,0.03446608480611748,0.034483354114067236,0.2069001246844034,0.017241677057033618,0.02298890274271149,0.04597780548542298,0.05172503117110085,0.06896670822813447,0.034483354114067236,0.02298890274271149,0.017241677057033618,0.011494451371355746,0.034483354114067236,0.1034500623422017,0.06896670822813447,0.034483354114067236,0.017241677057033618,0.06896670822813447,0.05172503117110085,0.017241677057033618,0.034483354114067236
50,0.02860199459300042,0.04502266036296487,0.057301567734682556,0.01910052257822752,0.1432539193367064,0.028650783867341278,0.028650783867341278,0.028650783867341278,0.057301567734682556,0.01910052257822752,0.08595235160202383,0.028650783867341278,0.11460313546936511,0.028650783867341278,0.014325391933670639,0.08595235160202383,0.014325391933670639,0.028650783867341278,0.08595235160202383,0.028650783867341278,0.028650783867341278
51,0.03871974223585065,0.054229376529340866,0.11620580684858757,0.07747053789905839,0.038735268949529195,0.02582351263301946,0.038735268949529195,0.038735268949529195,0.02582351263301946,0.02582351263301946,0.02582351263301946,0.058102903424293785,0.07747053789905839,0.019367634474764597,0.019367634474764597,0.038735268949529195,0.009683817237382299,0.07747053789905839,0.11620580684858757,0.038735268949529195,0.038735268949529195
52,0.03347090312264219,0.11173746784709337,0.06704248070825604,0.03352124035412802,0.01676062017706401,0.03352124035412802,0.050281860531192026,0.06704248070825604,0.10056372106238405,0.03352124035412802,0.01676062017706401,0.06704248070825604,0.06704248070825604,0.06704248070825604,0.03352124035412802,0.03352124035412802,0.03352124035412802,0.03352124035412802,0.03352124035412802,0.03352124035412802,0.03352124035412802
53,0.0275959314826538,0.04608550087759934,0.08295390157967882,0.027651300526559605,0.05530260105311921,0.08295390157967882,0.027651300526559605,0.08295390157967882,0.013825650263279803,0.05530260105311921,0.05530260105311921,0.08295390157967882,0.027651300526559605,0.013825650263279803,0.05530260105311921,0.05530260105311921,0.05530260105311921,0.027651300526559605,0.04147695078983941,0.05530260105311921,0.027651300526559605
54,0.03483314214507404,0.06977109815818743,0.08721387269773427,0.06977109815818743,0.06977109815818743,0.06977109815818743,0.03488554907909371,0.03488554907909371,0.03488554907909371,0.03488554907909371,0.06977109815818743,0.023257032719395804,0.052328323618640565,0.017442774539546856,0.03488554907909371,0.03488554907909371,0.017442774539546856,0.06977109815818743,0.06977109815818743,0.03488554907909371,0.03488554907909371
55,0.038946020947794605,0.07792329559882746,0.019480823899706866,0.06493607966568955,0.058442471699120604,0.058442471699120604,0.029221235849560302,0.009740411949853433,0.03896164779941373,0.11688494339824121,0.019480823899706866,0.019480823899706866,0.03896164779941373,0.03896164779941373,0.03896164779941373,0.07792329559882746,0.019480823899706866,0.03896164779941373,0.11688494339824121,0.03896164779941373,0.03896164779941373
56,0.03255815472225488,0.09783119783707535,0.06522079855805024,0.0815259981975628,0.06522079855805024,0.03261039927902512,0.01630519963951256,0.04891559891853768,0.021740266186016745,0.06522079855805024,0.03261039927902512,0.09783119783707536,0.09783119783707536,0.03261039927902512,0.03261039927902512,0.01630519963951256,0.03261039927902512,0.03261039927902512,0.03261039927902512,0.03261039927902512,0.03261039927902512
57,0.03808055972547816,0.047619774271015936,0.03809581941681275,0.09523954854203187,0.02539721294454183,0.11428745825043823,0.03809581941681275,0.0761916388336255,0.019047909708406374,0.03809581941681275,0.11428745825043823,0.012698606472270915,0.03809581941681275,0.03809581941681275,0.03809581941681275,0.03809581941681275,0.019047909708406374,0.019047909708406374,0.03809581941681275,0.0761916388336255,0.03809581941681275
58,0.03678975010321395,0.15654468688571094,0.03683404397310845,0.014733617589243382,0.018417021986554226,0.05525106595966268,0.03683404397310845,0.03683404397310845,0.018417021986554226,0.024556029315405636,0.04911205863081127,0.0736680879462169,0.03683404397310845,0.03683404397310845,0.03683404397310845,0.018417021986554226,0.018417021986554226,0.0736680879462169,0.11050213191932536,0.0736680879462169,0.03683404397310845
59,0.03623627664812625,0.04229684052327972,0.060424057890399605,0.027190826050679823,0.10876330420271929,0.01208481157807992,0.07250886946847952,0.07250886946847952,0.02416962315615984,0.054381652101359645,0.01812721736711988,0.07250886946847952,0.03625443473423976,0.03625443473423976,0.03625443473423976,0.07250886946847952,0.03625443473423976,0.10876330420271929,0.01812721736711988,0.01812721736711988,0.03625443473423976
60,0.037710391900089006,0.07547369475293421,0.037736847376467104,0.07547369475293421,0.037736847376467104,0.037736847376467104,0.018868423688233552,0.025157898250978066,0.037736847376467104,0.09434211844116776,0.037736847376467104,0.018868423688233552,0.07547369475293421,0.037736847376467104,0.012578949125489033,0.07547369475293421,0.07547369475293421,0.037736847376467104,0.037736847376467104,0.07547369475293421,0.037736847376467104
61,0.026555669456916977,0.05987015244798005,0.06652239160886672,0.013304478321773346,0.013304478321773346,0.035478608858062255,0.05321791328709338,0.07982686993064007,0.05321791328709338,0.07982686993064007,0.13304478321773344,0.02660895664354669,0.10643582657418676,0.02660895664354669,0.02660895664354669,0.02660895664354669,0.02660895664354669,0.05321791328709338,0.03991343496532004,0.02660895664354669,0.02660895664354669
62,0.027467448869082204,0.048145175798560286,0.016506917416649242,0.08253458708324621,0.13755764513874366,0.11004611611099493,0.013755764513874367,0.027511529027748734,0.05502305805549747,0.041267293541623104,0.027511529027748734,0.027511529027748734,0.027511529027748734,0.08253458708324621,0.013755764513874367,0.027511529027748734,0.05502305805549747,0.027511529027748734,0.08253458708324621,0.027511529027748734,0.041267293541623104
63,0.03883764819492289,0.054405416139910026,0.09067569356651671,0.1165830345855215,0.025907341019004774,0.01943050576425358,0.07772202305701433,0.01943050576425358,0.01943050576425358,0.03886101152850716,0.03886101152850716,0.03886101152850716,0.03886101152850716,0.03886101152850716,0.03886101152850716,0.03886101152850716,0.03886101152850716,0.01943050576425358,0.07772202305701433,0.1165830345855215,0.012953670509502387
64,0.03424259579712493,0.1028617353588861,0.0571454085327145,0.017143622559814352,0.1714362255981435,0.0457163268261716,0.034287245119628704,0.06857449023925741,0.0228581634130858,0.034287245119628704,0.034287245119628704,0.06857449023925741,0.017143622559814352,0.034287245119628704,0.034287245119628704,0.034287245119628704,0.034287245119628704,0.017143622559814352,0.034287245119628704,0.06857449023925741,0.034287245119628704
65,0.030879792110356685,0.04123915778253802,0.10825278917916231,0.061858736673807035,0.030929368336903518,0.04639405250535528,0.030929368336903518,0.061858736673807035,0.030929368336903518,0.02061957889126901,0.030929368336903518,0.061858736673807035,0.030929368336903518,0.061858736673807035,0.010309789445634505,0.061858736673807035,0.061858736673807035,0.061858736673807035,0.061858736673807035,0.061858736673807035,0.030929368336903518
66,0.03735793139493715,0.14953663201632045,0.09346039501020029,0.03738415800408011,0.024922772002720073,0.07476831600816022,0.009346039501020028,0.012461386001360037,0.018692079002040056,0.03738415800408011,0.03738415800408011,0.03738415800408011,0.03738415800408011,0.07476831600816022,0.03738415800408011,0.03738415800408011,0.018692079002040056,0.018692079002040056,0.11215247401224034,0.018692079002040056,0.07476831600816022
67,0.03644144770937123,0.021871442548841512,0.07290480849613837,0.14580961699227674,0.036452404248069184,0.036452404248069184,0.036452404248069184,0.012150801416023059,0.07290480849613837,0.036452404248069184,0.05467860637210377,0.036452404248069184,0.036452404248069184,0.036452404248069184,0.07290480849613837,0.036452404248069184,0.036452404248069184,0.036452404248069184,0.036452404248069184,0.036452404248069184,0.07290480849613837
68,0.033110655451993314,0.2320534426915216,0.011050163937691504,0.09945147543922354,0.02210032787538301,0.06630098362614903,0.016575245906537257,0.04972573771961177,0.033150491813074515,0.06630098362614903,0.033150491813074515,0.02210032787538301,0.016575245906537257,0.016575245906537257,0.06630098362614903,0.016575245906537257,0.033150491813074515,0.033150491813074515,0.06630098362614903,0.033150491813074515,0.033150491813074515
69,0.033518077584520994,0.09396352023483823,0.0335584000838708,0.011186133361290266,0.1342336003354832,0.0335584000838708,0.0335584000838708,0.0671168001677416,0.0335584000838708,0.022372266722580532,0.10067520025161239,0.0671168001677416,0.0167792000419354,0.0167792000419354,0.0671168001677416,0.0335584000838708,0.0167792000419354,0.0167792000419354,0.10067520025161239,0.0335584000838708,0.0335584000838708
70,0.023298346582780568,0.25682194870731667,0.029184312353104168,0.1400846992949,0.04669489976496667,0.07004234964745,0.035021174823725,0.011673724941241668,0.005836862470620834,0.035021174823725,0.031129933176644444,0.023347449882483336,0.023347449882483336,0.07004234964745,0.011673724941241668,0.011673724941241668,0.023347449882483336,0.023347449882483336,0.07004234964745,0.04669489976496667,0.011673724941241668
71,0.031488147198486124,0.031513400850374636,0.18908040510224783,0.031513400850374636,0.042017867800499514,0.06302680170074927,0.012605360340149856,0.06302680170074927,0.031513400850374636,0.06302680170074927,0.031513400850374636,0.06302680170074927,0.015756700425187318,0.031513400850374636,0.09454020255112391,0.031513400850374636,0.015756700425187318,0.031513400850374636,0.06302680170074927,0.031513400850374636,0.031513400850374636
72,0.034298368863919425,0.1716294368132845,0.0343258873626569,0.057209812271094826,0.027460709890125518,0.0343258873626569,0.1373035494506276,0.0686517747253138,0.011441962454218964,0.0343258873626569,0.0343258873626569,0.0686517747253138,0.0343258873626569,0.011441962454218964,0.0343258873626569,0.02288392490843793,0.0343258873626569,0.011441962454218964,0.0343258873626569,0.0686517747253138,0.0343258873626569
73,0.03574649010522967,0.09535263385856814,0.028605790157570442,0.005959539616160509,0.035757237696963054,0.011919079232321017,0.017878618848481527,0.07151447539392611,0.05363585654544458,0.017878618848481527,0.05363585654544458,0.07151447539392611,0.017878618848481527,0.14302895078785222,0.035757237696963054,0.035757237696963054,0.035757237696963054,0.07151447539392611,0.10727171309088916,0.035757237696963054,0.017878618848481527
74,0.03353931884514953,0.13438618973184477,0.16798273716480597,0.044795396577281585,0.05039482114944179,0.08399136858240298,0.055994245721601985,0.016798273716480596,0.02015792845977672,0.03359654743296119,0.03359654743296119,0.06719309486592238,0.016798273716480596,0.022397698288640792,0.016798273716480596,0.016798273716480596,0.06719309486592238,0.016798273716480596,0.03359654743296119,0.03359654743296119,0.03359654743296119
75,0.03548237353068291,0.035503716311754,0.035503716311754,0.035503716311754,0.053255574467631,0.106511148935262,0.047338288415671996,0.035503716311754,0.011834572103917999,0.17751858155877,0.035503716311754,0.017751858155877,0.035503716311754,0.071007432623508,0.035503716311754,0.035503716311754,0.035503716311754,0.035503716311754,0.071007432623508,0.017751858155877,0.035503716311754
76,0.061367781986146216,0.07149538113272008,0.02451270210264689,0.045961316442462916,0.02042725175220574,0.03064087762830861,0.03064087762830861,0.06128175525661722,0.06128175525661722,0.06128175525661722,0.06128175525661722,0.06128175525661722,0.02042725175220574,0.06128175525661722,0.02042725175220574,0.06128175525661722,0.06128175525661722,0.03064087762830861,0.03064087762830861,0.06128175525661722,0.06128175525661722
77,0.03577186052166071,0.11933516577702218,0.023867033155404435,0.08950137433276664,0.011933516577702218,0.03580054973310665,0.03580054973310665,0.021480329839863997,0.017900274866553326,0.0716010994662133,0.017900274866553326,0.03580054973310665,0.0716010994662133,0.03580054973310665,0.03580054973310665,0.10740164919931997,0.03580054973310665,0.017900274866553326,0.0716010994662133,0.0716010994662133,0.03580054973310665
78,0.03405792977863768,0.09091219484436351,0.028410060888863598,0.06818414613327264,0.01704603653331816,0.051138109599954476,0.03409207306663632,0.1704603653331816,0.03409207306663632,0.03409207306663632,0.01704603653331816,0.03409207306663632,0.03409207306663632,0.06818414613327264,0.03409207306663632,0.03409207306663632,0.011364024355545439,0.06818414613327264,0.03409207306663632,0.03409207306663632,0.06818414613327264
79,0.03724552097634349,0.037267915317044764,0.06211319219507461,0.05590187297556715,0.037267915317044764,0.018633957658522382,0.037267915317044764,0.07453583063408953,0.024845276878029843,0.1118037459511343,0.07453583063408953,0.05590187297556715,0.037267915317044764,0.018633957658522382,0.037267915317044764,0.037267915317044764,0.07453583063408953,0.07453583063408953,0.037267915317044764,0.018633957658522382,0.037267915317044764
80,0.030958633832661692,0.08264745127226768,0.02066186281806692,0.01859567653626023,0.12397117690840152,0.01549639711355019,0.04648919134065057,0.09297838268130114,0.04648919134065057,0.09297838268130114,0.01549639711355019,0.03099279422710038,0.01033093140903346,0.03099279422710038,0.06198558845420076,0.01549639711355019,0.03099279422710038,0.03099279422710038,0.04648919134065057,0.12397117690840152,0.03099279422710038
81,0.0349797968777738,0.05503441925694888,0.04903066442891808,0.05253285474526938,0.04669587088468389,0.14008761265405167,0.10506570949053876,0.02626642737263469,0.01751095158175646,0.01751095158175646,0.05253285474526938,0.03502190316351292,0.03502190316351292,0.03502190316351292,0.03502190316351292,0.01751095158175646,0.03502190316351292,0.03502190316351292,0.07004380632702584,0.07004380632702584,0.03502190316351292
82,0.03245676946759279,0.06497212516166137,0.1137012190329074,0.032486062580830685,0.04872909387124603,0.008121515645207671,0.12994425032332274,0.016243031290415343,0.016243031290415343,0.006497212516166138,0.08121515645207672,0.032486062580830685,0.032486062580830685,0.06497212516166137,0.032486062580830685,0.016243031290415343,0.010828687526943562,0.09745818774249206,0.06497212516166137,0.032486062580830685,0.06497212516166137
83,0.041954013321671264,0.04195821839467133,0.12587465518401397,0.027972145596447548,0.08391643678934266,0.020979109197335664,0.020979109197335664,0.055944291192895096,0.020979109197335664,0.04195821839467133,0.08391643678934266,0.013986072798223774,0.04195821839467133,0.020979109197335664,0.04195821839467133,0.04195821839467133,0.04195821839467133,0.08391643678934266,0.04195821839467133,0.020979109197335664,0.08391643678934266
84,0.024580503471897434,0.12321088377197084,0.03080272094299271,0.14785306052636502,0.024642176754394167,0.06160544188598542,0.036963265131591254,0.049284353508788334,0.07392653026318251,0.09856870701757667,0.036963265131591254,0.024642176754394167,0.008214058918131388,0.024642176754394167,0.024642176754394167,0.024642176754394167,0.049284353508788334,0.024642176754394167,0.07392653026318251,0.012321088377197083,0.024642176754394167
85,0.035524408959617886,0.05687325352572278,0.04265494014429209,0.035545783453576736,0.023697188969051156,0.17772891726788367,0.023697188969051156,0.0533186751803651,0.1066373503607302,0.011848594484525578,0.035545783453576736,0.035545783453576736,0.017772891726788368,0.035545783453576736,0.035545783453576736,0.023697188969051156,0.07109156690715347,0.017772891726788368,0.07109156690715347,0.017772891726788368,0.07109156690715347
86,0.03868730541275769,0.06451763050921089,0.03871057830552654,0.05806586745828981,0.03871057830552654,0.03871057830552654,0.03871057830552654,0.05806586745828981,0.025807052203684358,0.11613173491657962,0.07742115661105307,0.025807052203684358,0.012903526101842179,0.07742115661105307,0.03871057830552654,0.03871057830552654,0.03871057830552654,0.03871057830552654,0.07742115661105307,0.01935528915276327,0.03871057830552654
87,0.024840387430315487,0.06639384596219128,0.0746930767074652,0.12448846117910865,0.012448846117910865,0.0746930767074652,0.012448846117910865,0.12448846117910865,0.02489769223582173,0.012448846117910865,0.04979538447164346,0.02489769223582173,0.0746930767074652,0.04979538447164346,0.04979538447164346,0.0746930767074652,0.02489769223582173,0.02489769223582173,0.02489769223582173,0.02489769223582173,0.02489769223582173
88,0.04211020905987066,0.06619971330057439,0.08425418056436738,0.021063545141091846,0.06319063542327555,0.04212709028218369,0.04212709028218369,0.014042363427394565,0.04212709028218369,0.014042363427394565,0.08425418056436738,0.04212709028218369,0.04212709028218369,0.08425418056436738,0.021063545141091846,0.04212709028218369,0.04212709028218369,0.04212709028218369,0.08425418056436738,0.04212709028218369,0.04212709028218369
89,0.03546521487008421,0.07692608715760064,0.08876086979723152,0.07100869583778521,0.035504347918892606,0.035504347918892606,0.035504347918892606,0.05325652187833891,0.011834782639630868,0.07100869583778521,0.07100869583778521,0.035504347918892606,0.011834782639630868,0.10651304375667782,0.017752173959446303,0.035504347918892606,0.10651304375667782,0.035504347918892606,0.017752173959446303,0.035504347918892606,0.011834782639630868
90,0.03418103941303637,0.047891849285303975,0.05701410629202854,0.06841692755043426,0.005701410629202854,0.03420846377521713,0.06841692755043426,0.051312695662825696,0.03420846377521713,0.17104231887608565,0.03420846377521713,0.10262539132565139,0.03420846377521713,0.017104231887608564,0.017104231887608564,0.03420846377521713,0.03420846377521713,0.017104231887608564,0.06841692755043426,0.03420846377521713,0.03420846377521713
91,0.037075663109696635,0.051916331385613274,0.014833237538746652,0.018541546923433315,0.03708309384686663,0.05562464077029994,0.03708309384686663,0.012361031282288874,0.11124928154059988,0.012361031282288874,0.11124928154059988,0.05562464077029994,0.03708309384686663,0.07416618769373326,0.07416618769373326,0.03708309384686663,0.03708309384686663,0.03708309384686663,0.07416618769373326,0.03708309384686663,0.03708309384686663
92,0.029970852489557977,0.030000901469395113,0.2400072117551609,0.015000450734697557,0.04500135220409267,0.030000901469395113,0.030000901469395113,0.01000030048979837,0.030000901469395113,0.030000901469395113,0.04500135220409267,0.060001802938790226,0.015000450734697557,0.060001802938790226,0.030000901469395113,0.030000901469395113,0.030000901469395113,0.030000901469395113,0.12000360587758045,0.060001802938790226,0.030000901469395113
