,0,1,2,3,4,5,6,7,8,9,10,11,12,13,14,15,16,17,18,19,20
0,0.003917810707161457,0.014185103493009494,0.005030315233254726,0.02653057637676932,0.01496085134028345,0.039040697783215866,0.06419565302376172,0.08856823993447803,0.10714819245612527,0.0064830355807894945,0.04511272096454702,0.0797912071481784,0.04288777384214589,0.050724410258484835,0.0059843405361133814,0.041225457026558845,0.038565750121619564,0.17803413094937304,0.047874724288907045,0.09840915548275335,0.0013298534524696403
1,0.003468228571452625,0.01751531638338496,0.007528971818529655,0.020060747279634934,0.011091788839798151,0.03637796479626107,0.05921222628114468,0.04411506924919719,0.08205402880350676,0.009999415696484697,0.04411506924919719,0.041468165094245356,0.01367567146725113,0.060702335286895344,0.016763726314694933,0.05646728863897241,0.03670373761533206,0.24986775222745294,0.03882126093929353,0.13587441328752736,0.014116822159743102
2,0.004438860152919035,0.01364920821452444,0.006022672209766181,0.025408148384951073,0.01294874525099729,0.038394535337259394,0.041907760792956335,0.05928567956488583,0.06033426981569334,0.007644160881626306,0.09292122837924964,0.05363942436823004,0.013961649213548871,0.05570971794033716,0.005269838183545408,0.050138746146303446,0.035232632427132156,0.30263927854075057,0.027102024943947815,0.09034008314649268,0.0030113361048830904
3,0.003990277118942129,0.017860617804902185,0.007509577940697509,0.02870456432930708,0.011597803769417001,0.037982807344840684,0.0746898562750455,0.04343377511646668,0.1238065552385265,0.020296156596479757,0.03653308187366356,0.06819508616417197,0.020296156596479754,0.10452520647187073,0.029429427064895642,0.08037278012205983,0.07036000953446314,0.11974732391923054,0.03653308187366356,0.05601739220628412,0.008118462638591901
4,0.00457417443414822,0.012905531862302552,0.00807743103757201,0.03007415232776811,0.015502140375138201,0.04757964622830879,0.06761318148233354,0.035513994313952975,0.09611327032585684,0.00620085615005528,0.041498037311908424,0.04805663516292842,0.03836779742846704,0.08836220013828774,0.004185577901287315,0.06627165010371582,0.10929008964472431,0.19532696872674135,0.03953045795660241,0.04185577901287314,0.003100428075027641
5,0.003921584081498821,0.013474476891180618,0.006267556679669156,0.023510834626127363,0.013028920855312248,0.035041339618150286,0.035452845864795225,0.029343560818451048,0.12962446769315755,0.00697977902963156,0.06032523304181563,0.027612312644696286,0.015953780639157852,0.037491384502020955,0.015953780639157852,0.08615041545145241,0.031242820418350793,0.2983356979522519,0.03390178385821044,0.0943932021150173,0.0019942225798947315
6,0.004086628051990923,0.015867388993198714,0.005319353262481855,0.035620669168405276,0.01302133350711704,0.026596766312409276,0.05742483635633821,0.09558212893522083,0.10804936314416268,0.004155744736313949,0.06233617104470923,0.04340444502372346,0.029090213154197648,0.05333205744936235,0.00571414901243168,0.038157292578882625,0.09973787367153478,0.19480053451471638,0.023549220172445713,0.07584234143772955,0.008311489472627899
7,0.0032332923388089492,0.012626428771157185,0.0034074844244093715,0.025881215030456463,0.015690697508686124,0.03138139501737225,0.04159480987037646,0.020973654129554233,0.08929959181210766,0.009211957892196369,0.03520283908803613,0.02841350648567062,0.010281203004683447,0.060316390960809554,0.016449924807493514,0.13817936838294553,0.09376457140271303,0.19794742851683864,0.037834827057235086,0.12501942853695072,0.0032899849614987033
8,0.0035130515701262063,0.011082448619514202,0.006093461054288072,0.0148376584823248,0.011226376523663737,0.058491973137497995,0.04388492641068552,0.03766866833559899,0.07421882257311026,0.0024557698645514426,0.055621592776333974,0.08662170067690543,0.019050820767429373,0.043757353950189336,0.009185217155724876,0.06286770853251693,0.04357875250549469,0.29915741986353933,0.06429652009007412,0.04703171376959127,0.005358043340839511
9,0.0035778801639490838,0.010161528979413975,0.006066584465321777,0.017506429457071412,0.009706535144514842,0.08250554872837616,0.0658831072933945,0.02707213317649843,0.09567870356736059,0.005956282929588654,0.0360686021847313,0.05277928484829946,0.019655733667642557,0.04185943281072026,0.01031319359104702,0.08080690507808606,0.09281874231942318,0.18615747759301682,0.09099876697982665,0.06260715168212075,0.0018199753395965331
10,0.0038348093571103185,0.013230901104484202,0.006280670089512814,0.03123360260730697,0.015616801303653486,0.0342191675624172,0.041726140983199156,0.04489830374800377,0.08328960695281859,0.004461943229615281,0.07743330646394854,0.10801620901693662,0.017568901466610172,0.0956529079848776,0.008923886459230562,0.05410106165908529,0.05368275448130886,0.17178481434018833,0.029932202498669184,0.10020780836510987,0.0039042003259133714
11,0.0035623797226893923,0.014001509200740605,0.0036262901527097974,0.01916753366432321,0.011105513592673755,0.024578188812810844,0.051070252983996305,0.033543183912565624,0.09583766832161607,0.009267185945813926,0.0673453885503248,0.07760260926798968,0.020548977532022186,0.04270963957635983,0.010878870458129393,0.04633592972906963,0.03565851983497967,0.36172244273280224,0.02357088599261368,0.04424073986305953,0.0036262901527097974
12,0.004110548431010263,0.011121243158575314,0.004182347854506955,0.035811353504215805,0.017326869682957387,0.02990378715972473,0.05130346701528532,0.034504369799682376,0.08411166240730653,0.009973291037670433,0.037641130690562595,0.06343227579335549,0.025094087127041732,0.07695520052292798,0.004600582639957651,0.05795539169816781,0.03624701473906028,0.28189024539376883,0.04600582639957651,0.08573813101739258,0.0020911739272534775
13,0.004716348557451099,0.02073304558367029,0.007436480812655295,0.031185242117586717,0.023116333317931417,0.040357372152171056,0.06636859219896661,0.05059423896000084,0.07036670016275978,0.006796783538448388,0.05103039619241464,0.04989638738813876,0.019190918226207214,0.040998779846897225,0.007796310529396679,0.07744906284147911,0.04917672795465598,0.25565044637054607,0.03358410689586262,0.07916253768310474,0.01439318866965541
14,0.004420921505520064,0.01620812699769555,0.006834601164963751,0.018628142272927518,0.011562295203886045,0.04012215258784389,0.06482379394400925,0.03886215887972809,0.060183228881765825,0.010191949105647698,0.050278465507807506,0.054456982966450934,0.04496448134844574,0.06295027388782402,0.008350546536139921,0.08618192258452098,0.02697868880906744,0.18266820547806073,0.035971585078756585,0.17311325319151605,0.0022482240674222866
15,0.003648056680761783,0.011877858063799223,0.006852610421422628,0.025982814514560797,0.01754683577606703,0.027936409590843564,0.04058268171798068,0.04194368628779101,0.05072835214747584,0.005139457816066972,0.06310112096393336,0.03201453931258384,0.03804626411060688,0.08166027418861965,0.01113549193481177,0.08611447096254436,0.04639788306171571,0.29917354998194295,0.03340647580443531,0.07423661289874514,0.0024745537632915047
16,0.003295553151919567,0.017886145358050914,0.003085360074263783,0.018445087400490008,0.011737782891220915,0.028893004039928408,0.033722836560491826,0.028377057539215395,0.06539621896537366,0.004192065318293183,0.05114319688317683,0.03982462052378524,0.011924096905367276,0.03577229071610183,0.012296724933660005,0.036890174800980016,0.042759066246590476,0.25890195405778704,0.02850604416439365,0.2649385281161292,0.0020121913527807282
17,0.004084108268747401,0.018887557236385515,0.005477391598551799,0.020430041077356995,0.011426972128013236,0.04762570201605517,0.04392706168690802,0.06470337464693209,0.12119515893347371,0.006779638965902589,0.03878245085871159,0.09058472450570494,0.02493157555202888,0.05401841369606256,0.008904134125724598,0.038643942105644764,0.08172016430942798,0.1963361574722274,0.045707888512052944,0.07375591100808543,0.0020776312960024065
18,0.004366153091221418,0.01901421869878557,0.003668881297639361,0.022761546471538933,0.01005131192067958,0.04790234867181016,0.049742306435363134,0.040341602689394206,0.09030597299277235,0.00555159670037535,0.03928822280265632,0.07254086355157123,0.03997149624270251,0.0826077589015852,0.010362980507367319,0.06661916040450419,0.062177883044203915,0.2087400359341131,0.03997149624270251,0.08290384405893855,0.00111031934007507
19,0.0033995133107303094,0.0129783403622726,0.005768151272121156,0.019727077350654355,0.00677130801509875,0.055374252212363105,0.04131438348656778,0.025841317699102785,0.06437256819687212,0.006460329424775696,0.03460890763272694,0.11536302544242315,0.027687126106181553,0.035906741668954203,0.0124592067477817,0.050615527412863154,0.04153068915927233,0.33311073596499674,0.01903489919799982,0.08536863882739311,0.002307260508848463
20,0.0047175822824498765,0.019907703654510635,0.0058095319405315335,0.02788094210797535,0.017596988051754938,0.0395932231164486,0.06558877364745022,0.04199281239623337,0.06275848885590922,0.015597330318600963,0.11230077829392696,0.059389834674672896,0.020263198362626897,0.06878822602049657,0.008798494025877467,0.10942127115818524,0.03633663766531214,0.18823444794756033,0.019196714238278113,0.06622866412205948,0.009598357119139056
21,0.00464369513937881,0.017454094182414837,0.005395645039997092,0.02285055674438768,0.008992741733328485,0.035408920574980914,0.07789962526495803,0.03934324508331213,0.06806381399412997,0.009105151004995092,0.05240520245097175,0.0739653007566268,0.038949812632479,0.10386616701994401,0.016524162934991093,0.08262081467495547,0.03169941460998291,0.2112732260973861,0.011016108623327397,0.08498140937995419,0.0035408920574980913
22,0.0037033366932889287,0.014700912219510637,0.0037663494116101635,0.02180518080405884,0.01673933071826739,0.0392328063709392,0.11047958274056478,0.044819557998160946,0.07281608862446315,0.007951182091177011,0.05197562188022026,0.05225809808609101,0.02711771576359318,0.025495288324745725,0.004896254235093212,0.0783400677614914,0.030130795292881308,0.3267308114571817,0.012805587999474555,0.05197562188022026,0.002259809646966098
23,0.002893505460514817,0.011691146727309637,0.005545036706236716,0.020129638459619743,0.007364501875470637,0.03374280859306547,0.03093090787697668,0.03564418907727789,0.03448319701690958,0.00795366202550829,0.024699406290039992,0.058326854853727454,0.022388085701430742,0.0520424799199925,0.004284801091182917,0.07246669845463108,0.11488622925734196,0.3603696251063632,0.011783203000753022,0.07953662025508289,0.008837402250564766
24,0.003712197075659736,0.013432159982161561,0.007339402447769323,0.022685425747650634,0.020322360565603693,0.03125547547454088,0.0798716031531866,0.06535563132061253,0.05923416722997665,0.010179357707279131,0.037809042912751056,0.09452260728187764,0.031003415188455872,0.049691884971044244,0.006301507152125176,0.05293266007785148,0.06175477009082672,0.21119051112693804,0.08317989440805233,0.05444502179436153,0.003780904291275106
25,0.004517974572162493,0.01517703773045679,0.003829886281746725,0.030639090253973798,0.009574715704366814,0.046615187314974424,0.08017228616456477,0.04251173772738865,0.04289472635556332,0.01641379835034311,0.03676690830476856,0.05974622599524891,0.02297931769048035,0.06709960765620263,0.014444142548301933,0.13328004260478604,0.06204415776429694,0.16728943278669697,0.030639090253973798,0.108768770401607,0.00459586353809607
26,0.003704635310406479,0.012558036746297732,0.00565111653583398,0.02211306470543731,0.010046429397038184,0.028809613712094798,0.029242285566379003,0.04730193841105478,0.09364707402239164,0.006665419503804181,0.05818557025784615,0.05274375433445047,0.022604466143335916,0.034743901664757056,0.014316161890779415,0.06844130026732265,0.035790404726948534,0.19159976064351394,0.028255582679169892,0.22981207245724847,0.0037674110238893194
27,0.004037363774312339,0.015907560747535656,0.004668835559556672,0.023570247730140846,0.010528224186800297,0.042982018443672505,0.07806293055578756,0.024651451754459226,0.10425509804490048,0.023281926656989273,0.07737816800705258,0.09449723172542705,0.015064776072169528,0.06779149232476288,0.010682295760265666,0.06008791365149437,0.07190006761717276,0.18694017580464917,0.03697717763168885,0.038517893366342544,0.008217150584819744
28,0.0024869893600668676,0.01599527832483947,0.004050602856362225,0.009367019105337646,0.007594880355679172,0.03268100031837705,0.03981558489492415,0.03215166017237516,0.022784641067037516,0.0034522183434905324,0.03869772371703197,0.08269980831739543,0.017721387496584737,0.043037655348848645,0.004430346874146184,0.030379521422716684,0.032911148207943074,0.5025279168674386,0.015189760711358347,0.06075904284543339,0.0012658133926131954
29,0.0040667202754556915,0.017499129458456626,0.004650359206479614,0.019728796633549883,0.013616738068646194,0.03039450461751382,0.061178058894131825,0.040877231543376365,0.056281270396368675,0.004392005917230747,0.04671027469619524,0.049087124957284824,0.014984490776434314,0.046848063117127976,0.015501197354932047,0.06259531122372561,0.03070713380786539,0.38856334703029666,0.015156726302600225,0.07647257361766478,0.0006889421046636467
30,0.0043739338852679995,0.013344440778577776,0.004448146926192591,0.021706956999819848,0.009341108545004443,0.05176025514115016,0.03816041836681013,0.04448146926192592,0.07521412075198383,0.010008330583933332,0.03350937351065086,0.07042899299804938,0.040033322335733326,0.0862940503681363,0.01630987206270617,0.03855060669366912,0.09118701198694813,0.23297169525933697,0.033361101946444434,0.08006664467146665,0.004448146926192591
31,0.0038669974029694786,0.016762678859327276,0.008716955835396924,0.017715103794516327,0.011071939871572704,0.044817698488690876,0.06495538057989321,0.04079842086009821,0.08955969140561032,0.007873379464229478,0.046846607812165396,0.06429926562454073,0.015353089955247484,0.04822444921840555,0.012466184151696673,0.06757984040130302,0.20864455580208113,0.11628375824092768,0.055113656249606346,0.055113656249606346,0.003936689732114739
32,0.0037671000537381053,0.01845083446505213,0.005225585984857422,0.020118506041701074,0.014631640757600782,0.0463044980324866,0.0804740241668043,0.02273710524077963,0.05529167646834853,0.009793135216066132,0.04354654987381185,0.04172727179019482,0.1264591808335496,0.03205026070712553,0.004105817559530832,0.08813821694459519,0.06035551812510322,0.2003638969051046,0.061313542222327086,0.057481445833431635,0.007664192777790886
33,0.003825951665401316,0.014914379809817106,0.0032422564803950226,0.01874613746846577,0.008395737833443953,0.019984089942798412,0.040966864234638294,0.032023517852516996,0.12061194107069485,0.008170486330595458,0.043770462485332805,0.06743893479221647,0.031125662211792218,0.028207631379436698,0.010375220737264074,0.07937043864007017,0.08170486330595457,0.23992697954923167,0.020750441474528147,0.12450264884716887,0.0019453538882370136
34,0.003194985922076364,0.011783358897011298,0.003900698117631326,0.01727940832810368,0.009055192058787007,0.030648342352817555,0.037381690293966874,0.03169317220575452,0.06663692617620182,0.00812645441173193,0.03575639941162049,0.08370248044083888,0.009501700542948103,0.042721931764533566,0.01170209435289398,0.06501163529385544,0.0383568648233747,0.3998215570572109,0.013002327058771086,0.07909748960752411,0.0016252908823463858
35,0.003600609010856535,0.012911434955230044,0.005329535804615842,0.023205687149264808,0.006106759776122317,0.03125224120721422,0.04537792264410893,0.0628123862686867,0.06328823767981312,0.007938787708959012,0.030778069271656484,0.06448738323585168,0.018320279328366953,0.047109289701515025,0.00889842138806395,0.08305193295526353,0.027218700716430903,0.3288490139441868,0.047632726253754074,0.07816652513436569,0.003664055865673391
36,0.003682359936283085,0.011323968926235523,0.0037469014829455776,0.013599864641802467,0.008992563559069387,0.034424657374562496,0.07785228636786921,0.03542525038421273,0.09795471019700581,0.007259621623207056,0.09217377648046121,0.05807697298565645,0.03840574020019217,0.05870145656614738,0.021232441736691608,0.06476786849091641,0.02922583156697551,0.23730376058655325,0.011240704448836732,0.09367253707363944,0.0009367253707363944
37,0.004402653208587067,0.01556129781107317,0.00623534437508045,0.021412345788036684,0.015365670067162537,0.04705736458068527,0.13818432456232976,0.04033488392630166,0.07700296022293954,0.004245777255400175,0.044409114625928094,0.06274315277424702,0.04212754543413729,0.0351637449613912,0.010243780044775025,0.07682835033581269,0.09112695998164448,0.1720955047522204,0.02688992261753444,0.0663284757899183,0.0022408268847945367
38,0.00408283571574314,0.016019499623561938,0.004845404207126759,0.02112716617020487,0.016990378388626295,0.08069081291868234,0.0498384432733038,0.023534820434615685,0.08906314399766327,0.010086351614835292,0.06074060273933901,0.06022145228857543,0.024919221636651903,0.056760449283484886,0.013151811419344059,0.10383009015271626,0.06783565889977461,0.21952647632288577,0.02907242524276055,0.04627855446806781,0.001384401202036217
39,0.00444174096856473,0.020497627031065706,0.005379954601329582,0.030570800852261035,0.015494269251829194,0.047451199583726913,0.07477158722284241,0.03389371398837636,0.07846908329430165,0.007805825039747284,0.07488896805050779,0.06628104068838045,0.019080905652715585,0.0840564106911734,0.010544711018605981,0.10303689052466415,0.03034294395149884,0.1442365828616461,0.021089422037211963,0.12653653222327177,0.0011297904662792122
40,0.003677127322992399,0.018715676091144696,0.006363329870989197,0.018559712123718493,0.012477117394096463,0.030179027696970825,0.12801522446342975,0.028875614540623245,0.09638573186939518,0.004678919022786173,0.041855057440196325,0.0609596306968713,0.013724829133506108,0.04075858348738179,0.004423705257906928,0.04990846957638585,0.11416562415598264,0.22645968070285083,0.01122940565468682,0.08484439827985596,0.0037431352182289396
41,0.0041371875155626564,0.015162525456614657,0.003941938078269041,0.022285089935814312,0.009811045883691834,0.04269422164771392,0.04546368583603628,0.03749221105553666,0.07063953036258122,0.00802721935938423,0.042467812896551806,0.0874584661631958,0.030834715634460056,0.06657495421076604,0.00700788991692274,0.03822485409230586,0.0406457615181519,0.34583936740013715,0.012614201850460935,0.0672757432024583,0.0014015779833845483
42,0.0036072451833144598,0.013787938963671635,0.005408672762727685,0.032725689662575545,0.01437483564617804,0.0256911956229565,0.0344588258752353,0.04294099839837016,0.07666579011294955,0.005988173415877079,0.04954730584427324,0.028514403933171503,0.013304369161888187,0.02783212859153621,0.0062917213770505714,0.054528251934438283,0.07095663553007034,0.19609198291807614,0.023856110221316746,0.271592639442683,0.00183508540163975
43,0.004699179217388901,0.01364064407236158,0.008921180356814582,0.024134979001025157,0.021984337307864504,0.04369557725786733,0.05735044515095087,0.03910257623928468,0.061788277216203016,0.009217035827831389,0.0562883998703777,0.07032256964938023,0.039428431041278716,0.06417787909749263,0.008124646396384707,0.07885686208255745,0.08283953188470682,0.22462257684122422,0.04062323198192353,0.04779203762579239,0.0023896018812896197
44,0.00442623771830426,0.015693220320579127,0.005437816232406556,0.026326531001030357,0.011100645550292002,0.01900110499599532,0.05469548847025373,0.018501075917153335,0.09850572853187045,0.009000523419155677,0.03234563103759071,0.06107498034427066,0.031501831967044876,0.06375370755235271,0.007875457991761217,0.1197069614747705,0.03793077726644178,0.16110936920288663,0.0945054959011346,0.12600732786817948,0.0015000872365259464
45,0.0031483649909972494,0.012481375618114536,0.006409355047139897,0.02426398696417247,0.012325682782961343,0.028641805366906418,0.06769881268541517,0.022432742664989645,0.044372458018660826,0.007210524428032384,0.04807016285354923,0.05768419542425907,0.030444436473914514,0.04440767425518358,0.0032046775235699486,0.2067017002702617,0.02189862974439465,0.24804204032431404,0.013619879475172281,0.09614032570709845,0.0008011693808924872
46,0.003346790145424016,0.008731639056117109,0.0046465484999292815,0.017463278112234217,0.008418452576342463,0.03657349952611004,0.05508741388249493,0.025442434452946115,0.12062439905816418,0.005841375257053954,0.02920687628526977,0.04916490841353744,0.01760525598306539,0.06417399761568997,0.00795076076654566,0.05305915858490676,0.04088962679937768,0.33648755386987883,0.025556016749611048,0.08632254546535288,0.00340746889994814
47,0.004007827282443347,0.016102663301871583,0.005019011938245689,0.021239308332419906,0.009741762755136597,0.08097638011080319,0.047770238626517,0.034662551198509285,0.0533531425310388,0.015729224913609254,0.05845057653081957,0.11520200839504555,0.0183507623992108,0.03792490895836899,0.004077947199824622,0.097055143355826,0.025147341065585166,0.1553697883133181,0.06116920799736932,0.12641636319456329,0.012233841599473865
48,0.00411352548090952,0.02212593448186634,0.005651083266314511,0.022452115334178863,0.013953292015591383,0.03793551266738908,0.05082984948536861,0.0476156090032056,0.06439980930272948,0.009627771490758056,0.050755099706713665,0.13674226175279555,0.02272393271110597,0.05284809350905236,0.010046370251225796,0.1130216653262902,0.0493946537351935,0.15320714633119342,0.029301913232741908,0.09906837331069883,0.004185987604677415
49,0.002948760349935593,0.010652782137164757,0.008645119027362147,0.014746691130007199,0.01529656774841425,0.02699394308543691,0.03379241764028769,0.028493606590183403,0.11997308037971957,0.00763465056961852,0.03749158761866237,0.0575870785822654,0.008997981028478968,0.03224276535204964,0.01124747628559871,0.028629939636069454,0.055487549675620314,0.2841862341494608,0.08098182925631071,0.13347005192243805,0.0004998878349154984
50,0.0035264903466910983,0.011286687305611125,0.0031089428082122627,0.018790313676008183,0.011434332924434526,0.03587241701783381,0.03990806393234011,0.027929238963884894,0.13990242636955183,0.00747342021204871,0.04887616818679856,0.07748442075852102,0.0179362085089169,0.03264389948622877,0.007891931743923438,0.05336022031402778,0.04089455540033054,0.34078796166942116,0.013631518466776847,0.063673540206655,0.0035872417017833807
51,0.004281949772170018,0.012478284355990788,0.005164439851039104,0.0172847346264465,0.012402104353817462,0.04826764937701932,0.07153556137415884,0.044763369277046314,0.06826743928092315,0.010022241085922761,0.07462212112888142,0.045995792423317014,0.014040820845012562,0.06884843876416506,0.013694987819273335,0.09412191628518767,0.07407743411334214,0.23530479071296914,0.01888248320536172,0.0644909426398508,0.001452498708104748
52,0.0041828954053422275,0.015010311880689707,0.013473823262981313,0.02261810774893816,0.017019566226923764,0.07339687935360874,0.06978022153038745,0.03558636574720424,0.10424484313990806,0.012764674670192825,0.04935674205807892,0.0378212582820528,0.02552934934038565,0.04680380712404035,0.004254891556730941,0.04869487003814298,0.06701454201851233,0.25600264199664496,0.014182971855769803,0.08084293957788788,0.0014182971855769804
53,0.0032077869287885246,0.011646189971182925,0.004192628389625854,0.017849318524255094,0.01103700464961336,0.030853444815964623,0.08292087259482243,0.027174443266093497,0.04006289350086927,0.006159540473647859,0.036232591021458,0.06978397030732811,0.023913510074162276,0.04006289350086927,0.011087172852566145,0.07891458324473552,0.09293659597003975,0.2706574549302912,0.016304665959656094,0.12391546129338635,0.00108697773064374
54,0.0034087066596313748,0.009972430313846729,0.0031065490106839894,0.016603110497806262,0.005630620081864731,0.02791247561950038,0.04744380471346378,0.024254978814186538,0.09404991785092738,0.00746307040436509,0.03915446580004398,0.052552454097404167,0.03464996973455219,0.05613295096997455,0.006929993946910439,0.058904948548738734,0.023264979678913614,0.395009654973895,0.024254978814186538,0.06583494249564917,0.0034649969734552193
55,0.0033647333550371186,0.012552544995474119,0.0031873233374087877,0.01492611714007286,0.013051793944157746,0.04165162657589139,0.03814669518105121,0.037315292850182154,0.08615610428711781,0.0048906019462886165,0.03337835828341981,0.05477474179843251,0.014549540790208636,0.046949778684370724,0.013693685449608127,0.20027014970051887,0.020540528174412195,0.23222208241627115,0.03765763498642235,0.08387382337884979,0.006846842724804064
56,0.0035956768640677344,0.013698088593973675,0.005093142385765324,0.017030194852402803,0.013644412698229264,0.04392835307722593,0.057838998218347475,0.041365865814387746,0.10877496952455942,0.008985344947614392,0.03416649683784238,0.056374719782439936,0.03367840402587321,0.03935248296501489,0.018303480448844132,0.11988779693992908,0.019676241482507444,0.14862426124461436,0.07321392179537653,0.14093679945609983,0.0018303480448844133
57,0.003691154562670743,0.014385218359679507,0.004078984412007421,0.02406120922565319,0.0080056867392999,0.032523102378405847,0.05185501637955617,0.04550107111594279,0.06140725623894809,0.006567164903331949,0.11727080184521335,0.023016349375487213,0.019299423389383688,0.045031987908561937,0.004690832073808534,0.054145604509104224,0.0534754856414173,0.264938195528706,0.015948829050949017,0.14260129504377947,0.007505331318093656
58,0.00374687277205783,0.014353983849869927,0.005279229637091583,0.02351212458741714,0.007320531763433662,0.03724789799503506,0.04384693504139954,0.03558591829446919,0.07320531763433662,0.009150664704292077,0.03781003818787352,0.08578748160273822,0.03126477107299794,0.046842688367209444,0.008896479573617298,0.07189807981943774,0.034950455467782235,0.36412019969162224,0.019063884800608492,0.04357459382996227,0.0025418513067477994
59,0.0036254512917567863,0.01356289075394201,0.0031126834280296913,0.018593095676764024,0.012384856814171046,0.0405801691357945,0.0437773945828571,0.03504650970818616,0.0721425229080791,0.011067318855216682,0.03350938208940606,0.05955271574473738,0.029512850280577818,0.046904351338775456,0.008198013966827171,0.05656629637110749,0.07009301941637232,0.3587655862232741,0.01721582933033706,0.06455935998876397,0.001229702095024076
60,0.0038494945053695402,0.026386608770471272,0.0037588149784000364,0.027190501869213225,0.010876200747685291,0.043069754960833755,0.05599068144908388,0.028247047084702652,0.1194206842095845,0.0067630193740152176,0.028974198791833616,0.04845347433093797,0.030344600086041965,0.03915432269166704,0.005593474670238149,0.07361012666033405,0.07961378947305633,0.22513735547708552,0.041764610871111524,0.09919095081888986,0.0026102881794444702
61,0.00357810555683004,0.015818498126066748,0.009465990148455818,0.018377196991507628,0.008321749581060058,0.028114799799900822,0.053701290265278194,0.044902773781136565,0.08100703107813151,0.008495119363998811,0.056431864346563526,0.04409371479408906,0.01759703296828325,0.03111199559282681,0.0052588834158087865,0.0807036339579887,0.05825224706742041,0.3121956366269562,0.029126123533710205,0.08616478212055936,0.007281530883427551
62,0.004388338034248402,0.012070491109997443,0.005717801143129498,0.022132113799755514,0.018274222403467856,0.05732691250273064,0.06941080714616338,0.05137086964530408,0.0781730625037236,0.01563461250074472,0.0697973772354675,0.03979719545644111,0.01850627602128967,0.05472114375260652,0.0061421691967211405,0.06445289235000884,0.10497525536214311,0.18314831786586672,0.02121840267958212,0.09976371786189488,0.0029780214287132806
63,0.004149138878391096,0.0158193606733878,0.006327744269355121,0.03027391375926764,0.00822606755016166,0.040678356017282924,0.058291947208604755,0.04921578876165094,0.15270956170043695,0.008015142741183154,0.05859022471625112,0.043591127188890834,0.020037856852957885,0.04278760410706796,0.004985495484946458,0.06608977347993127,0.04640345797527089,0.25381285347079985,0.03796646561613073,0.04780962336846092,0.0042184961795700806
64,0.0037505925554296798,0.013055859014854367,0.003947925537648269,0.012862438881300968,0.010358604624972366,0.03165307357537995,0.05470070161608214,0.046219972683356224,0.10638014354988067,0.009714289504758772,0.05533675628603658,0.040071444207129936,0.048340154916537696,0.026714296138086627,0.012403066064111646,0.073146287044761,0.0381632801972666,0.29080419510317157,0.06106124831562657,0.058771451503790574,0.002544218679817774
65,0.0031464774151247175,0.013876755738630642,0.0042270732865367176,0.018093154597676103,0.014264916738312618,0.043376991714460814,0.053799114555921866,0.03138281682428776,0.05764190845277343,0.011436886597772505,0.041630267215891914,0.024978160329535155,0.023056763381109374,0.044375119999357324,0.008005820618440754,0.03842793896851561,0.021215424638867993,0.4173701149080446,0.020815133607945957,0.1072779962871061,0.0016011641236881508
66,0.003752718183209316,0.013825476143493668,0.006919186521440628,0.016763726264839664,0.011706945470759317,0.02692329564785609,0.06833293171519297,0.025768004976399576,0.04744585043273573,0.006362470364543106,0.05726223328088795,0.05217225698925347,0.01765585526160712,0.04294667496066597,0.005089976291634485,0.06707861612904019,0.06235220957252244,0.3540714757868238,0.026722375531081047,0.08493897936665047,0.001908741109362932
67,0.0030628989398985536,0.009134825318747979,0.004327436628175184,0.017915587640645263,0.010905140303001463,0.04192105882712251,0.04673631558429199,0.02804178935057519,0.04798261733320644,0.004755625094541992,0.04154339163048176,0.05795303132452207,0.01246301748914453,0.033580908234639426,0.006231508744572265,0.03163689054936688,0.029288091099489648,0.29054409521568186,0.04985206995657812,0.2305658235491738,0.0015578771861430663
68,0.0040465170454122385,0.017973399469256593,0.005831064713308436,0.026982966124329228,0.013445749221275925,0.05392019840776978,0.04654297807364743,0.03926074340906314,0.07558556612331363,0.007203079939969244,0.06056467214831283,0.057624639519753953,0.0164641827199297,0.042395270503818985,0.00493925481597891,0.0938458415035993,0.10495916483955184,0.16006844311042764,0.013994555311940245,0.1502356673193585,0.004116045679982425
69,0.004522207335541671,0.012776932203049915,0.003892050117236744,0.018569141468432544,0.013445264041363297,0.05933607315096381,0.05795616447303442,0.04271145907876686,0.10170438033627732,0.013224124830156662,0.058876103591654017,0.05110772881219966,0.029898021355136802,0.12879147660674314,0.008688313898073941,0.04254718423615622,0.06746220203210355,0.20008675829976164,0.0149490106775684,0.06255586006613238,0.006899543389646955
70,0.003820705141164222,0.016001856356276836,0.00728655959080463,0.017487743017931115,0.015245724682298923,0.03913923437346487,0.08117767129311232,0.02746223348001034,0.04954860521747149,0.005052014649624544,0.06865558370002585,0.04317961238995337,0.017271844955981344,0.060624175795494534,0.0048577063938697535,0.049062834578084503,0.041970583243034675,0.35849873186758785,0.03497548603586223,0.05673801068039872,0.0019430825575479016
71,0.003081840830138,0.011081925169778304,0.005358006273123944,0.013115829103168148,0.013329674142893714,0.03208772237112876,0.04032506463396418,0.030398894877911458,0.09973732652800474,0.007056886310943731,0.031050299768152417,0.08625083268931226,0.017563805929459955,0.02927300988243325,0.01489787110088121,0.047437957979121745,0.049136838016941534,0.16981332773636024,0.06586427223547482,0.23209314978214937,0.0010454646386583307
72,0.00423020664188753,0.015769746998638295,0.005913655124489361,0.034713923587911574,0.014784137811223402,0.0291501383914223,0.05411890447259961,0.02308872048604459,0.07789299275084977,0.005473796478866185,0.03606088998989317,0.05214768609776982,0.025805040543226306,0.06379579467630947,0.020070587089176015,0.0482649832382566,0.044442014268889746,0.27740418583968274,0.08601680181075433,0.079135457665894,0.001720336036215087
73,0.0036343987569269045,0.017464417535452484,0.004407779720486183,0.023824128381695925,0.009704224707199418,0.030427898715614295,0.05144779447943818,0.023413367547528752,0.1151303938051414,0.004621059384380675,0.03241850891196289,0.10104716520512409,0.014376629195850988,0.06210703812607628,0.0060073771996948765,0.043900064151616416,0.08502749267260443,0.27800293256434144,0.027726356306284047,0.06284640762757718,0.002464565005003027
74,0.0032901075083843013,0.01013079341251608,0.005332498604139821,0.013795049877314272,0.007287504932333352,0.05208487008694709,0.05874767489677084,0.022959861099552184,0.06462244238644792,0.00736628876943966,0.05787798318845446,0.045620765674370616,0.023996243718629195,0.05558199707849925,0.004603930480899787,0.10212354884904981,0.036831443847198296,0.31725266404745806,0.016741565385090133,0.09040445307948673,0.003348313077018027
75,0.003367905514266663,0.01093287403763753,0.003549104631621139,0.029412694705733808,0.014563567281479846,0.04140622070224662,0.06236633518186664,0.02151219742231663,0.0386077313030603,0.0068534434265787505,0.03198273599070084,0.0508297054137924,0.14734903367144314,0.036170951418054514,0.01076969681319518,0.03959767313134389,0.057112028554822926,0.2713963596925185,0.00799568399767521,0.11308181653854936,0.0011422405710964586
76,0.0037534811722148265,0.013586545491388243,0.005643566865988073,0.018543148273960815,0.01174679076178513,0.023451628699421023,0.04056313684928928,0.040722207974188455,0.05969505487125353,0.009717799630204062,0.048866649569026144,0.0699912949556364,0.01565259869007869,0.09926038193708435,0.0091624967941924,0.06426473445926614,0.03359582157870547,0.29243635601464085,0.015270827990320668,0.12025777042377526,0.003817706997580167
77,0.003488474580341878,0.012137330341347731,0.007282398204808639,0.021109618385990167,0.011589594407994603,0.03169399287084238,0.049123869547229866,0.02461310547105996,0.04109575568140943,0.007982628801424854,0.0452348965414075,0.13008728417136797,0.02980181419198612,0.024834845159988433,0.005575169321630056,0.1578786585170693,0.06622625375996916,0.22824405313703652,0.046121855297121366,0.052330566587118474,0.00354783502285549
78,0.003338298075939905,0.012483661743045459,0.003396290327152073,0.016209567470498534,0.008603935495451919,0.03237796778551643,0.05434064523443317,0.05385546090198287,0.06656729041218064,0.007101334320408882,0.05870730422648583,0.03849129037439016,0.016496267303310067,0.03509500004723808,0.003735919359867281,0.035661048435096765,0.04981225813156374,0.4234041941182918,0.016981451635760366,0.061982298470525325,0.0013585161308608293
79,0.004176007157814836,0.011898760587619437,0.006749296971969007,0.021090395750542383,0.011420685385438297,0.03852931999800579,0.07224247499626085,0.029463597645533836,0.05184459970319897,0.010133559841104466,0.045586160692827705,0.06677875839990499,0.025497344116327363,0.1473179882276692,0.006374336029081841,0.04020735033728546,0.042495573527212276,0.23008317666876354,0.04462035220357288,0.08782418528957203,0.0056660764702949696
80,0.004027377064289798,0.011366451420181696,0.01229812776609823,0.017823373574055404,0.012571419494233745,0.03279500737626194,0.06372666206069082,0.03826084193897227,0.07542851696540248,0.010807445612631777,0.11785705775844134,0.05856251317189633,0.02166812987360164,0.04919251106439291,0.0286956314542292,0.07720491319828332,0.04099375922032743,0.22546567571180084,0.030745319415245567,0.06640988993693044,0.004099375922032742
81,0.004485740202573919,0.017846731752064145,0.006631831307999947,0.021657074115187327,0.02849615015156227,0.0505331729354371,0.05080456484164245,0.028965498506999764,0.06839076036374946,0.006663715112365332,0.052888854681299585,0.0638313763394995,0.026704963570606928,0.056015289440785265,0.012766275267899899,0.052888854681299585,0.0372349695313747,0.1806655919609048,0.09118768048499926,0.13678152072749888,0.004559384024249964
82,0.00345213900646818,0.021371552884310068,0.004684175974643302,0.014052527923929909,0.012588722931853877,0.028544197345482625,0.04391414976228097,0.03825410379292031,0.07641062058636887,0.011178147212216974,0.029456260455930007,0.057615364488112636,0.043328627765450545,0.05169322772017073,0.008030015956531376,0.040049704583200244,0.10715052541996554,0.3328692551980897,0.014052527923929909,0.056912738091916125,0.0043914149762280955
83,0.003291119809712589,0.017994973241866354,0.0028247923112232065,0.017176192861801654,0.01249883412768392,0.03159582511071883,0.04887936917790675,0.039430845759955216,0.12320279354431292,0.0043941213730138776,0.04310423823051708,0.05914626863993282,0.022096153190012638,0.04352272598032793,0.007174075711043065,0.09792613345573783,0.0580303013071039,0.20533798924052152,0.04352272598032792,0.11717656994703672,0.0016739509992433818
84,0.003992960992950782,0.011691907317264971,0.005223140193790283,0.02315592152580359,0.012458156610373862,0.04207529600553284,0.06174912406880958,0.03075849225232056,0.05091594440761491,0.009479032203545328,0.05244243790532871,0.14218548305317993,0.027624608136046388,0.05281175084832398,0.006093663559421998,0.04513824858831109,0.054842972034797974,0.22923781961635134,0.07718640508601197,0.05687419322127198,0.004062442372947998
85,0.004104194144699903,0.016984328760700017,0.006887289247453353,0.02848219439232047,0.01222419303660552,0.026923039785499477,0.07652543608281503,0.03499834629242032,0.06450904529295153,0.005691974584672193,0.044523890084546935,0.041361681981951275,0.019015411390275253,0.06595101218773516,0.005217643369282843,0.05092419928420056,0.08556935125623864,0.20557514874974406,0.0333929175634102,0.16279047312162473,0.00834822939085255
86,0.004351376645862263,0.01606371620386821,0.006374892099802817,0.032372498944311184,0.011251979690045481,0.03889443096605886,0.06721003665827466,0.04547744995440141,0.056529491910644644,0.007968615124753524,0.08632666385149648,0.060713258093360166,0.0486970924290493,0.06450783672419519,0.008300640754951584,0.13871292994941314,0.037945786308350105,0.19724781882877543,0.022135042013204227,0.04781169074852114,0.0011067521006602114
87,0.0036955092700286392,0.013612289645768896,0.005296233454442648,0.02296932788485879,0.009307052337760963,0.041923039006630386,0.05842941423933501,0.04980167909580747,0.1315516051587367,0.007830452688020044,0.03539364614985059,0.07216545197279271,0.04886202477324506,0.03812311822967472,0.010022979440665656,0.07078729229970118,0.035331002528346436,0.1970589350745158,0.0563792593537443,0.07642521823507561,0.015034469160998482
88,0.004143264109409308,0.01639054412408011,0.003778706724172163,0.02253954328615737,0.03161033509644021,0.0501933805773778,0.07165009288526449,0.03501452502990301,0.11379720634718478,0.0077810055622006685,0.047204767077350725,0.04575972318722774,0.038986079952276265,0.05004969723603034,0.014751489711672101,0.15875412737323308,0.05479124750049637,0.16624694754424113,0.023883364295088163,0.03845924103400226,0.0042147113461920285
89,0.003324370267135977,0.013823662274537804,0.0035087254672486537,0.024081945591389393,0.015507313449000743,0.033834138434183446,0.05321187226467033,0.036202528124576284,0.09529948992295002,0.008035607878118568,0.07578847009257092,0.05171789732082326,0.01691706921709172,0.04833448347740492,0.0028628886367385994,0.06563822856231588,0.04195433165838747,0.21484677905706487,0.06766827686836688,0.12518631220647874,0.002255609228945563
90,0.0030821945994175324,0.012208354983906947,0.0036733103491401434,0.014581047528430731,0.006408649740144235,0.03253622175765535,0.05187050332887111,0.01861440486614443,0.03976649325935654,0.008093887264404387,0.03933803272592239,0.04833952946851651,0.048563323586426316,0.06140910595444876,0.00452561438439815,0.02945130591692951,0.027153686306388904,0.36866351023674165,0.07519482361769235,0.10339288247432697,0.0031331176507371815
91,0.003933066980845034,0.017993700322140635,0.0031293391864592414,0.03660256988606386,0.008219344591595104,0.03385481393943498,0.07297445130645923,0.024391460436679533,0.05631361767484754,0.011424571633105165,0.05826531532883635,0.13461953574342253,0.022658733738991913,0.05931256772853766,0.004998250089483509,0.05997900107380212,0.1059629018970504,0.15074722269882268,0.059979001073802114,0.07197480128856254,0.0026657333810578723
