,0,1,2,3,4,5,6,7,8,9,10,11,12,13,14,15,16,17,18,19,20
0,0.025283533746227133,0.09064319277003469,0.12690046987804854,0.05076018795121942,0.008460031325203236,0.05076018795121942,0.012690046987804855,0.05076018795121942,0.038070140963414566,0.07614028192682913,0.05076018795121942,0.02538009397560971,0.07614028192682913,0.038070140963414566,0.02538009397560971,0.05076018795121942,0.02538009397560971,0.05076018795121942,0.07614028192682913,0.02538009397560971,0.02538009397560971
1,0.02107893309898162,0.3174879135895195,0.02822114787462395,0.08466344362387186,0.021165860905967965,0.03174879135895195,0.021165860905967965,0.014110573937311976,0.005291465226491991,0.10582930452983982,0.0634975827179039,0.04233172181193593,0.0634975827179039,0.021165860905967965,0.010582930452983983,0.010582930452983983,0.021165860905967965,0.04233172181193593,0.04233172181193593,0.021165860905967965,0.010582930452983983
2,0.021905145625222874,0.1364271787879329,0.09901972653962873,0.014669589116982034,0.02200438367547305,0.0440087673509461,0.011002191837736526,0.033006575513209575,0.011002191837736526,0.0880175347018922,0.06601315102641915,0.0880175347018922,0.0880175347018922,0.011002191837736526,0.007334794558491017,0.005501095918868263,0.0440087673509461,0.011002191837736526,0.1320263020528383,0.0440087673509461,0.02200438367547305
3,0.021697475428329126,0.29403526712543726,0.043560780314879595,0.09801175570847909,0.007260130052479932,0.021780390157439797,0.014520260104959864,0.0326705852361597,0.014520260104959864,0.021780390157439797,0.0653411704723194,0.0326705852361597,0.043560780314879595,0.043560780314879595,0.021780390157439797,0.043560780314879595,0.005445097539359949,0.043560780314879595,0.08712156062975919,0.021780390157439797,0.021780390157439797
4,0.022364055387740077,0.08989755812526527,0.08989755812526527,0.13484633718789793,0.022474389531316318,0.044948779062632636,0.022474389531316318,0.022474389531316318,0.03371158429697448,0.06742316859394896,0.044948779062632636,0.044948779062632636,0.022474389531316318,0.022474389531316318,0.022474389531316318,0.08989755812526527,0.044948779062632636,0.044948779062632636,0.0561859738282908,0.03371158429697448,0.022474389531316318
5,0.021008667186392133,0.1338189591615723,0.031693964011951334,0.12677585604780534,0.021129309341300893,0.042258618682601785,0.021129309341300893,0.031693964011951334,0.021129309341300893,0.06338792802390267,0.021129309341300893,0.021129309341300893,0.06338792802390267,0.010564654670650446,0.021129309341300893,0.08451723736520357,0.031693964011951334,0.042258618682601785,0.12677585604780534,0.042258618682601785,0.021129309341300893
6,0.0260544930573749,0.17648676971443544,0.06536547026460572,0.03268273513230286,0.017430792070561522,0.04357698017640381,0.013073094052921144,0.006536547026460572,0.052292376211684574,0.07843856431752685,0.04357698017640381,0.052292376211684574,0.10458475242336915,0.013073094052921144,0.026146188105842287,0.013073094052921144,0.052292376211684574,0.07843856431752685,0.052292376211684574,0.03921928215876343,0.013073094052921144
7,0.024505988626827964,0.1229614300050217,0.020493571667503614,0.020493571667503614,0.016394857334002894,0.17214600200703037,0.02459228600100434,0.02459228600100434,0.01229614300050217,0.02459228600100434,0.07377685800301302,0.008197428667001447,0.1229614300050217,0.02459228600100434,0.02459228600100434,0.07377685800301302,0.04918457200200868,0.04918457200200868,0.06148071500251085,0.02459228600100434,0.02459228600100434
8,0.025093227835620506,0.12963547327475125,0.04537241564616294,0.06301724395300409,0.010082759032480655,0.10082759032480655,0.03781034637180245,0.0756206927436049,0.008402299193733878,0.050413795162403276,0.025206897581201638,0.025206897581201638,0.050413795162403276,0.050413795162403276,0.025206897581201638,0.0756206927436049,0.012603448790600819,0.0756206927436049,0.0756206927436049,0.025206897581201638,0.012603448790600819
9,0.024386122430035753,0.2039326667161296,0.08157306668645185,0.024471920005935555,0.024471920005935555,0.012235960002967778,0.004894384001187112,0.07341576001780667,0.008157306668645186,0.01631461333729037,0.09788768002374222,0.04894384001187111,0.04894384001187111,0.024471920005935555,0.012235960002967778,0.024471920005935555,0.024471920005935555,0.024471920005935555,0.1713034400415489,0.024471920005935555,0.024471920005935555
10,0.030068714247519324,0.29148194079608225,0.05025550703380728,0.030153304220284373,0.020102202813522915,0.045229956330426556,0.015076652110142186,0.060306608440568746,0.015076652110142186,0.020102202813522915,0.09045991266085311,0.015076652110142186,0.030153304220284373,0.015076652110142186,0.015076652110142186,0.015076652110142186,0.030153304220284373,0.09045991266085311,0.045229956330426556,0.045229956330426556,0.030153304220284373
11,0.027789346197602392,0.1393517420643666,0.022296278730298658,0.05574069682574664,0.020902761309654988,0.08361104523861995,0.01393517420643666,0.05574069682574664,0.01393517420643666,0.018580232275248878,0.01393517420643666,0.041805522619309976,0.01393517420643666,0.02787034841287332,0.02787034841287332,0.018580232275248878,0.01393517420643666,0.1393517420643666,0.08361104523861995,0.1393517420643666,0.02787034841287332
12,0.021976719009372193,0.28678878164386823,0.02941423401475572,0.02757584438883349,0.04412135102213358,0.016545506633300094,0.011030337755533396,0.04412135102213358,0.011030337755533396,0.08824270204426717,0.04412135102213358,0.02206067551106679,0.04412135102213358,0.02206067551106679,0.02206067551106679,0.06618202653320038,0.02206067551106679,0.04412135102213358,0.06618202653320038,0.04412135102213358,0.02206067551106679
13,0.02961926585946045,0.20793872874440134,0.08911659803331487,0.05941106535554325,0.029705532677771623,0.03960737690369549,0.029705532677771623,0.03960737690369549,0.029705532677771623,0.05941106535554325,0.014852766338885812,0.029705532677771623,0.05941106535554325,0.029705532677771623,0.029705532677771623,0.044558299016657435,0.029705532677771623,0.05941106535554325,0.05941106535554325,0.014852766338885812,0.014852766338885812
14,0.02643199170910952,0.13251833143705408,0.10601466514964325,0.03710513280237514,0.008834555429136937,0.03533822171654775,0.026503666287410813,0.07951099886223244,0.053007332574821625,0.026503666287410813,0.09276283200593785,0.07951099886223244,0.017669110858273874,0.026503666287410813,0.013251833143705406,0.07951099886223244,0.053007332574821625,0.026503666287410813,0.026503666287410813,0.026503666287410813,0.026503666287410813
15,0.015502561801850067,0.4361697511004462,0.03427048044360649,0.04673247333219067,0.007788745555365111,0.031154982221460445,0.023366236666095334,0.015577491110730222,0.015577491110730222,0.031154982221460445,0.015577491110730222,0.007788745555365111,0.031154982221460445,0.011683118333047667,0.015577491110730222,0.0778874555536511,0.0038943727776825556,0.007788745555365111,0.10904243777511155,0.031154982221460445,0.031154982221460445
16,0.021392473128691154,0.10308667437415399,0.23624029544076952,0.10738195247307705,0.02147639049461541,0.012885834296769249,0.01610729287096156,0.04295278098923082,0.005369097623653852,0.08590556197846164,0.04295278098923082,0.02147639049461541,0.03221458574192312,0.06442917148384623,0.02147639049461541,0.035793984157692346,0.010738195247307705,0.04295278098923082,0.03221458574192312,0.02147639049461541,0.02147639049461541
17,0.03219551292409718,0.06452029913839352,0.04301353275892901,0.05376691594866126,0.06452029913839352,0.03226014956919676,0.01613007478459838,0.03226014956919676,0.03226014956919676,0.03226014956919676,0.04839022435379514,0.06452029913839352,0.01613007478459838,0.03226014956919676,0.04839022435379514,0.09678044870759028,0.03226014956919676,0.09678044870759028,0.06452029913839352,0.06452029913839352,0.03226014956919676
18,0.02307985167484849,0.08108823365544737,0.01930672229891604,0.023168066758699247,0.03475210013804887,0.011584033379349623,0.046336133517398494,0.11584033379349624,0.011584033379349623,0.06950420027609774,0.046336133517398494,0.023168066758699247,0.046336133517398494,0.007722688919566415,0.011584033379349623,0.03475210013804887,0.06950420027609774,0.06950420027609774,0.16217646731089475,0.06950420027609774,0.023168066758699247
19,0.024172063084611943,0.08797619742138732,0.09707718336153084,0.01820197188028703,0.02426929584038271,0.1092118312817222,0.00808976528012757,0.04853859168076542,0.04853859168076542,0.07280788752114813,0.07280788752114813,0.02426929584038271,0.02426929584038271,0.012134647920191356,0.02426929584038271,0.02426929584038271,0.07280788752114813,0.02426929584038271,0.14561577504229625,0.012134647920191356,0.02426929584038271
20,0.0348181015527962,0.1445654216491465,0.12213285622083066,0.020937061066428116,0.10468530533214057,0.043618877221725236,0.017447550888690093,0.034895101777380186,0.011631700592460062,0.023263401184920124,0.06979020355476037,0.034895101777380186,0.034895101777380186,0.017447550888690093,0.011631700592460062,0.017447550888690093,0.034895101777380186,0.034895101777380186,0.13958040710952074,0.011631700592460062,0.034895101777380186
21,0.030278120732176974,0.08674366419093459,0.18216169480096264,0.04554042370024066,0.030360282466827107,0.12144112986730843,0.020240188311218068,0.015180141233413554,0.060720564933654214,0.020240188311218068,0.12144112986730843,0.030360282466827107,0.030360282466827107,0.007590070616706777,0.015180141233413554,0.030360282466827107,0.030360282466827107,0.030360282466827107,0.030360282466827107,0.030360282466827107,0.030360282466827107
22,0.025778815997679547,0.0905249772745519,0.03879641883195082,0.15518567532780328,0.034485705628400726,0.025864279221300548,0.051728558442601096,0.034485705628400726,0.03879641883195082,0.025864279221300548,0.03879641883195082,0.012932139610650274,0.07759283766390164,0.025864279221300548,0.025864279221300548,0.025864279221300548,0.025864279221300548,0.03879641883195082,0.15518567532780328,0.025864279221300548,0.025864279221300548
23,0.020762035390067386,0.13770533877327176,0.02086444526867754,0.04172889053735508,0.01043222263433877,0.12518667161206526,0.04172889053735508,0.02781926035823672,0.01390963017911836,0.12518667161206526,0.08345778107471016,0.04172889053735508,0.00695481508955918,0.01043222263433877,0.02086444526867754,0.04172889053735508,0.02086444526867754,0.04172889053735508,0.10432222634338771,0.04172889053735508,0.02086444526867754
24,0.024522787863295422,0.1907586858218668,0.01758144569786791,0.0328186986360201,0.03692103596552261,0.1722981678391055,0.049228047954030144,0.024614023977015072,0.012307011988507536,0.024614023977015072,0.12307011988507537,0.07384207193104522,0.024614023977015072,0.012307011988507536,0.008204674659005025,0.024614023977015072,0.024614023977015072,0.024614023977015072,0.024614023977015072,0.049228047954030144,0.024614023977015072
25,0.02585798073798322,0.08151299305393737,0.05187190467068741,0.0064839880838359265,0.025935952335343706,0.20748761868274965,0.05187190467068741,0.10374380934137482,0.05187190467068741,0.03458126978045827,0.05187190467068741,0.025935952335343706,0.05187190467068741,0.012967976167671853,0.012967976167671853,0.012967976167671853,0.05187190467068741,0.008645317445114568,0.07780785700603111,0.025935952335343706,0.025935952335343706
26,0.020172774099996682,0.1621782994593109,0.04561264672293119,0.025340359290517325,0.04054457486482772,0.027029716576551812,0.04054457486482772,0.030408431148620792,0.030408431148620792,0.02027228743241386,0.02027228743241386,0.08108914972965545,0.030408431148620792,0.01013614371620693,0.02027228743241386,0.02027228743241386,0.04054457486482772,0.08108914972965545,0.22299516175655248,0.01013614371620693,0.02027228743241386
27,0.027194762057103947,0.09203132944799648,0.0218148336469325,0.1090741682346625,0.013634271029332812,0.018179028039110413,0.027268542058665624,0.05453708411733125,0.009089514019555206,0.05453708411733125,0.027268542058665624,0.018179028039110413,0.05453708411733125,0.027268542058665624,0.009089514019555206,0.027268542058665624,0.027268542058665624,0.05453708411733125,0.27268542058665624,0.027268542058665624,0.027268542058665624
28,0.022653876352712248,0.21592530638719146,0.09091591847881746,0.022728979619704364,0.022728979619704364,0.03030530615960582,0.01515265307980291,0.06818693885911309,0.022728979619704364,0.022728979619704364,0.11364489809852182,0.011364489809852182,0.06818693885911309,0.022728979619704364,0.022728979619704364,0.034093469429556544,0.022728979619704364,0.022728979619704364,0.05682244904926091,0.04545795923940873,0.04545795923940873
29,0.022642032423110817,0.10918506387204972,0.1137344415333851,0.04549377661335404,0.03412033246001553,0.12510788568672362,0.02274688830667702,0.02274688830667702,0.007582296102225673,0.09098755322670808,0.01137344415333851,0.06824066492003106,0.03412033246001553,0.007582296102225673,0.01137344415333851,0.01137344415333851,0.04549377661335404,0.01137344415333851,0.09098755322670808,0.06824066492003106,0.04549377661335404
30,0.02316706660764625,0.08527906561361819,0.09303170794212892,0.03488689047829835,0.0077526423285107435,0.04651585397106446,0.011628963492766115,0.05814481746383058,0.011628963492766115,0.16280548889872562,0.02325792698553223,0.011628963492766115,0.02325792698553223,0.011628963492766115,0.02325792698553223,0.04651585397106446,0.02325792698553223,0.09303170794212892,0.16280548889872562,0.02325792698553223,0.02325792698553223
31,0.0237704967031916,0.05964742382668891,0.05964742382668891,0.05964742382668891,0.01789422714800667,0.07157690859202669,0.09543587812270225,0.03181195937423408,0.023858969530675563,0.07157690859202669,0.11929484765337782,0.023858969530675563,0.011929484765337782,0.023858969530675563,0.00795298984355852,0.011929484765337782,0.07157690859202669,0.09543587812270225,0.047717939061351126,0.047717939061351126,0.023858969530675563
32,0.019233065228629012,0.32864069430578136,0.0579954166421967,0.0322196759123315,0.00966590277369945,0.028997708321098353,0.0128878703649326,0.0077327222189595615,0.0193318055473989,0.0773272221895956,0.0773272221895956,0.0193318055473989,0.05799541664219671,0.028997708321098353,0.0193318055473989,0.0386636110947978,0.0386636110947978,0.0386636110947978,0.04832951386849726,0.0193318055473989,0.0193318055473989
33,0.02775547499959913,0.18099062756570705,0.03480588991648213,0.13922355966592853,0.009281570644395234,0.05568942386637141,0.027844711933185703,0.013922355966592852,0.009281570644395234,0.027844711933185703,0.041767067899778555,0.027844711933185703,0.06961177983296427,0.027844711933185703,0.027844711933185703,0.05568942386637141,0.027844711933185703,0.05568942386637141,0.027844711933185703,0.08353413579955711,0.027844711933185703
34,0.024416763540548645,0.176561356577496,0.024522410635763332,0.09808964254305333,0.036783615953645,0.030653013294704167,0.012261205317881666,0.024522410635763332,0.049044821271526665,0.036783615953645,0.07356723190729,0.049044821271526665,0.07356723190729,0.024522410635763332,0.008174136878587777,0.024522410635763332,0.049044821271526665,0.012261205317881666,0.12261205317881667,0.024522410635763332,0.024522410635763332
35,0.026241312461260505,0.15790681419547128,0.06140820552046106,0.013158901182955941,0.052635604731823764,0.1579068141954713,0.026317802365911882,0.07895340709773566,0.008772600788637295,0.026317802365911882,0.03947670354886783,0.03947670354886783,0.03947670354886783,0.008772600788637295,0.026317802365911882,0.013158901182955941,0.013158901182955941,0.026317802365911882,0.052635604731823764,0.10527120946364753,0.026317802365911882
36,0.026951973156485492,0.10485917322879124,0.08118129540293516,0.06765107950244596,0.006765107950244597,0.03608057573463785,0.027060431800978387,0.054120863601956774,0.027060431800978387,0.027060431800978387,0.10824172720391355,0.027060431800978387,0.08118129540293516,0.027060431800978387,0.013530215900489194,0.027060431800978387,0.10824172720391355,0.013530215900489194,0.054120863601956774,0.054120863601956774,0.027060431800978387
37,0.03340095165431761,0.28993988759606787,0.05854555422612909,0.004779228916418702,0.022303068276620604,0.011151534138310302,0.011151534138310302,0.03345460241493091,0.016727301207465455,0.06690920482986182,0.03345460241493091,0.03345460241493091,0.06690920482986182,0.016727301207465455,0.016727301207465455,0.03345460241493091,0.06690920482986182,0.03345460241493091,0.10036380724479273,0.03345460241493091,0.016727301207465455
38,0.020673695358069597,0.24915722238239926,0.05190775466299984,0.04152620373039988,0.006921033955066646,0.08305240746079975,0.006921033955066646,0.062289305595599816,0.04152620373039988,0.04152620373039988,0.01038155093259997,0.01038155093259997,0.02076310186519994,0.04152620373039988,0.02076310186519994,0.04152620373039988,0.02076310186519994,0.08305240746079975,0.04152620373039988,0.08305240746079975,0.02076310186519994
39,0.03262970419496338,0.17667867860249822,0.03271827381527745,0.11451395835347107,0.010906091271759148,0.021812182543518296,0.03271827381527745,0.04907741072291617,0.010906091271759148,0.0654365476305549,0.03271827381527745,0.03271827381527745,0.03271827381527745,0.03271827381527745,0.010906091271759148,0.04907741072291617,0.03271827381527745,0.03271827381527745,0.08179568453819362,0.09815482144583235,0.016359136907638724
40,0.028990581337906735,0.12210298078984404,0.06783498932769114,0.07752570208878987,0.029072138283296203,0.029072138283296203,0.014536069141648102,0.05814427656659241,0.005814427656659241,0.05814427656659241,0.05814427656659241,0.029072138283296203,0.029072138283296203,0.029072138283296203,0.029072138283296203,0.14536069141648103,0.029072138283296203,0.05814427656659241,0.043608207424944305,0.029072138283296203,0.029072138283296203
41,0.022745817718326043,0.1598935553402038,0.057104841192929925,0.04568387295434394,0.004568387295434394,0.01713145235787898,0.02284193647717197,0.0799467776701019,0.09136774590868788,0.06852580943151591,0.06852580943151591,0.03426290471575796,0.03426290471575796,0.00761397882572399,0.02284193647717197,0.02284193647717197,0.011420968238585984,0.04568387295434394,0.11420968238585985,0.04568387295434394,0.02284193647717197
42,0.0240527665279581,0.11268669087512234,0.01609809869644605,0.08451501815634176,0.01609809869644605,0.04829429608933815,0.036220722067003615,0.018110361033501807,0.024147148044669074,0.0965885921786763,0.024147148044669074,0.04829429608933815,0.01609809869644605,0.024147148044669074,0.04829429608933815,0.04829429608933815,0.04829429608933815,0.024147148044669074,0.1690300363126835,0.024147148044669074,0.04829429608933815
43,0.030247039266753182,0.14394770510884136,0.05050796670485661,0.018182868013748382,0.012121912009165587,0.03788097502864246,0.020203186681942643,0.03030478002291397,0.015152390011456985,0.040406373363885285,0.06060956004582794,0.03030478002291397,0.06060956004582794,0.015152390011456985,0.010101593340971321,0.12121912009165588,0.03030478002291397,0.06060956004582794,0.12121912009165588,0.03030478002291397,0.06060956004582794
44,0.025550923321542972,0.12821698377348117,0.06410849188674059,0.03419119567292831,0.008547798918232078,0.02564339675469624,0.02564339675469624,0.10257358701878495,0.02564339675469624,0.01282169837734812,0.0769301902640887,0.05128679350939248,0.05128679350939248,0.0769301902640887,0.008547798918232078,0.02564339675469624,0.05128679350939248,0.0769301902640887,0.05128679350939248,0.05128679350939248,0.02564339675469624
45,0.02537550069797024,0.08733411817018812,0.1146260300983719,0.12736225566485768,0.025472451132971533,0.050944902265943066,0.025472451132971533,0.008490817044323844,0.012736225566485767,0.06368112783242884,0.050944902265943066,0.025472451132971533,0.0764173533989146,0.025472451132971533,0.012736225566485767,0.0764173533989146,0.0382086766994573,0.025472451132971533,0.0764173533989146,0.025472451132971533,0.025472451132971533
46,0.020364701184613334,0.2044456275788633,0.06814854252628777,0.2044456275788633,0.020444562757886333,0.040889125515772666,0.005111140689471583,0.020444562757886333,0.020444562757886333,0.08177825103154533,0.020444562757886333,0.030666844136829498,0.12266737654731799,0.006814854252628777,0.020444562757886333,0.010222281378943167,0.010222281378943167,0.020444562757886333,0.030666844136829498,0.020444562757886333,0.020444562757886333
47,0.023167075497410736,0.13373307894975925,0.07752642257957057,0.06977378032161352,0.015505284515914115,0.029072408467338967,0.011628963386935587,0.023257926773871174,0.023257926773871174,0.11628963386935587,0.0930317070954847,0.011628963386935587,0.023257926773871174,0.023257926773871174,0.011628963386935587,0.011628963386935587,0.04651585354774235,0.04651585354774235,0.0930317070954847,0.0930317070954847,0.023257926773871174
48,0.032675522195631405,0.1263762624228288,0.032764216183696356,0.06552843236739271,0.0436856215782618,0.04914632427554453,0.032764216183696356,0.032764216183696356,0.04914632427554453,0.024573162137772265,0.032764216183696356,0.032764216183696356,0.024573162137772265,0.016382108091848178,0.06552843236739271,0.032764216183696356,0.032764216183696356,0.06552843236739271,0.16382108091848177,0.01092140539456545,0.032764216183696356
49,0.035708054116131066,0.09706779852605835,0.08940455127400111,0.04768242734613392,0.026821365382200334,0.05364273076440067,0.07152364101920089,0.10728546152880133,0.017880910254800222,0.017880910254800222,0.07152364101920089,0.05364273076440067,0.035761820509600445,0.01192060683653348,0.01192060683653348,0.035761820509600445,0.035761820509600445,0.07152364101920089,0.035761820509600445,0.035761820509600445,0.035761820509600445
50,0.02684334269452228,0.12388894714774533,0.053864759629454494,0.053864759629454494,0.008977459938242416,0.040398569722090875,0.026932379814727247,0.13466189907363624,0.00538647596294545,0.026932379814727247,0.08079713944418175,0.026932379814727247,0.026932379814727247,0.040398569722090875,0.026932379814727247,0.053864759629454494,0.026932379814727247,0.053864759629454494,0.10772951925890899,0.026932379814727247,0.026932379814727247
51,0.02627838921933929,0.11869292772495638,0.09231672156385495,0.019782154620826064,0.03956430924165213,0.04396034360183569,0.026376206161101416,0.026376206161101416,0.013188103080550708,0.026376206161101416,0.1846334431277099,0.026376206161101416,0.07912861848330426,0.013188103080550708,0.026376206161101416,0.026376206161101416,0.013188103080550708,0.07912861848330426,0.03956430924165213,0.026376206161101416,0.05275241232220283
52,0.027563565338449496,0.15208721489967378,0.03686962785446637,0.013826110445424887,0.018434813927233184,0.10139147659978251,0.05530444178169955,0.1106088835633991,0.027652220890849774,0.06913055222712444,0.04147833133627466,0.018434813927233184,0.027652220890849774,0.013826110445424887,0.027652220890849774,0.05530444178169955,0.027652220890849774,0.1106088835633991,0.027652220890849774,0.009217406963616592,0.027652220890849774
53,0.029035561827860254,0.2718700426881991,0.06796751067204977,0.03883857752688559,0.029128933145164196,0.009709644381721397,0.014564466572582098,0.05825786629032839,0.029128933145164196,0.043693399717746294,0.029128933145164196,0.05825786629032839,0.029128933145164196,0.029128933145164196,0.05825786629032839,0.014564466572582098,0.029128933145164196,0.029128933145164196,0.043693399717746294,0.05825786629032839,0.029128933145164196
54,0.024023573871503466,0.10607565932397,0.0602702609795284,0.024108104391811363,0.0301351304897642,0.09643241756724545,0.012054052195905681,0.1205405219590568,0.008036034797270454,0.048216208783622726,0.07232431317543409,0.024108104391811363,0.024108104391811363,0.024108104391811363,0.024108104391811363,0.07232431317543409,0.012054052195905681,0.048216208783622726,0.07232431317543409,0.07232431317543409,0.024108104391811363
55,0.02156301289174126,0.21662811522692071,0.05776749739384552,0.032494217284038104,0.06498843456807621,0.04332562304538414,0.00722093717423069,0.01444187434846138,0.02166281152269207,0.03610468587115345,0.04332562304538414,0.04332562304538414,0.04332562304538414,0.02166281152269207,0.02166281152269207,0.06498843456807621,0.08665124609076828,0.02166281152269207,0.10831405761346036,0.00722093717423069,0.02166281152269207
56,0.025533106104155313,0.11353012356068094,0.05981694682229425,0.07690750305723547,0.006408958588102956,0.038453751528617734,0.012817917176205913,0.07690750305723547,0.038453751528617734,0.012817917176205913,0.025635834352411825,0.07690750305723547,0.025635834352411825,0.025635834352411825,0.025635834352411825,0.07690750305723547,0.025635834352411825,0.025635834352411825,0.12817917176205912,0.05127166870482365,0.05127166870482365
57,0.03550074060926532,0.1422740149070537,0.12448976304367196,0.04446062965845427,0.011856167908921139,0.028454802981410735,0.014227401490705368,0.03556850372676342,0.03556850372676342,0.03556850372676342,0.011856167908921139,0.07113700745352684,0.01778425186338171,0.03556850372676342,0.01778425186338171,0.03556850372676342,0.01778425186338171,0.07113700745352684,0.10670551118029026,0.07113700745352684,0.03556850372676342
58,0.030994526875082966,0.09708176661016402,0.046599247972878725,0.12426466126100995,0.010355388438417495,0.031066165315252487,0.02071077687683499,0.012426466126100995,0.031066165315252487,0.02071077687683499,0.07766541328813122,0.046599247972878725,0.062132330630504974,0.015533082657626244,0.031066165315252487,0.015533082657626244,0.031066165315252487,0.09319849594575745,0.15533082657626243,0.031066165315252487,0.015533082657626244
59,0.02143853180839391,0.26903266170956913,0.05380653234191382,0.017218090349412424,0.007174204312255176,0.04304522587353106,0.08609045174706212,0.035871021561275876,0.014348408624510351,0.12913567762059316,0.04304522587353106,0.04304522587353106,0.010761306468382765,0.02152261293676553,0.02152261293676553,0.04304522587353106,0.03228391940514829,0.04304522587353106,0.04304522587353106,0.010761306468382765,0.010761306468382765
60,0.026139280125469948,0.22729244808561744,0.047206893063935926,0.03496806893624883,0.013113025851093314,0.02622605170218663,0.02622605170218663,0.02622605170218663,0.10490420680874651,0.013113025851093314,0.05245210340437326,0.013113025851093314,0.008742017234062208,0.02622605170218663,0.013113025851093314,0.13113025851093313,0.02622605170218663,0.02622605170218663,0.07867815510655989,0.05245210340437326,0.02622605170218663
61,0.027182366934176538,0.17274331802103404,0.10910104296065308,0.09546341259057144,0.02727526074016327,0.02727526074016327,0.018183507160108844,0.0409128911102449,0.02727526074016327,0.02727526074016327,0.04545876790027211,0.0409128911102449,0.0409128911102449,0.02727526074016327,0.02727526074016327,0.02727526074016327,0.0818257822204898,0.05455052148032654,0.04545876790027211,0.009091753580054422,0.02727526074016327
62,0.0147025394757539,0.5172811667752292,0.04433838572359108,0.03941189842096984,0.02216919286179554,0.029558923815727382,0.014779461907863691,0.029558923815727382,0.029558923815727382,0.029558923815727382,0.007389730953931846,0.007389730953931846,0.014779461907863691,0.029558923815727382,0.007389730953931846,0.029558923815727382,0.014779461907863691,0.029558923815727382,0.029558923815727382,0.04433838572359108,0.014779461907863691
63,0.021404198118084996,0.1559301002998656,0.09678420018612346,0.02688450005170096,0.02150760004136077,0.10753800020680385,0.04301520008272154,0.02150760004136077,0.010753800020680385,0.04301520008272154,0.02150760004136077,0.010753800020680385,0.08603040016544308,0.02150760004136077,0.02150760004136077,0.0645228001240823,0.010753800020680385,0.05376900010340192,0.10753800020680385,0.04301520008272154,0.010753800020680385
64,0.020268678303069373,0.10184317273356867,0.03258981527474198,0.020368634546713737,0.040737269093427474,0.10184317273356867,0.020368634546713737,0.06110590364014121,0.010184317273356868,0.040737269093427474,0.18331771092042362,0.040737269093427474,0.040737269093427474,0.020368634546713737,0.010184317273356868,0.020368634546713737,0.040737269093427474,0.06110590364014121,0.08147453818685495,0.040737269093427474,0.010184317273356868
65,0.03996532780076328,0.13333814891656065,0.026667629783312132,0.020000722337484098,0.040001444674968197,0.040001444674968197,0.020000722337484098,0.040001444674968197,0.020000722337484098,0.2400086680498092,0.040001444674968197,0.040001444674968197,0.0600021670124523,0.020000722337484098,0.020000722337484098,0.026667629783312132,0.040001444674968197,0.013333814891656066,0.08000288934993639,0.020000722337484098,0.020000722337484098
66,0.026800449799266036,0.08602868952050689,0.0492872700377904,0.0268839654751584,0.0403259482127376,0.0806518964254752,0.0134419827375792,0.0134419827375792,0.0537679309503168,0.1075358619006336,0.09409387916305441,0.0537679309503168,0.0268839654751584,0.0268839654751584,0.0134419827375792,0.0537679309503168,0.0268839654751584,0.1075358619006336,0.044806609125264,0.0268839654751584,0.0268839654751584
67,0.020943269160846458,0.12282073684362141,0.10527491729453264,0.12632990075343917,0.014036655639271018,0.04210996691781306,0.03158247518835979,0.03158247518835979,0.02105498345890653,0.04210996691781306,0.04210996691781306,0.04210996691781306,0.04210996691781306,0.04210996691781306,0.02105498345890653,0.04210996691781306,0.02105498345890653,0.04210996691781306,0.08421993383562612,0.04210996691781306,0.02105498345890653
68,0.02638405539325268,0.22057452301919966,0.13234471381151983,0.05955512121518392,0.013234471381151983,0.03529192368307195,0.026468942762303965,0.017645961841535975,0.026468942762303965,0.0794068282869119,0.05293788552460793,0.05293788552460793,0.026468942762303965,0.008822980920767987,0.005293788552460793,0.026468942762303965,0.017645961841535975,0.026468942762303965,0.09264129966806388,0.026468942762303965,0.026468942762303965
69,0.024386924155047278,0.22043140625785543,0.036738567709642574,0.12246189236547524,0.012246189236547524,0.048984756946190096,0.00816412615769835,0.012246189236547524,0.012246189236547524,0.048984756946190096,0.012246189236547524,0.024492378473095048,0.048984756946190096,0.024492378473095048,0.048984756946190096,0.024492378473095048,0.048984756946190096,0.024492378473095048,0.12246189236547524,0.024492378473095048,0.048984756946190096
70,0.019509686133163718,0.11765883766402035,0.19609806277336725,0.03268301046222787,0.03921961255467345,0.09804903138668362,0.019609806277336723,0.04902451569334181,0.019609806277336723,0.03921961255467345,0.05882941883201018,0.0065366020924455745,0.03921961255467345,0.009804903138668362,0.019609806277336723,0.019609806277336723,0.019609806277336723,0.05882941883201018,0.0784392251093469,0.03921961255467345,0.019609806277336723
71,0.02387271251382691,0.1857958201723579,0.03356311590210337,0.014384192529472876,0.04794730843157624,0.0191789233726305,0.02397365421578812,0.007991218071929374,0.015982436143858747,0.03995609035964687,0.04794730843157624,0.03596048132368218,0.03596048132368218,0.09589461686315248,0.02397365421578812,0.03596048132368218,0.04794730843157624,0.07192096264736436,0.07192096264736436,0.09589461686315248,0.02397365421578812
72,0.026836490772594878,0.2422813715918851,0.03589353653213113,0.013460076199549172,0.01794676826606556,0.05384030479819669,0.05384030479819669,0.010768060959639338,0.013460076199549172,0.026920152399098344,0.04038022859864752,0.05384030479819669,0.026920152399098344,0.006730038099774586,0.026920152399098344,0.05384030479819669,0.026920152399098344,0.05384030479819669,0.13460076199549173,0.05384030479819669,0.026920152399098344
73,0.026873150938252335,0.17268054992592938,0.10792534370370585,0.020236001944444845,0.026981335925926463,0.06745333981481616,0.017987557283950975,0.04047200388888969,0.013490667962963231,0.053962671851852925,0.03597511456790195,0.006745333981481616,0.026981335925926463,0.017987557283950975,0.026981335925926463,0.053962671851852925,0.026981335925926463,0.026981335925926463,0.18886935148148523,0.026981335925926463,0.013490667962963231
74,0.020822945665270206,0.2928119350805173,0.03137270733005542,0.029281193508051726,0.03137270733005542,0.020915138220036947,0.01394342548002463,0.041830276440073894,0.041830276440073894,0.041830276440073894,0.020915138220036947,0.041830276440073894,0.06274541466011084,0.010457569110018473,0.041830276440073894,0.026143922775046183,0.041830276440073894,0.041830276440073894,0.10457569110018473,0.020915138220036947,0.020915138220036947
75,0.026999889763121038,0.14635656254259463,0.04065460070627628,0.03613742285002336,0.08130920141255256,0.09486073498131133,0.01806871142501168,0.05420613427503504,0.02710306713751752,0.0677576678437938,0.0677576678437938,0.05420613427503504,0.02710306713751752,0.00903435571250584,0.02710306713751752,0.01806871142501168,0.01355153356875876,0.05420613427503504,0.05420613427503504,0.05420613427503504,0.02710306713751752
76,0.032637281199378275,0.17657775824867689,0.05449930810144347,0.019619750916519654,0.008174896215216521,0.06539916972173217,0.010899861620288694,0.010899861620288694,0.016349792430433042,0.032699584860866084,0.06539916972173217,0.09809875458259826,0.021799723240577388,0.06539916972173217,0.016349792430433042,0.016349792430433042,0.04904937729129913,0.010899861620288694,0.13079833944346433,0.06539916972173217,0.032699584860866084
77,0.028460889658066053,0.1484428023637039,0.09991342466787764,0.04282003914337613,0.01903112850816717,0.11418677104900302,0.01903112850816717,0.04282003914337613,0.014273346381125377,0.04282003914337613,0.014273346381125377,0.028546692762250754,0.014273346381125377,0.014273346381125377,0.028546692762250754,0.014273346381125377,0.05709338552450151,0.05709338552450151,0.14273346381125376,0.028546692762250754,0.028546692762250754
78,0.022117747622609252,0.1777967731595256,0.06667378993482209,0.1555721765145849,0.014816397763293798,0.033336894967411046,0.007408198881646899,0.0444491932898814,0.0444491932898814,0.0222245966449407,0.0222245966449407,0.0222245966449407,0.033336894967411046,0.01111229832247035,0.0444491932898814,0.0444491932898814,0.01111229832247035,0.0444491932898814,0.0888983865797628,0.06667378993482209,0.0222245966449407
79,0.02372654631459051,0.226104659867935,0.04760098102482842,0.02380049051241421,0.00680014014640406,0.03332068671737989,0.02380049051241421,0.05950122628103552,0.011900245256207104,0.08330171679344972,0.02380049051241421,0.02380049051241421,0.09520196204965684,0.007933496837471403,0.02380049051241421,0.07140147153724262,0.02380049051241421,0.07140147153724262,0.07140147153724262,0.02380049051241421,0.02380049051241421
80,0.022197783126571384,0.1561509243676198,0.03717879151609994,0.06692182472897991,0.014871516606439978,0.06692182472897991,0.029743033212879955,0.033460912364489954,0.022307274909659967,0.03717879151609994,0.011153637454829984,0.044614549819319935,0.06692182472897991,0.022307274909659967,0.044614549819319935,0.022307274909659967,0.011153637454829984,0.11153637454829984,0.11153637454829984,0.022307274909659967,0.044614549819319935
81,0.02996745596908411,0.07134432904485445,0.09011915247771089,0.09011915247771089,0.04005295665676039,0.06007943498514059,0.010013239164190097,0.030039717492570294,0.045059576238855446,0.022529788119427723,0.045059576238855446,0.030039717492570294,0.09011915247771089,0.06007943498514059,0.015019858746285147,0.030039717492570294,0.015019858746285147,0.06007943498514059,0.12015886997028118,0.015019858746285147,0.030039717492570294
82,0.02058821498366837,0.28968517584990094,0.10345899137496462,0.06207539482497877,0.010345899137496463,0.04828086264165015,0.04138359654998585,0.031037697412489386,0.04138359654998585,0.020691798274992925,0.020691798274992925,0.04138359654998585,0.04138359654998585,0.020691798274992925,0.020691798274992925,0.010345899137496463,0.031037697412489386,0.020691798274992925,0.0827671930999717,0.020691798274992925,0.020691798274992925
83,0.029266656005933388,0.09462610748177458,0.09788907670528403,0.019577815341056806,0.02936672301158521,0.23493378409268167,0.02936672301158521,0.009788907670528403,0.02936672301158521,0.02936672301158521,0.04405008451737782,0.04405008451737782,0.05873344602317042,0.014683361505792605,0.02936672301158521,0.02936672301158521,0.014683361505792605,0.04405008451737782,0.05873344602317042,0.02936672301158521,0.02936672301158521
84,0.025781322852376692,0.10776755278181673,0.03233026583454502,0.03879631900145403,0.03879631900145403,0.10345685067054407,0.051728425335272034,0.025864212667636017,0.012932106333818008,0.051728425335272034,0.006466053166909004,0.025864212667636017,0.12932106333818008,0.012932106333818008,0.025864212667636017,0.025864212667636017,0.025864212667636017,0.025864212667636017,0.1551852760058161,0.051728425335272034,0.025864212667636017
85,0.019278980865019574,0.10853829460782392,0.04845459580706425,0.019381838322825702,0.009690919161412851,0.07752735329130281,0.019381838322825702,0.07752735329130281,0.038763676645651404,0.1162910299369542,0.0581455149684771,0.009690919161412851,0.0581455149684771,0.019381838322825702,0.019381838322825702,0.009690919161412851,0.019381838322825702,0.038763676645651404,0.15505470658260562,0.0581455149684771,0.019381838322825702
86,0.027736464072729068,0.21580073709125583,0.05569051279774345,0.04176788459830759,0.027845256398871726,0.06497226493070068,0.009281752132957241,0.013922628199435863,0.08353576919661518,0.08353576919661518,0.05569051279774345,0.027845256398871726,0.013922628199435863,0.013922628199435863,0.027845256398871726,0.027845256398871726,0.013922628199435863,0.05569051279774345,0.027845256398871726,0.08353576919661518,0.027845256398871726
87,0.028592770024990402,0.094145795165778,0.05730613618786488,0.01432653404696622,0.009551022697977479,0.05730613618786488,0.005730613618786488,0.08595920428179732,0.02865306809393244,0.02148980107044933,0.08595920428179732,0.01432653404696622,0.02865306809393244,0.009551022697977479,0.01432653404696622,0.0716326702348311,0.02865306809393244,0.02865306809393244,0.2292245447514595,0.05730613618786488,0.02865306809393244
88,0.029215059013476548,0.12562278172363353,0.058623964804362313,0.029311982402181157,0.08793594720654346,0.058623964804362313,0.019541321601454102,0.1465599120109058,0.014655991201090578,0.029311982402181157,0.019541321601454102,0.029311982402181157,0.029311982402181157,0.014655991201090578,0.029311982402181157,0.058623964804362313,0.029311982402181157,0.029311982402181157,0.08793594720654346,0.058623964804362313,0.014655991201090578
89,0.02370239242668601,0.23018398877744797,0.055561652463521925,0.023812136770080827,0.01587475784672055,0.0952485470803233,0.023812136770080827,0.07143641031024248,0.0317495156934411,0.07143641031024248,0.04762427354016165,0.023812136770080827,0.023812136770080827,0.011906068385040413,0.023812136770080827,0.023812136770080827,0.05953034192520207,0.023812136770080827,0.04762427354016165,0.04762427354016165,0.023812136770080827
90,0.025961774224120392,0.10412880810076218,0.032540252531488185,0.15619321215114326,0.01735480135012703,0.026032202025190545,0.039048303037785816,0.01735480135012703,0.13016101012595274,0.10412880810076218,0.01735480135012703,0.026032202025190545,0.05206440405038109,0.05206440405038109,0.026032202025190545,0.01735480135012703,0.013016101012595272,0.05206440405038109,0.05206440405038109,0.026032202025190545,0.013016101012595272
91,0.02861531600723435,0.14369595917052747,0.05173054530138989,0.07663784489094798,0.04310878775115824,0.07184797958526373,0.028739191834105497,0.028739191834105497,0.04310878775115824,0.03831892244547399,0.057478383668210994,0.009579730611368497,0.028739191834105497,0.028739191834105497,0.019159461222736995,0.057478383668210994,0.057478383668210994,0.08621757550231648,0.04310878775115824,0.028739191834105497,0.028739191834105497
