,0,1,2,3,4,5,6,7,8,9,10,11,12,13,14,15,16,17,18,19,20
0,0.03763385009288218,0.049406307142634394,0.07110325684019342,0.0376429006801024,0.10351797687028157,0.03011432054408192,0.13175015238035837,0.028232175510076795,0.06022864108816384,0.02688778620007314,0.012547633560034133,0.05019053424013653,0.0094107251700256,0.0188214503400512,0.0376429006801024,0.0376429006801024,0.025095267120068265,0.05646435102015359,0.025095267120068265,0.11292870204030718,0.0376429006801024
1,0.02810561296651855,0.034234735236198924,0.03936994552162875,0.04569725819474766,0.03067787962724319,0.04921243190203594,0.03615607241782232,0.018747593105537506,0.01757586853644141,0.03936994552162875,0.009373796552768753,0.11248555863322501,0.014060694829153127,0.08436416897491876,0.009373796552768753,0.16872833794983752,0.028121389658306253,0.03749518621107501,0.08436416897491876,0.05624277931661251,0.05624277931661251
2,0.0368574320719598,0.038706508630452066,0.030719451294009575,0.03159714990240985,0.015359725647004788,0.05068709463511579,0.04212953320321314,0.049151122070415325,0.04739572485361477,0.11059002465843447,0.027647506164608617,0.06143890258801915,0.03686334155281149,0.006143890258801916,0.04607917694101436,0.03686334155281149,0.055295012329217234,0.07372668310562298,0.14745336621124597,0.018431670776405746,0.03686334155281149
3,0.0400615828493351,0.046478889721830056,0.050995647030221074,0.03005100628566599,0.028047605866621587,0.04674600977770265,0.02671200558725866,0.035059507333276986,0.11018702304744195,0.08013601676177597,0.056095211733243174,0.14023802933310794,0.02671200558725866,0.04006800838088798,0.03005100628566599,0.06010201257133198,0.02671200558725866,0.016027203352355194,0.016027203352355194,0.05342401117451732,0.04006800838088798
4,0.03491509683717854,0.046576799858058245,0.07423177477378032,0.034932599893543685,0.016301879950320387,0.04128398169236981,0.034932599893543685,0.02794607991483495,0.0436657498669296,0.0218328749334648,0.049903714133633835,0.0873314997338592,0.0931535997161165,0.0436657498669296,0.06986519978708737,0.023288399929029126,0.017466299946771843,0.10479779968063105,0.052398899840315524,0.04657679985805825,0.034932599893543685
5,0.03938910114287441,0.08756993380432856,0.04785071382879382,0.033776974467383876,0.07881294042389571,0.08669423446628527,0.039406470211947854,0.039406470211947854,0.032838725176623215,0.0459742152472725,0.019703235105973927,0.026270980141298573,0.039406470211947854,0.07881294042389571,0.039406470211947854,0.05910970531792178,0.026270980141298573,0.049258087764934816,0.031525176169558286,0.05910970531792178,0.039406470211947854
6,0.0540150035476452,0.0935997362260897,0.050399857967894465,0.03599989854849605,0.02454538537397458,0.05399984782274407,0.08485690372145496,0.05399984782274407,0.03857131987338862,0.034363539523564406,0.05399984782274407,0.04724986684490105,0.03239990869364644,0.05399984782274407,0.03599989854849605,0.04049988586705805,0.013499961955686018,0.03599989854849605,0.026999923911372035,0.10799969564548814,0.026999923911372035
7,0.03643602017707276,0.029147647735359314,0.057254308051598646,0.01821727983459957,0.01821727983459957,0.03643455966919914,0.10930367900759742,0.09472985513991776,0.07286911933839828,0.01821727983459957,0.03643455966919914,0.022771599793249463,0.024289706446132764,0.07286911933839828,0.012144853223066382,0.07286911933839828,0.01821727983459957,0.07286911933839828,0.14573823867679656,0.021860735801519485,0.009108639917299785
8,0.03270671578216846,0.06159026466319978,0.02999317576046447,0.049079742153487316,0.013087931240929952,0.04674261157474983,0.05453304683720813,0.020449892563953048,0.018177682279069376,0.08179957025581219,0.07634626557209138,0.024539871076743658,0.01635991405116244,0.018697044629899934,0.019631896861394927,0.06543965620464975,0.06543965620464975,0.04362643746976651,0.16359914051162439,0.06543965620464975,0.03271982810232488
9,0.04870733427484138,0.04648404610710154,0.06493009614960216,0.053567329323421765,0.06087196514025201,0.03787588942060125,0.08927888220570294,0.04869757211220161,0.013913592032057606,0.019479028844880644,0.024348786056100805,0.029218543267320964,0.04869757211220161,0.04869757211220161,0.03246504807480108,0.06493009614960216,0.04869757211220161,0.04869757211220161,0.04869757211220161,0.04869757211220161,0.07304635816830242
10,0.05792095866245671,0.06368752079279266,0.08684661926289909,0.05789774617526606,0.043423309631449546,0.05789774617526606,0.04631819694021285,0.024124060906360857,0.05789774617526606,0.05789774617526606,0.03859849745017738,0.04631819694021285,0.033084426385866325,0.05789774617526606,0.014474436543816515,0.05789774617526606,0.02894887308763303,0.03859849745017738,0.05789774617526606,0.05789774617526606,0.014474436543816515
11,0.026508766891808425,0.035369823560668735,0.031832841204601864,0.015474297807792576,0.022737743717572763,0.01768491178033437,0.04926511138807431,0.033159209588126945,0.044212279450835924,0.18569157369351086,0.07958210301150466,0.05305473534100311,0.05836020887510342,0.03979105150575233,0.07958210301150466,0.019895525752876165,0.06631841917625389,0.008842455890167186,0.05305473534100311,0.05305473534100311,0.026527367670501557
12,0.03314577608414863,0.06048713786296078,0.06265513563582675,0.04738623703549923,0.024877774443637094,0.02843174222129954,0.03317036592484946,0.05307258547975914,0.02321925614739462,0.09951109777454838,0.11056788641616487,0.024877774443637094,0.019902219554909676,0.03317036592484946,0.055283943208082435,0.024877774443637094,0.08292591481212365,0.08292591481212365,0.01658518296242473,0.06634073184969892,0.01658518296242473
13,0.03626234405525345,0.045814245730995,0.03626961120370437,0.06528530016666786,0.03173590980324132,0.04080331260416742,0.021761766722222624,0.08160662520833484,0.027202208402778278,0.10880883361111311,0.03626961120370437,0.024179740802469585,0.03626961120370437,0.013601104201389139,0.03626961120370437,0.007253922240740875,0.18134805601852186,0.03626961120370437,0.060449352006173955,0.03626961120370437,0.03626961120370437
14,0.03984664439047674,0.09964855345435969,0.03985942138174388,0.031001772185800792,0.02989456603630791,0.04555362443627872,0.05580318993444142,0.11957826414523164,0.04555362443627872,0.03487699370902589,0.07971884276348776,0.013286473793914627,0.11957826414523164,0.03985942138174388,0.049824276727179845,0.03985942138174388,0.049824276727179845,0.026572947587829254,0.013286473793914627,0.01992971069087194,0.006643236896957313
15,0.036025322152847476,0.04202617341005126,0.011083825954299232,0.02701682576360438,0.041168496401682866,0.05403365152720876,0.0504314080920615,0.0504314080920615,0.04502804293934063,0.02947290083302296,0.28817947481178,0.08105047729081313,0.01801121717573625,0.06003739058578751,0.01350841288180219,0.014408973740589002,0.006003739058578751,0.024014956234315005,0.0360224343514725,0.01801121717573625,0.05403365152720876
16,0.03394473030486199,0.03931781914330108,0.033956298351032754,0.019807840704769108,0.07470385637227205,0.04365809787989925,0.026410454273025474,0.04244537293879094,0.09055012893608735,0.11318766117010919,0.033956298351032754,0.11884704422861463,0.033956298351032754,0.033956298351032754,0.020373779010619653,0.02263753223402184,0.033956298351032754,0.016978149175516377,0.014552699293299753,0.13582519340413102,0.016978149175516377
17,0.04126158162659512,0.04778135571832469,0.034388096918491255,0.14443000705766326,0.050435875480453835,0.06602514608350321,0.06877619383698251,0.027510477534793007,0.041265716302189503,0.022925397945660838,0.029475511644421075,0.09628667137177552,0.041265716302189503,0.020632858151094752,0.033012573041751606,0.05158214537773688,0.0247594297813137,0.013755238767396503,0.041265716302189503,0.061898574453284255,0.041265716302189503
18,0.03609298220752603,0.04212704968499887,0.06419359951999827,0.036108899729999026,0.05416334959499854,0.024072599819999353,0.0631905745274983,0.05416334959499854,0.02708167479749927,0.05416334959499854,0.03009074977499919,0.1263811490549966,0.045136124662498785,0.036108899729999026,0.036108899729999026,0.048145199639998706,0.024072599819999353,0.036108899729999026,0.018054449864999513,0.07221779945999805,0.07221779945999805
19,0.039285741101955776,0.07366962370238013,0.017462429322045663,0.06548410995767123,0.014733924740476025,0.07072283875428491,0.039290465974602735,0.033677542263945204,0.03143237277968219,0.04714855916952328,0.05238728796613699,0.02946784948095205,0.03143237277968219,0.019645232987301368,0.04911308246825342,0.03143237277968219,0.05238728796613699,0.06548410995767123,0.0589356989619041,0.0589356989619041,0.1178713979238082
20,0.04210022750508824,0.034849251021854565,0.07486135404694684,0.0842190233028152,0.06617208973792622,0.06015644521629657,0.03684582269498164,0.06015644521629657,0.023394173139670887,0.0421095116514076,0.0842190233028152,0.01684380466056304,0.10527377912851899,0.0105273779128519,0.028073007767605067,0.028073007767605067,0.0421095116514076,0.03368760932112608,0.0421095116514076,0.06316426747711139,0.0210547558257038
21,0.03234967623321635,0.06150135219566306,0.05394855455759918,0.024899332872738083,0.020230707959099693,0.1510559527612777,0.0712120920160309,0.022658392914191652,0.021579421823039673,0.043158843646079345,0.032369132734559505,0.02427684955091963,0.16184566367279754,0.016184566367279753,0.02427684955091963,0.05394855455759918,0.032369132734559505,0.006473826546911901,0.06473826546911901,0.032369132734559505,0.04855369910183926
22,0.030791279268125114,0.01334556278764648,0.07083414094981592,0.06775439569112827,0.023953574234237274,0.05279563300607399,0.013998842084943862,0.043116433621627086,0.06672781393823239,0.03079745258687649,0.026397816503036995,0.03079745258687649,0.043116433621627086,0.015398726293438246,0.2155821681081354,0.15398726293438247,0.018478471552125893,0.015398726293438246,0.041063270115835326,0.010265817528958832,0.015398726293438246
23,0.0476001873198804,0.06544632220642183,0.029748328275646285,0.03173155016068937,0.0555302127812064,0.04283759271693065,0.06346310032137875,0.04363088147094788,0.054396943132610356,0.04759732524103406,0.08329531917180959,0.04759732524103406,0.031731550160689376,0.038077860192827245,0.04759732524103406,0.07932887540172344,0.04759732524103406,0.04759732524103406,0.04759732524103406,0.02379866262051703,0.02379866262051703
24,0.044139055011948335,0.03354702624455792,0.07356804000999545,0.06179715360839617,0.04414082400599727,0.04012802182363388,0.01891749600257026,0.06179715360839617,0.03783499200514052,0.0662112360089959,0.04414082400599727,0.08828164801199453,0.017656329602398907,0.022070412002998634,0.058854432007996366,0.04414082400599727,0.07356804000999545,0.07356804000999545,0.022070412002998634,0.029427216003998183,0.04414082400599727
25,0.03678160611410189,0.02790664310684017,0.03961572413068919,0.055179044324888515,0.04291703447491329,0.012262009849975226,0.06437555171236993,0.03153088247136487,0.050580790631147794,0.06621485318986621,0.06437555171236993,0.09196507387481419,0.03678602954992567,0.027589522162444258,0.03678602954992567,0.01471441181997027,0.049048039399900906,0.012262009849975226,0.09196507387481419,0.07357205909985134,0.07357205909985134
26,0.03266857025576486,0.04420751114361264,0.0449282857818237,0.028007243084773224,0.016337558466117712,0.028590727315705996,0.013614632055098094,0.03921014031868251,0.014522274192104634,0.1307004677289417,0.032675116932235425,0.08168779233058857,0.06535023386447085,0.07624193950854934,0.032675116932235425,0.06535023386447085,0.09802535079670628,0.06535023386447085,0.06535023386447085,0.008168779233058856,0.016337558466117712
27,0.03138041683516111,0.04512381369986687,0.028975826857439605,0.03452952700511552,0.008561039753334429,0.03766857491467148,0.026906124939051063,0.08161524564845488,0.02511238327644766,0.02242177078254255,0.008968708313017021,0.03139047909555957,0.06278095819111915,0.06278095819111915,0.07847619773889893,0.0941714372866787,0.03139047909555957,0.052317465159265955,0.1255619163822383,0.0941714372866787,0.015695239547779787
28,0.04447927614060026,0.027524858597754418,0.031385811613729026,0.04816850254607023,0.037622735716457224,0.05928431082593261,0.03334742483958709,0.013338969935834834,0.05716701401072072,0.029642155412966303,0.11115808279862363,0.0889264662388989,0.04446323311944945,0.022231616559724724,0.022231616559724724,0.03557058649555956,0.026677939871669668,0.04446323311944945,0.04446323311944945,0.13338969935834835,0.04446323311944945
29,0.044889955783143656,0.03990458213566573,0.051799217195335326,0.06121725668539629,0.05387118588314873,0.06413236414660564,0.052374764053061275,0.038479418487963386,0.05387118588314873,0.08978530980524789,0.011223163725655986,0.01496421830087465,0.044892654902623945,0.044892654902623945,0.06733898235393591,0.022446327451311972,0.026935592941574365,0.044892654902623945,0.01496421830087465,0.06733898235393591,0.08978530980524789
30,0.032326100454449676,0.048495954130357045,0.030021304937840075,0.028738343188359734,0.048495954130357045,0.04156796068316318,0.0215537573912698,0.020206647554315435,0.01616531804345235,0.01616531804345235,0.01616531804345235,0.0323306360869047,0.056578613152083214,0.009237324596258487,0.01616531804345235,0.0323306360869047,0.16165318043452348,0.08082659021726174,0.16165318043452348,0.0646612721738094,0.0646612721738094
31,0.05144159840149854,0.0885903117048784,0.0698107986245816,0.042086892950704696,0.042086892950704696,0.042086892950704696,0.040008527866719275,0.04286627985719923,0.020575814331455628,0.0734850511837701,0.06172744299436688,0.05143953582863907,0.06429941978579884,0.03086372149718344,0.05143953582863907,0.05143953582863907,0.008573255971439845,0.038579651871479305,0.05143953582863907,0.05143953582863907,0.025719767914319534
32,0.03664290595966278,0.051645602966278355,0.024434478822755352,0.03207025345486639,0.02290732389633314,0.036651718234133025,0.027488788675599767,0.03207025345486639,0.1649327320535986,0.04581464779266628,0.10995515470239907,0.036651718234133025,0.036651718234133025,0.030543098528444185,0.036651718234133025,0.054977577351199534,0.036651718234133025,0.018325859117066513,0.036651718234133025,0.10995515470239907,0.018325859117066513
33,0.03331258635343959,0.03786735335870204,0.05331723352905247,0.016661635477828896,0.025918099632178282,0.029990943860092007,0.03332327095565779,0.04760467279379684,0.03887714944826742,0.02776939246304816,0.13329308382263116,0.04998490643348669,0.11107756985219264,0.026658616764526234,0.06664654191131558,0.006664654191131558,0.04443102794087706,0.03332327095565779,0.09996981286697337,0.03332327095565779,0.04998490643348669
34,0.060721438424381206,0.04854600779717088,0.0404550064976424,0.09102376461969539,0.02427300389858544,0.060682509746463595,0.08495551364504902,0.0404550064976424,0.02600678989134154,0.02600678989134154,0.05201357978268308,0.02600678989134154,0.060682509746463595,0.0758531371830795,0.030341254873231797,0.12136501949292719,0.02427300389858544,0.01733785992756103,0.04854600779717088,0.0202275032488212,0.0202275032488212
35,0.03421826710983933,0.054051586319329936,0.019561526477471787,0.010269801400672686,0.039123052954943574,0.057054452225959375,0.05134900700336344,0.028527226112979687,0.03423267133557562,0.04401343457431151,0.06846534267115124,0.08558167833893907,0.10269801400672687,0.045643561780767505,0.057054452225959375,0.05990717483725733,0.03423267133557562,0.008558167833893906,0.045643561780767505,0.10269801400672687,0.01711633566778781
36,0.04084925057709171,0.05527660346120998,0.05971352146478536,0.04426133827872248,0.04085661994958998,0.018856901515195378,0.024513971969753988,0.03574954245589123,0.03574954245589123,0.06537059191934397,0.07149908491178246,0.02042830997479499,0.04085661994958998,0.030642464962192487,0.02723774663305999,0.08171323989917996,0.05107077493698748,0.12256985984876995,0.10214154987397496,0.02042830997479499,0.010214154987397495
37,0.037488033466885805,0.04614281597264365,0.0468637974722162,0.027266209438380342,0.08248028355110051,0.028118278483329723,0.04284690054602625,0.037491037977772965,0.033325367091353746,0.018745518988886482,0.018745518988886482,0.1874551898888648,0.037491037977772965,0.028118278483329723,0.02499402531851531,0.037491037977772965,0.04998805063703062,0.014996415191109187,0.07498207595554593,0.04998805063703062,0.07498207595554593
38,0.04062328579912488,0.08752085888939365,0.06095202672654201,0.023703565949210782,0.0365712160359252,0.06095202672654201,0.0457140200449065,0.02031734224218067,0.06095202672654201,0.017414864779012003,0.052244594337036,0.032507747587489075,0.10158671121090335,0.12190405345308401,0.04063468448436134,0.04063468448436134,0.030476013363271003,0.027089789656240894,0.030476013363271003,0.027089789656240894,0.04063468448436134
39,0.033748673672049256,0.05163941838537909,0.05486688203446527,0.04675047936664497,0.023634964568692733,0.01688211754906624,0.019695803807243947,0.09003796026168663,0.014470386470628207,0.059087411421731836,0.07596952897079808,0.06752847019626496,0.04051708211775897,0.11817482284346367,0.03376423509813248,0.03376423509813248,0.10129270529439745,0.01688211754906624,0.011254745032710829,0.06752847019626496,0.022509490065421658
40,0.03648270797595539,0.03952531019753085,0.038917228502184216,0.024323267813865134,0.029851283226107216,0.03127277290354089,0.06384857801139597,0.024323267813865138,0.04560612715099713,0.036484901720797706,0.04560612715099713,0.048646535627730275,0.02189094103247862,0.036484901720797706,0.048646535627730275,0.07296980344159541,0.014593960688319082,0.1824245086039885,0.012161633906932569,0.10945470516239311,0.036484901720797706
41,0.045356866036863674,0.04295846895725369,0.04883313137875847,0.03886718619942001,0.02591145746628001,0.06801757584898502,0.031741535396193,0.022672525282995005,0.04534505056599001,0.09069010113198002,0.06801757584898502,0.009069010113198002,0.11336262641497502,0.06046006742132002,0.027207030339594006,0.03023003371066001,0.018138020226396004,0.04534505056599001,0.06801757584898502,0.009069010113198002,0.09069010113198002
42,0.03685498764795401,0.04268274919549121,0.06266603631883481,0.03225457751704733,0.0506857646696458,0.015798160416512982,0.03225457751704733,0.036862374305196954,0.022117424583118172,0.08601220671212623,0.11058712291559086,0.022117424583118172,0.07372474861039391,0.14744949722078782,0.009215593576299239,0.007372474861039391,0.018431187152598477,0.030718645254330795,0.05160732402727573,0.036862374305196954,0.07372474861039391
43,0.03497347387217699,0.028319235193094573,0.04372823081286663,0.02405052694707664,0.0349825846502933,0.1049477539508799,0.08162603085068437,0.019434769250162947,0.04197910158035196,0.1049477539508799,0.0349825846502933,0.0349825846502933,0.05247387697543995,0.0699651693005866,0.0349825846502933,0.0349825846502933,0.04372823081286663,0.0349825846502933,0.05247387697543995,0.05247387697543995,0.0349825846502933
44,0.03975711611413709,0.03180824275244659,0.029157555856409372,0.0441781149339536,0.0441781149339536,0.07952060688111647,0.029820227580418676,0.04771236412866988,0.01704013004595353,0.08946068274125603,0.0662671724009304,0.04771236412866988,0.08946068274125603,0.01325343448018608,0.02650686896037216,0.1192809103216747,0.09940075860139559,0.03180824275244659,0.02385618206433494,0.009940075860139558,0.019880151720279116
45,0.035712010058639325,0.06378806466636393,0.044651645266454744,0.041674868915357766,0.04082436138647291,0.02198234843887003,0.022325822633227372,0.06429836918369483,0.03125615168651832,0.05953552702193966,0.01984517567397989,0.08930329053290949,0.015309135519927342,0.017860658106581898,0.026790987159872846,0.17860658106581898,0.047628421617551736,0.035721316213163795,0.047628421617551736,0.023814210808775868,0.07144263242632759
46,0.03085980448806139,0.05319113381789699,0.05226721834215188,0.03088517447490793,0.02059011631660529,0.03088517447490793,0.026473006692778227,0.046327761712361894,0.03860646809363492,0.09265552342472379,0.07206540710811851,0.026473006692778227,0.10809811066217774,0.046327761712361894,0.03088517447490793,0.07721293618726983,0.03088517447490793,0.015442587237453965,0.07721293618726983,0.03088517447490793,0.06177034894981586
47,0.0445914502010657,0.03566243891456098,0.03771988731347796,0.055722560804001536,0.10698731674368293,0.026746829185920733,0.03900579256280107,0.004953116515911247,0.022289024321600612,0.07429674773866872,0.022289024321600612,0.044578048643201224,0.044578048643201224,0.044578048643201224,0.03566243891456098,0.05943739819093498,0.1783121945728049,0.044578048643201224,0.03343353648240092,0.022289024321600612,0.022289024321600612
48,0.04235362761095564,0.0390933057689069,0.058639958653360344,0.0705851354160819,0.05646810833286552,0.0665516991065915,0.01954665288445345,0.08470216249929828,0.02420061785694237,0.04235108124964914,0.010587770312412285,0.010587770312412285,0.016940432499859655,0.03388086499971931,0.08470216249929828,0.05646810833286552,0.06352662187447371,0.02823405416643276,0.06352662187447371,0.04235108124964914,0.08470216249929828
49,0.04225523847076278,0.029911005556826083,0.04691922440286445,0.028151534641718674,0.0295591113738046,0.01535538253184655,0.05278412745322251,0.030162358544698575,0.021113650981289003,0.042227301962578005,0.042227301962578005,0.03518941830214834,0.021113650981289003,0.042227301962578005,0.014075767320859337,0.021113650981289003,0.10556825490644502,0.253363811775468,0.021113650981289003,0.08445460392515601,0.021113650981289003
50,0.03811227053814809,0.05718903098369391,0.0309773917828342,0.06354336775965991,0.04193862272137553,0.05718903098369391,0.04575122478695513,0.04448035743176194,0.05337642891811432,0.031771683879829954,0.028594515491846956,0.09531505163948986,0.030500816524636758,0.06354336775965991,0.0063543367759659915,0.09531505163948986,0.05718903098369391,0.01906301032789797,0.03812602065579594,0.07625204131159188,0.025417347103863966
51,0.03740721724761633,0.04572451353068209,0.04421295936437856,0.02494064374400842,0.04676370702001578,0.02078386978667368,0.054038061445351566,0.042755389275443006,0.03741096561601263,0.06235160936002104,0.022446579369607575,0.02494064374400842,0.07482193123202525,0.01247032187200421,0.03741096561601263,0.02494064374400842,0.03741096561601263,0.03741096561601263,0.26187675931208837,0.03741096561601263,0.01247032187200421
52,0.03522662059659518,0.0352428631745536,0.09062450530599496,0.05034694739221943,0.03132698948849209,0.039648221071372794,0.03132698948849209,0.05482223160486115,0.04699048423273813,0.044053578968191995,0.0352428631745536,0.1409714526982144,0.0528642947618304,0.0352428631745536,0.04229143580946432,0.0352428631745536,0.0176214315872768,0.0704857263491072,0.02819429053964288,0.0704857263491072,0.011747621058184533
53,0.04717963146904678,0.05425005261405337,0.09434791758965805,0.020966203908812903,0.05391309576551889,0.03538046909612177,0.017690234548060884,0.027518142630316933,0.06604354231276063,0.055036285260633866,0.013478273941379723,0.031449305863219354,0.01886958351793161,0.047173958794829024,0.03538046909612177,0.07076093819224354,0.09434791758965805,0.06289861172643871,0.08255442789095079,0.047173958794829024,0.023586979397414512
54,0.030144309296009152,0.04257884487565921,0.07238403628862065,0.04308573588608372,0.06032003024051721,0.030160015120258604,0.018096009072155163,0.1357200680411637,0.015080007560129302,0.03619201814431033,0.04021335349367814,0.03619201814431033,0.045240022680387904,0.015080007560129302,0.12064006048103441,0.022620011340193952,0.12064006048103441,0.010053338373419535,0.06032003024051721,0.015080007560129302,0.030160015120258604
55,0.033874009695345424,0.05506733152329795,0.015947100531633798,0.04894873913182041,0.05422014180755491,0.0564793143828697,0.02156482912800479,0.05422014180755491,0.11860656020402635,0.027110070903777456,0.06777517725944364,0.10166276588916545,0.025415691472291363,0.03388758862972182,0.10166276588916545,0.050831382944582726,0.01694379431486091,0.008471897157430455,0.02259172575314788,0.06777517725944364,0.01694379431486091
56,0.045683530938218773,0.056074016597203034,0.05711242431196604,0.05711242431196604,0.03426745458717963,0.06853490917435925,0.027413963669743698,0.06853490917435925,0.04568993944957283,0.04568993944957283,0.05221707365665467,0.022844969724786415,0.06091991926609712,0.06091991926609712,0.01522997981652428,0.022844969724786415,0.06091991926609712,0.09137987889914566,0.06853490917435925,0.01522997981652428,0.022844969724786415
57,0.037284556082215495,0.02485836321612401,0.04067732162638475,0.055931317236279025,0.08700427125643405,0.04557366589622735,0.03314448428816535,0.09321886206046504,0.03728754482418602,0.044745053789023215,0.055931317236279025,0.055931317236279025,0.027965658618139513,0.03728754482418602,0.01864377241209301,0.03728754482418602,0.009321886206046504,0.04660943103023252,0.03728754482418602,0.14915017929674407,0.024858363216124012
58,0.04270877773494022,0.0427104897154483,0.02135524485772415,0.07321798236933995,0.06833678354471728,0.0427104897154483,0.03321926977868201,0.1281314691463449,0.0427104897154483,0.02847365981029887,0.02440599412311332,0.05338811214431038,0.07118414952574717,0.007118414952574718,0.0427104897154483,0.0427104897154483,0.06406573457317245,0.0427104897154483,0.0427104897154483,0.0427104897154483,0.0427104897154483
59,0.0373427056517061,0.03571123595954737,0.021614695449199726,0.034223267794566234,0.03733447395770862,0.028000855468281464,0.04977929861027816,0.03200097767803596,0.05226826354079206,0.0266674813983633,0.046668092447135774,0.028000855468281464,0.03733447395770862,0.2240068437462517,0.11200342187312586,0.016593099536759387,0.07466894791541724,0.01866723697885431,0.03733447395770862,0.03733447395770862,0.01244482465256954
60,0.044791924617663285,0.049034227728587745,0.029100748195444465,0.0319788441708181,0.07035345717579981,0.02238519091957267,0.013431114551743601,0.029846921226096897,0.025583075336654482,0.04477038183914534,0.053724458206974406,0.02238519091957267,0.2238519091957267,0.03581630547131627,0.03357778637935901,0.04477038183914534,0.026862229103487203,0.08954076367829068,0.04477038183914534,0.03357778637935901,0.029846921226096897
61,0.04352905003757432,0.03937158894251458,0.027974550038102463,0.05439495840742146,0.02769197882559638,0.1044383201422492,0.013389528223365282,0.024866266700535527,0.0261095800355623,0.1305479001778115,0.04351596672593717,0.021757983362968584,0.07252661120989529,0.04351596672593717,0.014505322241979058,0.04351596672593717,0.04351596672593717,0.06527395008890576,0.029010644483958115,0.04351596672593717,0.08703193345187434
62,0.03650376320308807,0.06261928302937657,0.06209745567079842,0.02435194340031311,0.06261928302937657,0.0791438160510176,0.03246925786708415,0.05113908114065752,0.04565989387558708,0.012175971700156555,0.06087985850078277,0.10045176652629155,0.04174618868625105,0.027395936325352248,0.05113908114065752,0.027395936325352248,0.03652791510046966,0.01826395755023483,0.04565989387558708,0.012175971700156555,0.10958374530140899
63,0.050563005534097934,0.11004448415070224,0.050560979204376695,0.03370731946958447,0.022471546313056312,0.07078537088612738,0.04044878336350136,0.04333798217518003,0.060673175045252034,0.025280489602188348,0.03611498514598336,0.06320122400547087,0.02022439168175068,0.03792073440328252,0.014445994058393344,0.025280489602188348,0.12640244801094175,0.050560979204376695,0.016853659734792234,0.050560979204376695,0.050560979204376695
64,0.04191648705634565,0.038698345917470234,0.03593417835193665,0.038698345917470234,0.04192320807725942,0.06288481211588913,0.06707713292361507,0.04192320807725942,0.05869249130816318,0.06987201346209904,0.09782081884693865,0.027948805384839615,0.016769283230903768,0.06288481211588913,0.04192320807725942,0.05240401009657428,0.06288481211588913,0.04192320807725942,0.04192320807725942,0.04192320807725942,0.013974402692419808
65,0.0361048271355773,0.06159552438994016,0.08253193415794939,0.04814362825880381,0.006565040217109611,0.028083783150968888,0.013130080434219222,0.07221544238820571,0.016047876086267936,0.02708079089557714,0.036107721194102854,0.036107721194102854,0.16248474537346283,0.012035907064700953,0.014443088477641142,0.18053860597051427,0.05416158179115428,0.05416158179115428,0.010316491769743674,0.012035907064700953,0.036107721194102854
66,0.04351166295170979,0.03828105568717697,0.04350119964451928,0.03107228546037092,0.018125499851883036,0.016731230632507418,0.07975219934828535,0.03480095971561543,0.13050359893355787,0.03107228546037092,0.033834266390181666,0.08700239928903857,0.03262589973338947,0.04350119964451928,0.06525179946677893,0.03480095971561543,0.04350119964451928,0.06525179946677893,0.054376499555649105,0.029000799763012862,0.04350119964451928
67,0.03568903334444327,0.05356037957283466,0.03570691971522311,0.029214752494273456,0.04463364964402888,0.07141383943044621,0.03570691971522311,0.03570691971522311,0.07141383943044621,0.04284830365826773,0.02678018978641733,0.030605931184476954,0.11902306571741036,0.02550494265373079,0.03570691971522311,0.12497421900328086,0.02678018978641733,0.04760922628696415,0.05356037957283466,0.017853459857611553,0.03570691971522311
68,0.03869839741372142,0.035191642239578574,0.04645296775624371,0.05161440861804857,0.11613241939060928,0.07742161292707285,0.05806620969530464,0.0331806912544598,0.05806620969530464,0.06451801077256071,0.038710806463536425,0.012903602154512143,0.04645296775624371,0.06451801077256071,0.012903602154512143,0.07742161292707285,0.038710806463536425,0.038710806463536425,0.025807204309024286,0.025807204309024286,0.038710806463536425
69,0.04386251451154104,0.05782456433473597,0.050615666393800725,0.04874101208291921,0.016871888797933575,0.04386691087462729,0.10966727718656823,0.03760020932110911,0.09504497356169246,0.02924460724975153,0.025066806214072743,0.05848921449950306,0.036555759062189414,0.08773382174925458,0.014622303624875765,0.04386691087462729,0.08773382174925458,0.01754676434985092,0.02924460724975153,0.04386691087462729,0.021933455437313645
70,0.04640567982973731,0.03756048063691952,0.030932160524521957,0.08119692137687014,0.04639824078678294,0.03093216052452196,0.12372864209808784,0.05302656089918051,0.03866520065565245,0.057997800983478676,0.04639824078678294,0.03479868059008721,0.09279648157356588,0.03093216052452196,0.03093216052452196,0.03479868059008721,0.03093216052452196,0.027838944472069763,0.09279648157356588,0.01546608026226098,0.01546608026226098
71,0.037935405433376576,0.07319193571300939,0.071158826387648,0.05218313935094186,0.021084096707451264,0.03105112424188277,0.015180549629364909,0.022770824444047363,0.03795137407341227,0.027108124338151622,0.0885532061712953,0.08539059166517761,0.07590274814682454,0.04743921759176534,0.11385412222023682,0.028463530555059204,0.03795137407341227,0.03795137407341227,0.05692706111011841,0.018975687036706136,0.018975687036706136
72,0.04201708282110217,0.04901796499503282,0.030811292282592054,0.03819581687924636,0.057771173029860096,0.06302309785075648,0.014005132855723664,0.042015398567170986,0.07002566427861831,0.042015398567170986,0.035012832139309155,0.05041847828060518,0.021007699283585493,0.007002566427861832,0.14705389498509844,0.10503849641792747,0.042015398567170986,0.007002566427861832,0.06302309785075648,0.010503849641792747,0.06302309785075648
73,0.029653173871130714,0.02351897713167433,0.04582946927239306,0.021746532478272785,0.04448154370555797,0.04151610745852077,0.04151610745852077,0.02965436247037198,0.04448154370555797,0.004236337495767427,0.01779261748222319,0.016945349983069707,0.008472674991534854,0.11861744988148792,0.022240771852778986,0.20758053729260384,0.11861744988148792,0.02965436247037198,0.04448154370555797,0.05930872494074396,0.02965436247037198
74,0.033362477995776144,0.06041620015367653,0.0267103200679412,0.0572364001455883,0.038952550099080926,0.012141054576336914,0.0467430601188971,0.044517200113235345,0.058428825148621376,0.12242230031139718,0.0467430601188971,0.02384850006066179,0.08346975021231626,0.06677580016985302,0.016693950042463254,0.03338790008492651,0.050081850127389756,0.08346975021231626,0.044517200113235345,0.016693950042463254,0.03338790008492651
75,0.03792269059281927,0.04908232480246003,0.040636340339699054,0.02007913287373365,0.026549075688603378,0.044248459481005635,0.09481812745929778,0.018963625491859558,0.04551270118046294,0.1422271911889467,0.06321208497286519,0.028445438237789337,0.0216727148478395,0.031606042486432596,0.037927250983719116,0.056890876475578674,0.018963625491859558,0.15170900393487646,0.018963625491859558,0.037927250983719116,0.01264241699457304
76,0.04359684590866254,0.04738977579628364,0.05294114953241972,0.04723180987696269,0.043598593732580945,0.06782003469512592,0.026159156239548568,0.027249121082863093,0.0249134821329034,0.06103803122561332,0.03487887498606476,0.08719718746516189,0.010899648433145236,0.021799296866290473,0.054498242165726185,0.043598593732580945,0.08719718746516189,0.043598593732580945,0.014532864577526984,0.07266432288763491,0.08719718746516189
77,0.035048726027783306,0.05258362620902142,0.0385613258866157,0.04206690096721713,0.020449187970174997,0.023370500537342853,0.023370500537342853,0.08763937701503569,0.058426251343357126,0.023370500537342853,0.023370500537342853,0.005007964400859183,0.08179675188069999,0.03505575080601427,0.046741001074685706,0.017527875403007136,0.07011150161202855,0.03505575080601427,0.017527875403007136,0.21033450483608565,0.05258362620902141
78,0.04111463577396019,0.05480743087181244,0.03882193020086714,0.03425464429488277,0.024663343892315594,0.025690983221162075,0.022836429529921848,0.02740371543590622,0.04932668778463119,0.05754780241540305,0.06850928858976554,0.011744449472531237,0.01370185771795311,0.05480743087181244,0.04110557315385932,0.01644222926154373,0.030829179865394494,0.08221114630771864,0.16442229261543728,0.12331671946157798,0.01644222926154373
79,0.03441438633566593,0.029932751880845876,0.03442266466297275,0.016198901017869534,0.030119831580101154,0.04819173052816185,0.0688453293259455,0.0688453293259455,0.04425771170953639,0.03442266466297275,0.02868555388581063,0.06023966316020231,0.04819173052816185,0.05737110777162126,0.05163399699445913,0.05163399699445913,0.017211332331486376,0.10326799398891826,0.0688453293259455,0.03442266466297275,0.0688453293259455
80,0.03366967937434836,0.04678594718757478,0.04772166613132627,0.030878725143799354,0.028873613121474722,0.06255949509652856,0.030317293777548455,0.030317293777548455,0.022457254650035896,0.06737176395010769,0.06063458755509691,0.026948705580043072,0.033685881975053844,0.016842940987526922,0.020211529185032304,0.07860039127512564,0.0842147049376346,0.008421470493763461,0.033685881975053844,0.10105764592516152,0.13474352790021538
81,0.032598159826991574,0.0344188231616848,0.03985337418721397,0.03260730615317507,0.041923679339796516,0.02608584492254006,0.03532458166593966,0.02282511430722255,0.01956438369190504,0.08695281640846687,0.0186327463732429,0.01956438369190504,0.057062785768056366,0.04891095922976261,0.03260730615317507,0.02173820410211672,0.09782191845952522,0.05434551025529179,0.016303653076587536,0.22825114307222547,0.03260730615317507
82,0.04349152202192654,0.06742807332711932,0.08217041193985868,0.04350198279168989,0.014500660930563297,0.050752313256971535,0.03806423494272865,0.06525297418753483,0.05800264372225319,0.03480158623335191,0.03728741382144848,0.021750991395844944,0.02610118967501393,0.04350198279168989,0.05800264372225319,0.05437747848961236,0.05800264372225319,0.07250330465281649,0.04350198279168989,0.04350198279168989,0.04350198279168989
83,0.03115326754794184,0.03463347526894294,0.04156017032273153,0.0389626596775608,0.034287140516253506,0.09351038322614594,0.031170127742048644,0.03740415329045837,0.08312034064546306,0.07273029806478018,0.03740415329045837,0.05195021290341441,0.031170127742048644,0.017811501566884942,0.024936102193638916,0.04675519161307297,0.12468051096819457,0.018702076645229184,0.023377595806536484,0.09351038322614594,0.031170127742048644
84,0.05050967492492101,0.07381147847445636,0.05471113974641721,0.025251295267577176,0.05891968895768008,0.02164396737220901,0.06493190211662701,0.04208549211262863,0.05891968895768008,0.06312823816894295,0.018938471450682882,0.08080414485624697,0.08417098422525726,0.04208549211262863,0.0336683936901029,0.08417098422525726,0.06312823816894295,0.020201036214061743,0.025251295267577176,0.01683419684505145,0.01683419684505145
85,0.03453200983032608,0.0222800555823996,0.0388508469218093,0.05180112922907906,0.031080677537447435,0.02877840512726615,0.02511569902015955,0.024667204394799556,0.04933440878959911,0.04316760769089922,0.08633521538179845,0.05180112922907906,0.08057953435634521,0.0575568102545323,0.01726704307635969,0.1726704307635969,0.01151136205090646,0.06906817230543875,0.03453408615271938,0.03453408615271938,0.03453408615271938
86,0.03948013481140851,0.05818941610844688,0.025751527315073543,0.05703486420153325,0.046066621085853784,0.028716854702869894,0.04935709402055762,0.06909993162878067,0.046066621085853784,0.13161891738815368,0.018224157792205892,0.03290472934703842,0.039485675216446095,0.01579427008657844,0.039485675216446095,0.039485675216446095,0.07897135043289219,0.039485675216446095,0.09871418804111524,0.026323783477630733,0.019742837608223048
87,0.03734608407656492,0.0272957459060494,0.03486193512211221,0.04046474612388024,0.1027182016990806,0.04669009168140028,0.056028110017680335,0.04669009168140028,0.03268306417698019,0.08404216502652051,0.02988165867609618,0.02988165867609618,0.07470414669024045,0.037352073345120224,0.037352073345120224,0.11205622003536067,0.018676036672560112,0.028014055008840168,0.02988165867609618,0.056028110017680335,0.037352073345120224
88,0.04476156183519609,0.040864337282411296,0.05508452791182182,0.0522155420830811,0.034810361388720734,0.07459363154725872,0.039783270158537984,0.01627497415576554,0.033567134196266425,0.03196869923453945,0.07832331312462164,0.033567134196266425,0.08951235785671045,0.025574959387631564,0.04475617892835523,0.04475617892835523,0.06713426839253285,0.04475617892835523,0.022378089464177613,0.03580494314268418,0.08951235785671045
89,0.04462917265845982,0.06973447990345323,0.05950675618428009,0.05801908727967308,0.02677804028292604,0.03245823064597096,0.044630067138210064,0.031241046996747044,0.03719172261517505,0.08926013427642013,0.044630067138210064,0.044630067138210064,0.07140810742113611,0.014876689046070023,0.014876689046070023,0.08926013427642013,0.029753378092140046,0.0743834452303501,0.03347255035365755,0.044630067138210064,0.044630067138210064
90,0.029656815918973456,0.04026466821433299,0.018542939309232297,0.037085878618464595,0.025430316766947153,0.05933740578954335,0.02076809202634017,0.04944783815795279,0.07417175723692919,0.07417175723692919,0.03955827052636224,0.04944783815795279,0.029668702894771675,0.022251527171078755,0.029668702894771675,0.1186748115790867,0.014834351447385838,0.14834351447385838,0.07417175723692919,0.00494478381579528,0.03955827052636224
91,0.030800650333945283,0.024883432458343745,0.020538706156093246,0.04005047700438182,0.02772725331072588,0.04929289477462379,0.013692470770728831,0.015404029617069935,0.0924241777024196,0.038510074042674834,0.026406907914977032,0.015404029617069935,0.05134676539023312,0.082154824624373,0.06161611846827974,0.05545450662145176,0.0462120888512098,0.0924241777024196,0.0924241777024196,0.0924241777024196,0.03080805923413987
92,0.03308285377665105,0.04412284937004055,0.020682585642206507,0.03309213702753041,0.06618427405506082,0.023164495919271288,0.02406700874729485,0.05294741924404866,0.011030712342510138,0.03309213702753041,0.0882456987400811,0.07942112886607298,0.05515356171255069,0.022061424685020276,0.03309213702753041,0.03309213702753041,0.016546068513765205,0.06618427405506082,0.09927641108259123,0.13236854811012164,0.03309213702753041
