,0,1,2,3,4,5,6,7,8,9,10,11,12,13,14,15,16,17,18,19,20
0,0.04666750585142076,0.031092964282073636,0.039976668362666105,0.13991833926933137,0.04663944642311046,0.07773241070518408,0.04663944642311046,0.02331972321155523,0.011659861605777614,0.13991833926933137,0.06995916963466568,0.02331972321155523,0.04663944642311046,0.02331972321155523,0.02331972321155523,0.02331972321155523,0.04663944642311046,0.04663944642311046,0.02331972321155523,0.02331972321155523,0.04663944642311046
1,0.040404040014300854,0.02886292239780527,0.04848970962831286,0.04040809135692738,0.04040809135692738,0.06061213703539106,0.04040809135692738,0.04040809135692738,0.013469363785642457,0.08081618271385475,0.04040809135692738,0.08081618271385475,0.04040809135692738,0.12122427407078212,0.04040809135692738,0.04040809135692738,0.02020404567846369,0.08081618271385475,0.04040809135692738,0.02020404567846369,0.04040809135692738
2,0.033215228449792196,0.13296753304988532,0.06648376652494266,0.016620941631235665,0.04432251101662844,0.0199451299574828,0.06648376652494266,0.0249314124468535,0.099725649787414,0.099725649787414,0.013296753304988532,0.06648376652494266,0.03324188326247133,0.016620941631235665,0.03324188326247133,0.03324188326247133,0.01108062775415711,0.02216125550831422,0.099725649787414,0.03324188326247133,0.03324188326247133
3,0.033100576066731294,0.055206329262095274,0.028391826477649002,0.04968569633588575,0.16561898778628584,0.03312379755725717,0.016561898778628584,0.03312379755725717,0.02208253170483811,0.016561898778628584,0.13249519022902867,0.016561898778628584,0.03312379755725717,0.03312379755725717,0.016561898778628584,0.0993713926717715,0.016561898778628584,0.06624759511451433,0.06624759511451433,0.03312379755725717,0.03312379755725717
4,0.026866979450811856,0.08079517698286617,0.08977241886985131,0.08079517698286617,0.05386345132191078,0.01795448377397026,0.021545380528764316,0.04039758849143309,0.02693172566095539,0.05386345132191078,0.05386345132191078,0.10772690264382156,0.05386345132191078,0.00897724188698513,0.013465862830477696,0.02693172566095539,0.02693172566095539,0.02693172566095539,0.10772690264382156,0.05386345132191078,0.02693172566095539
5,0.03788742603344215,0.03368446648460596,0.05684253719277256,0.037895024795181705,0.11368507438554512,0.025263349863454472,0.037895024795181705,0.07579004959036341,0.037895024795181705,0.050526699726908944,0.037895024795181705,0.025263349863454472,0.012631674931727236,0.018947512397590852,0.037895024795181705,0.07579004959036341,0.11368507438554512,0.037895024795181705,0.07579004959036341,0.037895024795181705,0.018947512397590852
6,0.03161926613992561,0.05805007123956849,0.12665470088633127,0.03166367522158282,0.01583183761079141,0.09499102566474844,0.01583183761079141,0.04749551283237422,0.02374775641618711,0.04749551283237422,0.06332735044316563,0.01583183761079141,0.09499102566474844,0.03166367522158282,0.01583183761079141,0.06332735044316563,0.06332735044316563,0.03166367522158282,0.06332735044316563,0.03166367522158282,0.03166367522158282
7,0.03909459724477291,0.06519032583142652,0.02607613033257061,0.15645678199542368,0.05867129324828388,0.013038065166285305,0.05867129324828388,0.01564567819954237,0.05867129324828388,0.03911419549885592,0.03911419549885592,0.05867129324828388,0.03911419549885592,0.03911419549885592,0.03911419549885592,0.03911419549885592,0.03911419549885592,0.07822839099771184,0.03911419549885592,0.01955709774942796,0.03911419549885592
8,0.031912220051746376,0.049691031784694965,0.06388846943746496,0.1597211735936624,0.01597211735936624,0.04791635207809872,0.03194423471873248,0.021296156479154983,0.06388846943746496,0.06388846943746496,0.04791635207809872,0.1277769388749299,0.06388846943746496,0.03194423471873248,0.010648078239577492,0.03194423471873248,0.01597211735936624,0.01597211735936624,0.00798605867968312,0.06388846943746496,0.03194423471873248
9,0.04126547455295736,0.0687757909215956,0.03301237964236589,0.02063273727647868,0.04126547455295736,0.12379642365887207,0.08253094910591471,0.04126547455295736,0.02475928473177442,0.027510316368638238,0.061898211829436035,0.02063273727647868,0.04126547455295736,0.02063273727647868,0.08253094910591471,0.04126547455295736,0.04126547455295736,0.04126547455295736,0.08253094910591471,0.04126547455295736,0.02063273727647868
10,0.034422956369972904,0.09190501307602875,0.02067862794210647,0.06892875980702155,0.04308047487938847,0.034464379903510776,0.017232189951755388,0.034464379903510776,0.034464379903510776,0.06892875980702155,0.06892875980702155,0.034464379903510776,0.06892875980702155,0.034464379903510776,0.034464379903510776,0.034464379903510776,0.034464379903510776,0.06892875980702155,0.06892875980702155,0.06892875980702155,0.034464379903510776
11,0.03771765822342117,0.07547312484522187,0.037736562422610934,0.025157708281740618,0.025157708281740618,0.056604843633916394,0.07547312484522187,0.18868281211305465,0.037736562422610934,0.037736562422610934,0.056604843633916394,0.025157708281740618,0.018868281211305467,0.037736562422610934,0.037736562422610934,0.037736562422610934,0.056604843633916394,0.037736562422610934,0.018868281211305467,0.037736562422610934,0.037736562422610934
12,0.041091942586831305,0.06849343267236918,0.08219211920684304,0.04109605960342152,0.02054802980171076,0.027397373068947677,0.027397373068947677,0.061644089405132274,0.02054802980171076,0.08219211920684304,0.013698686534473838,0.04109605960342152,0.04109605960342152,0.04109605960342152,0.04109605960342152,0.04109605960342152,0.12328817881026455,0.02054802980171076,0.04109605960342152,0.08219211920684304,0.04109605960342152
13,0.02579647033837579,0.1379403227839468,0.1293190526099501,0.025863810521990025,0.01724254034799335,0.03879571578298504,0.01724254034799335,0.05172762104398005,0.07759143156597008,0.025863810521990025,0.07759143156597008,0.07759143156597008,0.05172762104398005,0.03879571578298504,0.012931905260995013,0.012931905260995013,0.025863810521990025,0.05172762104398005,0.05172762104398005,0.025863810521990025,0.025863810521990025
14,0.035580777720649916,0.09792564410836478,0.059348875217190775,0.017804662565157232,0.011869775043438155,0.035609325130314465,0.035609325130314465,0.035609325130314465,0.035609325130314465,0.1068279753909434,0.14243730052125786,0.011869775043438155,0.07121865026062893,0.035609325130314465,0.017804662565157232,0.035609325130314465,0.035609325130314465,0.07121865026062893,0.035609325130314465,0.035609325130314465,0.035609325130314465
15,0.031608732645471184,0.07384247136690306,0.04747016016443768,0.06329354688591692,0.010548924480986151,0.06329354688591692,0.01898806406577508,0.09494032032887537,0.01582338672147923,0.06329354688591692,0.06329354688591692,0.03164677344295846,0.06329354688591692,0.03164677344295846,0.03164677344295846,0.010548924480986151,0.03164677344295846,0.03164677344295846,0.09494032032887537,0.09494032032887537,0.03164677344295846
16,0.03782935784105908,0.06624781470602543,0.09463973529432206,0.03785589411772882,0.11356768235318647,0.11356768235318647,0.01892794705886441,0.07571178823545764,0.03785589411772882,0.03785589411772882,0.025237262745152547,0.01892794705886441,0.03785589411772882,0.03785589411772882,0.056783841176593235,0.01892794705886441,0.01892794705886441,0.03785589411772882,0.03785589411772882,0.03785589411772882,0.03785589411772882
17,0.03514639187980132,0.07038445773521208,0.04399028608450755,0.05278834330140906,0.04692297182347471,0.05278834330140906,0.10557668660281812,0.05865371477934339,0.03519222886760604,0.03519222886760604,0.07038445773521208,0.07038445773521208,0.03519222886760604,0.011730742955868678,0.03519222886760604,0.03519222886760604,0.07038445773521208,0.011730742955868678,0.01759611443380302,0.07038445773521208,0.03519222886760604
18,0.0361166371341501,0.05421843916120405,0.018072813053734687,0.02409708407164625,0.036145626107469374,0.060242710179115616,0.0481941681432925,0.018072813053734687,0.036145626107469374,0.10843687832240813,0.036145626107469374,0.07229125221493875,0.07229125221493875,0.07229125221493875,0.07229125221493875,0.018072813053734687,0.036145626107469374,0.018072813053734687,0.054218439161204064,0.07229125221493875,0.036145626107469374
19,0.041700569001545326,0.11683186096352711,0.03129424847237334,0.052157080787288895,0.04172566462983111,0.04172566462983111,0.06258849694474668,0.04172566462983111,0.020862832314915557,0.013908554876610371,0.08345132925966223,0.08345132925966223,0.04172566462983111,0.08345132925966223,0.04172566462983111,0.020862832314915557,0.020862832314915557,0.013908554876610371,0.04172566462983111,0.08345132925966223,0.020862832314915557
20,0.03484660803741955,0.05814177060015544,0.017442531180046635,0.03488506236009327,0.017442531180046635,0.06977012472018654,0.052327593540139904,0.06977012472018654,0.017442531180046635,0.13954024944037308,0.03488506236009327,0.03488506236009327,0.06977012472018654,0.03488506236009327,0.06977012472018654,0.052327593540139904,0.03488506236009327,0.03488506236009327,0.03488506236009327,0.06977012472018654,0.017442531180046635
21,0.034849998951774645,0.06976987959384762,0.03488493979692381,0.011628313265641269,0.023256626531282538,0.05232740969538571,0.023256626531282538,0.03488493979692381,0.06976987959384762,0.10465481939077143,0.10465481939077143,0.03488493979692381,0.06976987959384762,0.03488493979692381,0.03488493979692381,0.03488493979692381,0.06976987959384762,0.06976987959384762,0.03488493979692381,0.017442469898461904,0.03488493979692381
22,0.031625409657962365,0.047495211515413284,0.06332694868721772,0.007915868585902215,0.02110898289573924,0.07915868585902215,0.02110898289573924,0.03166347434360886,0.01583173717180443,0.09499042303082658,0.09499042303082658,0.06332694868721772,0.03166347434360886,0.06332694868721772,0.01583173717180443,0.03166347434360886,0.03166347434360886,0.06332694868721772,0.12665389737443544,0.03166347434360886,0.03166347434360886
23,0.03840597297828323,0.07692752216173734,0.08974877585536022,0.06410626846811444,0.019231880540434336,0.05769564162130301,0.03846376108086867,0.05769564162130301,0.03846376108086867,0.03846376108086867,0.05769564162130301,0.019231880540434336,0.07692752216173734,0.019231880540434336,0.03846376108086867,0.03846376108086867,0.07692752216173734,0.03846376108086867,0.03846376108086867,0.03846376108086867,0.03846376108086867
24,0.03432769226743858,0.05498490008441631,0.06873112510552039,0.06873112510552039,0.04582075007034692,0.02291037503517346,0.05154834382914029,0.02291037503517346,0.02291037503517346,0.034365562552760194,0.02291037503517346,0.034365562552760194,0.13746225021104078,0.034365562552760194,0.034365562552760194,0.034365562552760194,0.034365562552760194,0.06873112510552039,0.06873112510552039,0.06873112510552039,0.034365562552760194
25,0.033955599135042036,0.038211542372332055,0.08491453860518235,0.013586326176829176,0.06793163088414587,0.13586326176829175,0.045287753922763914,0.10189744632621882,0.008491453860518234,0.01698290772103647,0.022643876961381957,0.03396581544207294,0.022643876961381957,0.01698290772103647,0.03396581544207294,0.06793163088414587,0.01698290772103647,0.01698290772103647,0.1698290772103647,0.03396581544207294,0.01698290772103647
26,0.031978285913883915,0.32000717821028635,0.03200071782102863,0.03200071782102863,0.06400143564205726,0.03200071782102863,0.016000358910514316,0.08000179455257159,0.008000179455257158,0.03200071782102863,0.03200071782102863,0.016000358910514316,0.016000358910514316,0.06400143564205726,0.016000358910514316,0.03200071782102863,0.06400143564205726,0.03200071782102863,0.03200071782102863,0.016000358910514316,0.03200071782102863
27,0.0378402943386829,0.07571092765859544,0.03785546382929772,0.03785546382929772,0.03785546382929772,0.05678319574394658,0.02839159787197329,0.01261848794309924,0.03785546382929772,0.11356639148789316,0.03785546382929772,0.07571092765859544,0.01261848794309924,0.05678319574394658,0.03785546382929772,0.03785546382929772,0.07571092765859544,0.07571092765859544,0.07571092765859544,0.01892773191464886,0.01892773191464886
28,0.04198740377886634,0.08397480755773268,0.03498950314905528,0.04198740377886634,0.01679496151154654,0.06298110566829951,0.013995801259622112,0.010496850944716585,0.027991602519244225,0.12596221133659902,0.04198740377886634,0.08397480755773268,0.04198740377886634,0.04198740377886634,0.013995801259622112,0.06298110566829951,0.04198740377886634,0.04198740377886634,0.08397480755773268,0.04198740377886634,0.04198740377886634
29,0.040245223527418196,0.14765458099578183,0.05369257490755702,0.06040414677100165,0.02684628745377851,0.02684628745377851,0.013423143726889256,0.04026943118066777,0.04026943118066777,0.020134715590333883,0.1208082935420033,0.04026943118066777,0.02684628745377851,0.020134715590333883,0.08053886236133553,0.04026943118066777,0.020134715590333883,0.08053886236133553,0.020134715590333883,0.04026943118066777,0.04026943118066777
30,0.036346074992026974,0.03636429905690464,0.03636429905690464,0.0909107476422616,0.024242866037936427,0.06060716509484106,0.012121433018968213,0.10909289717071392,0.01818214952845232,0.05454644858535696,0.01818214952845232,0.012121433018968213,0.10909289717071392,0.03636429905690464,0.03636429905690464,0.10909289717071392,0.03636429905690464,0.03636429905690464,0.05454644858535696,0.03636429905690464,0.03636429905690464
31,0.028931958523506492,0.07729894857524326,0.08696131714714868,0.08696131714714868,0.028987105715716225,0.1159484228628649,0.014493552857858112,0.03864947428762163,0.028987105715716225,0.05797421143143245,0.014493552857858112,0.08696131714714868,0.028987105715716225,0.028987105715716225,0.028987105715716225,0.04348065857357434,0.028987105715716225,0.028987105715716225,0.028987105715716225,0.08696131714714868,0.028987105715716225
32,0.02893761469220782,0.10628543520781804,0.14493468437429732,0.0869608106245784,0.009662312291619821,0.0869608106245784,0.014493468437429734,0.0869608106245784,0.028986936874859467,0.028986936874859467,0.014493468437429734,0.014493468437429734,0.0869608106245784,0.014493468437429734,0.028986936874859467,0.057973873749718935,0.014493468437429734,0.028986936874859467,0.057973873749718935,0.028986936874859467,0.028986936874859467
33,0.03962958046366928,0.0793148316203439,0.06609569301695326,0.03965741581017195,0.0264382772067813,0.03172593264813756,0.019828707905085976,0.029743061857628966,0.05948612371525793,0.0528765544135626,0.019828707905085976,0.03965741581017195,0.03965741581017195,0.03965741581017195,0.019828707905085976,0.0793148316203439,0.03965741581017195,0.03965741581017195,0.11897224743051586,0.0793148316203439,0.03965741581017195
34,0.03656770854333986,0.10975810915329039,0.036586036384430136,0.0274395272883226,0.01219534546147671,0.07317207276886027,0.018293018192215068,0.018293018192215068,0.0548790545766452,0.07317207276886027,0.1097581091532904,0.036586036384430136,0.009146509096107534,0.018293018192215068,0.036586036384430136,0.07317207276886027,0.07317207276886027,0.07317207276886027,0.036586036384430136,0.036586036384430136,0.036586036384430136
35,0.039918988718952456,0.035476434596990215,0.05321465189548531,0.03991098892161399,0.013303662973871328,0.15964395568645595,0.019955494460806994,0.019955494460806994,0.15964395568645595,0.03991098892161399,0.019955494460806994,0.019955494460806994,0.03991098892161399,0.03991098892161399,0.03991098892161399,0.019955494460806994,0.11973296676484195,0.019955494460806994,0.03991098892161399,0.03991098892161399,0.019955494460806994
36,0.04676539360872954,0.04676539360872954,0.037412314886983634,0.10522213561964147,0.02338269680436477,0.04676539360872954,0.04676539360872954,0.04676539360872954,0.02338269680436477,0.03117692907248636,0.04676539360872954,0.03117692907248636,0.09353078721745908,0.02338269680436477,0.04676539360872954,0.09353078721745908,0.02338269680436477,0.0701480904130943,0.04676539360872954,0.04676539360872954,0.02338269680436477
37,0.032434729960640694,0.10558210837027143,0.032486802575468134,0.05414467095911355,0.02165786838364542,0.09746040772640441,0.006497360515093627,0.032486802575468134,0.048730203863202204,0.09746040772640441,0.06497360515093627,0.032486802575468134,0.032486802575468134,0.032486802575468134,0.06497360515093627,0.09746040772640441,0.016243401287734067,0.032486802575468134,0.032486802575468134,0.032486802575468134,0.032486802575468134
38,0.034171486238626425,0.03418861995615482,0.17094309978077407,0.02279241330410321,0.10256585986846445,0.04273577494519352,0.011396206652051604,0.01709430997807741,0.03418861995615482,0.03418861995615482,0.03418861995615482,0.03418861995615482,0.03418861995615482,0.03418861995615482,0.06837723991230964,0.01709430997807741,0.06837723991230964,0.051282929934232224,0.06837723991230964,0.06837723991230964,0.01709430997807741
39,0.03485673813062948,0.10465408863643777,0.017442348106072963,0.06976939242429185,0.023256464141430615,0.06976939242429185,0.06976939242429185,0.04651292828286123,0.052327044318218885,0.034884696212145926,0.034884696212145926,0.023256464141430615,0.017442348106072963,0.052327044318218885,0.06976939242429185,0.06976939242429185,0.017442348106072963,0.06976939242429185,0.06976939242429185,0.017442348106072963,0.034884696212145926
40,0.036196028984159204,0.16294744657124421,0.07242108736499743,0.04828072490999829,0.07242108736499743,0.018105271841249358,0.007242108736499744,0.036210543682498715,0.07242108736499743,0.012070181227499572,0.009052635920624679,0.018105271841249358,0.10863163104749615,0.036210543682498715,0.036210543682498715,0.018105271841249358,0.036210543682498715,0.036210543682498715,0.07242108736499743,0.018105271841249358,0.07242108736499743
41,0.04055231488187681,0.11154122559752716,0.023177397526758896,0.16224178268731224,0.12168133701548418,0.04056044567182806,0.02704029711455204,0.04056044567182806,0.04056044567182806,0.01352014855727602,0.04056044567182806,0.02028022283591403,0.02028022283591403,0.01352014855727602,0.04056044567182806,0.02028022283591403,0.04056044567182806,0.04056044567182806,0.06084066850774209,0.04056044567182806,0.04056044567182806
42,0.025472103443337352,0.11915624936063994,0.021277901671542847,0.07660044601755427,0.1276674100292571,0.01702232133723428,0.05106696401170284,0.03830022300877713,0.02553348200585142,0.03830022300877713,0.02553348200585142,0.05106696401170284,0.01702232133723428,0.02553348200585142,0.05106696401170284,0.10213392802340568,0.02553348200585142,0.02553348200585142,0.07660044601755427,0.00851116066861714,0.05106696401170284
43,0.030371523766470773,0.06079175399583255,0.21277113898541394,0.18237526198749765,0.015197938498958138,0.01215835079916651,0.030395876997916276,0.030395876997916276,0.030395876997916276,0.015197938498958138,0.015197938498958138,0.06079175399583255,0.030395876997916276,0.030395876997916276,0.015197938498958138,0.030395876997916276,0.015197938498958138,0.06079175399583255,0.030395876997916276,0.06079175399583255,0.030395876997916276
44,0.03793237932835474,0.06072221668933461,0.03795138543083413,0.03795138543083413,0.0284635390731256,0.018975692715417065,0.018975692715417065,0.1138541562925024,0.0569270781462512,0.07590277086166826,0.018975692715417065,0.07590277086166826,0.018975692715417065,0.03795138543083413,0.07590277086166826,0.07590277086166826,0.018975692715417065,0.03795138543083413,0.03795138543083413,0.07590277086166826,0.03795138543083413
45,0.029325724655756044,0.058739744347609306,0.029369872173804653,0.023495897739043724,0.044054808260706985,0.058739744347609306,0.007342468043451163,0.08810961652141397,0.058739744347609306,0.14684936086902328,0.029369872173804653,0.014684936086902326,0.044054808260706985,0.11747948869521861,0.014684936086902326,0.058739744347609306,0.014684936086902326,0.058739744347609306,0.058739744347609306,0.014684936086902326,0.029369872173804653
46,0.034538654626444704,0.10375106995059101,0.12104291494235618,0.04611158664470712,0.06916737996706068,0.051875534975295505,0.02305579332235356,0.02305579332235356,0.01729184499176517,0.03458368998353034,0.06916737996706068,0.008645922495882585,0.03458368998353034,0.03458368998353034,0.03458368998353034,0.06916737996706068,0.03458368998353034,0.06916737996706068,0.06916737996706068,0.01729184499176517,0.03458368998353034
47,0.03657124288719439,0.03658590216884072,0.024390601445893813,0.03658590216884072,0.10975770650652217,0.21951541301304434,0.01829295108442036,0.048781202891787626,0.03658590216884072,0.03658590216884072,0.012195300722946906,0.07317180433768145,0.03658590216884072,0.03658590216884072,0.03658590216884072,0.01829295108442036,0.03658590216884072,0.03658590216884072,0.03658590216884072,0.03658590216884072,0.03658590216884072
48,0.03358416828102042,0.056024106186607504,0.06722892742392901,0.10084339113589352,0.033614463711964505,0.016807231855982253,0.033614463711964505,0.008403615927991126,0.033614463711964505,0.011204821237321501,0.033614463711964505,0.033614463711964505,0.10084339113589352,0.033614463711964505,0.033614463711964505,0.06722892742392901,0.06722892742392901,0.06722892742392901,0.06722892742392901,0.06722892742392901,0.033614463711964505
49,0.038566623277873004,0.08681839856688103,0.06752542110757415,0.012861984972871264,0.02572396994574253,0.057878932377920696,0.019292977459306897,0.02572396994574253,0.07717190983722759,0.009646488729653449,0.019292977459306897,0.038585954918613795,0.019292977459306897,0.07717190983722759,0.07717190983722759,0.038585954918613795,0.038585954918613795,0.11575786475584139,0.07717190983722759,0.038585954918613795,0.038585954918613795
50,0.0352633993487693,0.05294286223086022,0.08823810371810036,0.03529524148724014,0.03529524148724014,0.03529524148724014,0.14118096594896057,0.011765080495746713,0.03529524148724014,0.01764762074362007,0.05294286223086022,0.03529524148724014,0.1764762074362007,0.01764762074362007,0.03529524148724014,0.01764762074362007,0.01764762074362007,0.05294286223086022,0.07059048297448028,0.01764762074362007,0.01764762074362007
51,0.0383349653437782,0.03194900447362863,0.051118407157805815,0.009584701342088591,0.038338805368354364,0.038338805368354364,0.07667761073670873,0.15335522147341746,0.038338805368354364,0.038338805368354364,0.019169402684177182,0.025559203578902907,0.07667761073670873,0.038338805368354364,0.038338805368354364,0.019169402684177182,0.038338805368354364,0.038338805368354364,0.1150164161050631,0.038338805368354364,0.038338805368354364
52,0.03850348500951581,0.0577668133171853,0.03851120887812354,0.01925560443906177,0.01925560443906177,0.07702241775624707,0.05134827850416471,0.01925560443906177,0.03851120887812354,0.07702241775624707,0.1155336266343706,0.01925560443906177,0.1155336266343706,0.03851120887812354,0.03851120887812354,0.03851120887812354,0.07702241775624707,0.012837069626041177,0.03080896710249883,0.03851120887812354,0.03851120887812354
53,0.036557119506659075,0.08536835649940995,0.05487965774962068,0.036586438499747125,0.018293219249873562,0.036586438499747125,0.07317287699949425,0.07317287699949425,0.018293219249873562,0.04878191799966283,0.036586438499747125,0.036586438499747125,0.024390958999831416,0.036586438499747125,0.07317287699949425,0.018293219249873562,0.036586438499747125,0.036586438499747125,0.1463457539989885,0.036586438499747125,0.036586438499747125
54,0.03103678624241352,0.06217945756733176,0.06217945756733176,0.07772432195916469,0.12435891513466352,0.03108972878366588,0.03108972878366588,0.02072648585577725,0.03108972878366588,0.03108972878366588,0.03108972878366588,0.03108972878366588,0.04663459317549882,0.01554486439183294,0.06217945756733176,0.06217945756733176,0.03108972878366588,0.06217945756733176,0.09326918635099764,0.03108972878366588,0.03108972878366588
55,0.03879487873894151,0.062096696932073765,0.03234202965212175,0.058215653373819155,0.01940521779127305,0.0776208711650922,0.0776208711650922,0.0776208711650922,0.0388104355825461,0.01940521779127305,0.0388104355825461,0.0517472474433948,0.0388104355825461,0.0388104355825461,0.0388104355825461,0.0776208711650922,0.0388104355825461,0.01940521779127305,0.0388104355825461,0.0776208711650922,0.0388104355825461
56,0.03569012965540934,0.08035915586204921,0.053572770574699474,0.14286072153253193,0.026786385287349737,0.03571518038313298,0.03571518038313298,0.011905060127710993,0.053572770574699474,0.03571518038313298,0.07143036076626597,0.03571518038313298,0.01785759019156649,0.01785759019156649,0.07143036076626597,0.07143036076626597,0.03571518038313298,0.03571518038313298,0.023810120255421986,0.03571518038313298,0.07143036076626597
57,0.03081838650170119,0.030849282127266807,0.15424641063633404,0.061698564254533614,0.061698564254533614,0.09254784638180043,0.020566188084844537,0.007712320531816702,0.09254784638180043,0.030849282127266807,0.015424641063633403,0.030849282127266807,0.015424641063633403,0.09254784638180043,0.030849282127266807,0.030849282127266807,0.030849282127266807,0.061698564254533614,0.046273923190900214,0.030849282127266807,0.030849282127266807
58,0.032672585598554175,0.01816236226814581,0.03269225208266246,0.06538450416532492,0.13076900833064983,0.04358966944354994,0.006538450416532491,0.049038378123993684,0.01634612604133123,0.049038378123993684,0.06538450416532492,0.13076900833064983,0.01634612604133123,0.01634612604133123,0.01634612604133123,0.049038378123993684,0.03269225208266246,0.03269225208266246,0.09807675624798737,0.06538450416532492,0.03269225208266246
59,0.04174466708669843,0.06258561680856105,0.025034246723424428,0.04172374453904071,0.008344748907808142,0.04172374453904071,0.013907914846346901,0.04172374453904071,0.04172374453904071,0.04172374453904071,0.06258561680856106,0.08344748907808142,0.08344748907808142,0.013907914846346901,0.020861872269520354,0.08344748907808142,0.08344748907808142,0.08344748907808142,0.04172374453904071,0.04172374453904071,0.04172374453904071
60,0.036792054450470325,0.061350824557294875,0.09202623683594233,0.05521574210156539,0.027607871050782697,0.07362098946875387,0.03681049473437693,0.05521574210156539,0.03681049473437693,0.018405247367188467,0.009202623683594233,0.018405247367188467,0.07362098946875387,0.07362098946875387,0.018405247367188467,0.018405247367188467,0.05521574210156539,0.05521574210156539,0.11043148420313079,0.03681049473437693,0.03681049473437693
61,0.02981014417802384,0.059703991127506226,0.022388996672814836,0.04975332593958852,0.007462998890938278,0.059703991127506226,0.029851995563753113,0.11940798225501245,0.059703991127506226,0.08955598669125935,0.059703991127506226,0.059703991127506226,0.059703991127506226,0.029851995563753113,0.059703991127506226,0.009950665187917705,0.059703991127506226,0.029851995563753113,0.059703991127506226,0.014925997781876556,0.029851995563753113
62,0.02928229478295006,0.02513184997325696,0.04398073745319968,0.1172819665418658,0.02932049163546645,0.1172819665418658,0.014660245817733225,0.0195469944236443,0.08796147490639936,0.02932049163546645,0.0586409832709329,0.02932049163546645,0.08796147490639936,0.02199036872659984,0.02932049163546645,0.08796147490639936,0.00977349721182215,0.08796147490639936,0.02932049163546645,0.014660245817733225,0.02932049163546645
63,0.027963718090989215,0.11215803252796278,0.07477202168530851,0.07009877032997673,0.07009877032997673,0.08411852439597209,0.014019754065995347,0.028039508131990694,0.014019754065995347,0.05607901626398139,0.028039508131990694,0.05607901626398139,0.05607901626398139,0.028039508131990694,0.028039508131990694,0.05607901626398139,0.08411852439597209,0.028039508131990694,0.028039508131990694,0.028039508131990694,0.028039508131990694
64,0.03748191480699733,0.06750126831223655,0.056251056926863795,0.05000093949054559,0.012500234872636398,0.0375007046179092,0.05000093949054559,0.11250211385372759,0.0375007046179092,0.00750014092358184,0.0375007046179092,0.0375007046179092,0.0375007046179092,0.0375007046179092,0.0750014092358184,0.0375007046179092,0.0187503523089546,0.025000469745272796,0.11250211385372759,0.0750014092358184,0.0375007046179092
65,0.025568451792360027,0.05555969353815491,0.05983351611801297,0.03419058063886456,0.03846440321872263,0.1282146773957421,0.05128587095829684,0.05128587095829684,0.01709529031943228,0.08975027417701947,0.02564293547914842,0.02564293547914842,0.02564293547914842,0.07692880643744526,0.02564293547914842,0.05128587095829684,0.01282146773957421,0.07692880643744526,0.07692880643744526,0.02564293547914842,0.02564293547914842
66,0.03764013197057295,0.032275903902607955,0.04518626546365114,0.1506208848788371,0.037655221219709274,0.11296566365912783,0.037655221219709274,0.07531044243941855,0.037655221219709274,0.056482831829563915,0.037655221219709274,0.037655221219709274,0.025103480813139515,0.012551740406569757,0.037655221219709274,0.037655221219709274,0.037655221219709274,0.037655221219709274,0.037655221219709274,0.037655221219709274,0.037655221219709274
67,0.029962092707029632,0.08250322407388665,0.015000586195252118,0.022500879292878175,0.12000468956201694,0.010000390796834744,0.010000390796834744,0.06000234478100847,0.030001172390504236,0.0900035171715127,0.12000468956201694,0.06000234478100847,0.030001172390504236,0.020000781593669487,0.015000586195252118,0.06000234478100847,0.06000234478100847,0.06000234478100847,0.06000234478100847,0.015000586195252118,0.030001172390504236
68,0.02760129614756142,0.24886033179161937,0.055302295953693195,0.055302295953693195,0.027651147976846598,0.0414767219652699,0.018434098651231065,0.0414767219652699,0.013825573988423299,0.013825573988423299,0.03686819730246213,0.0829534439305398,0.0414767219652699,0.027651147976846598,0.027651147976846598,0.013825573988423299,0.11060459190738639,0.055302295953693195,0.018434098651231065,0.027651147976846598,0.013825573988423299
69,0.030745329169839124,0.05128331591693973,0.01538499477508192,0.01538499477508192,0.06153997910032768,0.12307995820065536,0.01538499477508192,0.03076998955016384,0.03076998955016384,0.03076998955016384,0.09230996865049151,0.09230996865049151,0.09230996865049151,0.010256663183387945,0.01538499477508192,0.06153997910032768,0.09230996865049151,0.06153997910032768,0.01538499477508192,0.03076998955016384,0.03076998955016384
70,0.036134100560926474,0.03614497122896526,0.060241618714942095,0.07228994245793052,0.03614497122896526,0.024096647485976837,0.024096647485976837,0.03614497122896526,0.03614497122896526,0.1807248561448263,0.03614497122896526,0.012048323742988419,0.01807248561448263,0.03614497122896526,0.012048323742988419,0.07228994245793052,0.10843491368689578,0.03614497122896526,0.03614497122896526,0.07228994245793052,0.01807248561448263
71,0.03292869853239134,0.09890501946827816,0.04395778643034585,0.03296833982275939,0.03296833982275939,0.06593667964551878,0.09890501946827816,0.010989446607586462,0.09890501946827816,0.04945250973413908,0.06593667964551878,0.010989446607586462,0.03296833982275939,0.03296833982275939,0.06593667964551878,0.016484169911379694,0.010989446607586462,0.09890501946827816,0.03296833982275939,0.03296833982275939,0.03296833982275939
72,0.03145635446587038,0.08399294487016842,0.03149735432631316,0.0787433858157829,0.02362301574473487,0.03149735432631316,0.09449206297893949,0.04724603148946974,0.06299470865262632,0.03149735432631316,0.03149735432631316,0.06299470865262632,0.01574867716315658,0.01574867716315658,0.03149735432631316,0.010499118108771053,0.06299470865262632,0.09449206297893949,0.06299470865262632,0.03149735432631316,0.06299470865262632
73,0.036065061010827154,0.025773661470298737,0.02405541737227882,0.04811083474455764,0.07216625211683647,0.054124689087627346,0.036083126058418236,0.054124689087627346,0.10824937817525469,0.036083126058418236,0.07216625211683647,0.07216625211683647,0.07216625211683647,0.036083126058418236,0.036083126058418236,0.018041563029209118,0.018041563029209118,0.07216625211683647,0.036083126058418236,0.036083126058418236,0.036083126058418236
74,0.039961856403580555,0.051389829256747274,0.055957814079569256,0.029977400399769243,0.039969867199692324,0.07993973439938465,0.11990960159907697,0.1598794687987693,0.039969867199692324,0.019984933599846162,0.009992466799923081,0.039969867199692324,0.013323289066564109,0.039969867199692324,0.039969867199692324,0.039969867199692324,0.039969867199692324,0.039969867199692324,0.039969867199692324,0.019984933599846162,0.039969867199692324
75,0.03795637478304118,0.05063387501141888,0.07595081251712833,0.09493851564641041,0.028481554693923123,0.037975406258564166,0.037975406258564166,0.11392621877569249,0.018987703129282083,0.028481554693923123,0.037975406258564166,0.018987703129282083,0.018987703129282083,0.037975406258564166,0.037975406258564166,0.11392621877569249,0.018987703129282083,0.037975406258564166,0.07595081251712833,0.037975406258564166,0.037975406258564166
76,0.03903995043936566,0.05859512497320941,0.03906341664880627,0.06250146663809003,0.019531708324403135,0.07812683329761254,0.07812683329761254,0.07812683329761254,0.03906341664880627,0.019531708324403135,0.03906341664880627,0.07812683329761254,0.019531708324403135,0.019531708324403135,0.03906341664880627,0.03906341664880627,0.019531708324403135,0.07812683329761254,0.03906341664880627,0.07812683329761254,0.03906341664880627
77,0.03230113171651319,0.0646929605537707,0.04851972041532803,0.04851972041532803,0.024259860207664016,0.0646929605537707,0.03234648027688535,0.03234648027688535,0.03234648027688535,0.1293859211075414,0.03234648027688535,0.021564320184590233,0.09703944083065606,0.0646929605537707,0.03234648027688535,0.04851972041532803,0.03234648027688535,0.03234648027688535,0.03234648027688535,0.03234648027688535,0.0646929605537707
78,0.04922252539531213,0.05737450277786908,0.04917814523817351,0.07376721785726026,0.024589072619086754,0.016392715079391166,0.016392715079391166,0.024589072619086754,0.06557086031756466,0.04917814523817351,0.04917814523817351,0.024589072619086754,0.04917814523817351,0.016392715079391166,0.04917814523817351,0.04917814523817351,0.016392715079391166,0.024589072619086754,0.09835629047634702,0.14753443571452052,0.04917814523817351
79,0.03203108101202275,0.08979501843731649,0.05344941573649791,0.025655719553519002,0.03206964944189875,0.0641392988837975,0.010689883147299583,0.09620894832569625,0.021379766294599166,0.021379766294599166,0.016034824720949376,0.008017412360474688,0.03206964944189875,0.03206964944189875,0.0641392988837975,0.016034824720949376,0.0641392988837975,0.0641392988837975,0.16034824720949375,0.0641392988837975,0.03206964944189875
80,0.03677304631903723,0.08583817537577006,0.027590842085068953,0.024525192964505733,0.036787789446758604,0.022072673668055164,0.024525192964505733,0.07357557889351721,0.018393894723379302,0.036787789446758604,0.07357557889351721,0.036787789446758604,0.036787789446758604,0.018393894723379302,0.07357557889351721,0.07357557889351721,0.024525192964505733,0.055181684170137905,0.07357557889351721,0.11036336834027581,0.036787789446758604
81,0.022925525424587274,0.051727472183404205,0.12644493200387696,0.03831664606178089,0.022989987637068537,0.0689699629112056,0.045979975274137073,0.005747496909267134,0.007663329212356179,0.0689699629112056,0.09195995054827415,0.0689699629112056,0.0689699629112056,0.022989987637068537,0.022989987637068537,0.011494993818534268,0.09195995054827415,0.022989987637068537,0.0689699629112056,0.022989987637068537,0.045979975274137073
82,0.0307184537227789,0.04615626410843909,0.0461562641084391,0.0615416854779188,0.0461562641084391,0.0307708427389594,0.0461562641084391,0.15385421369479702,0.0307708427389594,0.0307708427389594,0.0615416854779188,0.0307708427389594,0.0307708427389594,0.0307708427389594,0.0153854213694797,0.0615416854779188,0.1230833709558376,0.0307708427389594,0.0307708427389594,0.0307708427389594,0.0307708427389594
83,0.03537770353484438,0.026549237517389603,0.04424872919564934,0.08849745839129868,0.026549237517389603,0.053098475034779206,0.03539898335651947,0.07079796671303894,0.07079796671303894,0.017699491678259734,0.07079796671303894,0.017699491678259734,0.03539898335651947,0.07079796671303894,0.03539898335651947,0.07079796671303894,0.03539898335651947,0.017699491678259734,0.10619695006955841,0.03539898335651947,0.03539898335651947
84,0.03615322876979906,0.06514108341230393,0.09047372696153325,0.05428423617691995,0.0241263271897422,0.05428423617691995,0.01809474539230665,0.0241263271897422,0.0723789815692266,0.05428423617691995,0.0120631635948711,0.0723789815692266,0.0723789815692266,0.0361894907846133,0.0361894907846133,0.0723789815692266,0.0361894907846133,0.0723789815692266,0.0241263271897422,0.0361894907846133,0.0361894907846133
85,0.0371194525742921,0.09288236791887858,0.09288236791887858,0.03715294716755143,0.03715294716755143,0.024768631445034283,0.03715294716755143,0.07430589433510286,0.018576473583775715,0.018576473583775715,0.07430589433510286,0.09288236791887858,0.05572942075132714,0.03715294716755143,0.009288236791887857,0.018576473583775715,0.018576473583775715,0.07430589433510286,0.03715294716755143,0.07430589433510286,0.03715294716755143
86,0.027731805348872783,0.02777909127574649,0.08333727382723947,0.16667454765447895,0.02777909127574649,0.04629848545957748,0.08333727382723947,0.02777909127574649,0.05555818255149298,0.04166863691361974,0.02777909127574649,0.08333727382723947,0.013889545637873245,0.02777909127574649,0.02777909127574649,0.02777909127574649,0.009259697091915495,0.05555818255149298,0.08333727382723947,0.02777909127574649,0.02777909127574649
87,0.031145674593791695,0.05613533645057429,0.04989807684495493,0.031186298028096828,0.12474519211238731,0.010395432676032277,0.010395432676032277,0.031186298028096828,0.04677944704214524,0.062372596056193656,0.062372596056193656,0.031186298028096828,0.12474519211238731,0.015593149014048414,0.031186298028096828,0.062372596056193656,0.031186298028096828,0.09355889408429048,0.062372596056193656,0.015593149014048414,0.015593149014048414
88,0.034641819619474074,0.09248940650352344,0.09248940650352344,0.057805879064702144,0.052025291158231936,0.06936705487764258,0.017341763719410645,0.06936705487764258,0.06936705487764258,0.10405058231646387,0.01156117581294043,0.008670881859705323,0.008670881859705323,0.017341763719410645,0.06936705487764258,0.03468352743882129,0.06936705487764258,0.03468352743882129,0.03468352743882129,0.017341763719410645,0.03468352743882129
89,0.027707444114881002,0.11806409607176446,0.020834840483252553,0.05555957462200681,0.16667872386602042,0.041669680966505106,0.0092599291036678,0.013889893655501702,0.0185198582073356,0.041669680966505106,0.041669680966505106,0.05555957462200681,0.05555957462200681,0.027779787311003404,0.027779787311003404,0.05555957462200681,0.027779787311003404,0.05555957462200681,0.08333936193301021,0.027779787311003404,0.027779787311003404
90,0.03806217471133988,0.11428964260855368,0.06349424589364093,0.038096547536184557,0.02539769835745637,0.02857241065213842,0.05714482130427684,0.11428964260855368,0.02539769835745637,0.038096547536184557,0.05714482130427684,0.012698849178728185,0.11428964260855368,0.038096547536184557,0.038096547536184557,0.02539769835745637,0.038096547536184557,0.038096547536184557,0.019048273768092278,0.038096547536184557,0.038096547536184557
91,0.03311386875608894,0.11050127214216125,0.06630076328529676,0.01657519082132419,0.09945114492794514,0.03315038164264838,0.03315038164264838,0.09945114492794514,0.03315038164264838,0.011050127214216126,0.09945114492794514,0.02210025442843225,0.09945114492794514,0.03315038164264838,0.01657519082132419,0.011050127214216126,0.03315038164264838,0.06630076328529676,0.03315038164264838,0.03315038164264838,0.01657519082132419
92,0.030921616835061134,0.06969929767036055,0.03717295875752564,0.09293239689381408,0.015488732815635679,0.04646619844690704,0.020651643754180906,0.04646619844690704,0.07744366407817839,0.12390986252508543,0.020651643754180906,0.015488732815635679,0.09293239689381408,0.030977465631271357,0.030977465631271357,0.09293239689381408,0.030977465631271357,0.030977465631271357,0.030977465631271357,0.030977465631271357,0.030977465631271357
