,0,1,2,3,4,5,6,7,8,9,10,11,12,13,14,15,16,17,18,19,20
0,0.03935871667637854,0.059055816597763613,0.03937054439850907,0.03937054439850907,0.03937054439850907,0.07874108879701815,0.015748217759403632,0.019685272199254537,0.11811163319552723,0.03937054439850907,0.03937054439850907,0.07874108879701815,0.03937054439850907,0.03937054439850907,0.03937054439850907,0.03937054439850907,0.03937054439850907,0.03937054439850907,0.03937054439850907,0.07874108879701815,0.03937054439850907
1,0.03270716807240139,0.16361779678195384,0.021815706237593845,0.04363141247518769,0.03272355935639077,0.0046747941937701105,0.008180889839097693,0.016361779678195385,0.03272355935639077,0.13089423742556308,0.021815706237593845,0.06544711871278154,0.06544711871278154,0.04908533903458615,0.0981706780691723,0.03272355935639077,0.016361779678195385,0.03272355935639077,0.06544711871278154,0.03272355935639077,0.03272355935639077
2,0.0384967919340055,0.04399633363886344,0.1154903758020165,0.0384967919340055,0.076993583868011,0.076993583868011,0.012832263978001834,0.076993583868011,0.05774518790100825,0.0384967919340055,0.0384967919340055,0.05774518790100825,0.009624197983501375,0.009624197983501375,0.025664527956003668,0.076993583868011,0.012832263978001834,0.0384967919340055,0.0384967919340055,0.0384967919340055,0.076993583868011
3,0.04256135950656463,0.053191035582968636,0.042552828466374905,0.0709213807772915,0.042552828466374905,0.06382924269956236,0.08510565693274981,0.028368552310916603,0.021276414233187452,0.056737104621833206,0.021276414233187452,0.014184276155458302,0.028368552310916603,0.014184276155458302,0.021276414233187452,0.010638207116593726,0.12765848539912472,0.08510565693274981,0.08510565693274981,0.042552828466374905,0.042552828466374905
4,0.042638173253423894,0.025567526530323997,0.0284083628114711,0.06391881632580998,0.04261254421720665,0.00852250884344133,0.21306272108603327,0.0284083628114711,0.021306272108603325,0.06391881632580998,0.0852250884344133,0.01420418140573555,0.021306272108603325,0.04261254421720665,0.04261254421720665,0.04261254421720665,0.021306272108603325,0.04261254421720665,0.021306272108603325,0.0852250884344133,0.04261254421720665
5,0.037960049791984106,0.15190104476968672,0.06329210198736947,0.15190104476968672,0.01898763059621084,0.01898763059621084,0.03797526119242168,0.03797526119242168,0.05696289178863252,0.02531684079494779,0.03797526119242168,0.07595052238484336,0.01898763059621084,0.03797526119242168,0.01898763059621084,0.05696289178863252,0.03797526119242168,0.01898763059621084,0.01898763059621084,0.03797526119242168,0.03797526119242168
6,0.03547207758249603,0.0473387937382824,0.0355040953037118,0.0887602382592795,0.0355040953037118,0.0710081906074236,0.0355040953037118,0.0355040953037118,0.0355040953037118,0.1065122859111354,0.0532561429555677,0.0532561429555677,0.0710081906074236,0.0177520476518559,0.0177520476518559,0.0355040953037118,0.0236693968691412,0.1065122859111354,0.0236693968691412,0.0355040953037118,0.0355040953037118
7,0.047504630340760065,0.04746654666075946,0.015822182220253153,0.018986618664303782,0.07119981999113918,0.04746654666075946,0.02373327333037973,0.04746654666075946,0.09493309332151892,0.015822182220253153,0.04746654666075946,0.04746654666075946,0.07119981999113918,0.04746654666075946,0.04746654666075946,0.09493309332151892,0.04746654666075946,0.04746654666075946,0.04746654666075946,0.02373327333037973,0.04746654666075946
8,0.042410968104631,0.042402466356990506,0.014134155452330167,0.021201233178495253,0.05300308294623813,0.042402466356990506,0.028268310904660334,0.014134155452330167,0.021201233178495253,0.014134155452330167,0.1272073990709715,0.028268310904660334,0.08480493271398101,0.042402466356990506,0.1272073990709715,0.042402466356990506,0.06360369953548575,0.042402466356990506,0.021201233178495253,0.08480493271398101,0.042402466356990506
9,0.042834768132837986,0.04282618487101396,0.014275394957004651,0.02569571092260838,0.06423927730652093,0.12847855461304186,0.032119638653260466,0.04282618487101396,0.028550789914009302,0.04282618487101396,0.06423927730652093,0.04282618487101396,0.08565236974202792,0.02141309243550698,0.04282618487101396,0.02141309243550698,0.02141309243550698,0.06423927730652093,0.08565236974202792,0.04282618487101396,0.04282618487101396
10,0.03054171748788863,0.05501917735749239,0.12226483857220533,0.091698628929154,0.010188736547683777,0.045849314464577,0.12226483857220533,0.007641552410762833,0.015283104821525666,0.010188736547683777,0.06113241928610266,0.06113241928610266,0.091698628929154,0.06113241928610266,0.03056620964305133,0.015283104821525666,0.015283104821525666,0.03056620964305133,0.03056620964305133,0.06113241928610266,0.03056620964305133
11,0.03340029722258412,0.05849738835252373,0.03342707905858499,0.16713539529292493,0.03342707905858499,0.06685415811716998,0.011142359686194996,0.05014061858787748,0.03342707905858499,0.05014061858787748,0.03342707905858499,0.016713539529292495,0.016713539529292495,0.03342707905858499,0.016713539529292495,0.10028123717575496,0.011142359686194996,0.03342707905858499,0.10028123717575496,0.06685415811716998,0.03342707905858499
12,0.03222681477654353,0.03225910617411522,0.06451821234823044,0.04301214156548695,0.03225910617411522,0.03225910617411522,0.03225910617411522,0.03225910617411522,0.04838865926117282,0.021506070782743476,0.09677731852234564,0.01612955308705761,0.06451821234823044,0.03225910617411522,0.03225910617411522,0.06451821234823044,0.09677731852234564,0.06451821234823044,0.06451821234823044,0.06451821234823044,0.03225910617411522
13,0.036657126648334225,0.05868078416355325,0.07335098020444156,0.07335098020444156,0.11002647030666234,0.01833774505111039,0.07335098020444156,0.07335098020444156,0.11002647030666234,0.01833774505111039,0.03667549010222078,0.01833774505111039,0.01833774505111039,0.02445032673481385,0.03667549010222078,0.07335098020444156,0.01833774505111039,0.01833774505111039,0.03667549010222078,0.03667549010222078,0.03667549010222078
14,0.034648543513922124,0.052024928792662885,0.08670821465443813,0.04624438114903367,0.017341642930887628,0.052024928792662885,0.06936657172355051,0.10404985758532577,0.034683285861775257,0.034683285861775257,0.034683285861775257,0.052024928792662885,0.10404985758532577,0.017341642930887628,0.034683285861775257,0.052024928792662885,0.034683285861775257,0.06936657172355051,0.034683285861775257,0.017341642930887628,0.017341642930887628
15,0.03869849266694979,0.058065191718103704,0.019355063906034566,0.019355063906034566,0.11613038343620741,0.012903375937356378,0.03871012781206913,0.07742025562413826,0.11613038343620741,0.07742025562413826,0.03871012781206913,0.07742025562413826,0.03871012781206913,0.058065191718103704,0.03871012781206913,0.019355063906034566,0.03871012781206913,0.019355063906034566,0.019355063906034566,0.03871012781206913,0.03871012781206913
16,0.04800283121977583,0.04795955510227829,0.04795955510227829,0.015986518367426095,0.02877573306136698,0.04795955510227829,0.09591911020455658,0.09591911020455658,0.011989888775569573,0.015986518367426095,0.04795955510227829,0.07193933265341744,0.04795955510227829,0.015986518367426095,0.023979777551139145,0.023979777551139145,0.09591911020455658,0.09591911020455658,0.04795955510227829,0.023979777551139145,0.04795955510227829
17,0.03946608813473537,0.039473996378024574,0.039473996378024574,0.07894799275604915,0.013157998792674857,0.026315997585349714,0.11842198913407372,0.019736998189012287,0.039473996378024574,0.07894799275604915,0.039473996378024574,0.013157998792674857,0.039473996378024574,0.07894799275604915,0.039473996378024574,0.039473996378024574,0.07894799275604915,0.019736998189012287,0.039473996378024574,0.07894799275604915,0.039473996378024574
18,0.042241357413193126,0.05281757220147833,0.0704234296019711,0.031690543320887,0.05633874368157688,0.08450811552236533,0.063381086641774,0.02112702888059133,0.02112702888059133,0.02816937184078844,0.02112702888059133,0.04225405776118266,0.08450811552236533,0.02112702888059133,0.08450811552236533,0.08450811552236533,0.04225405776118266,0.04225405776118266,0.04225405776118266,0.02112702888059133,0.04225405776118266
19,0.049454129241878794,0.028234035765092712,0.04940956258891224,0.01646985419630408,0.09881912517782449,0.01646985419630408,0.09881912517782449,0.04940956258891224,0.09881912517782449,0.02470478129445612,0.02470478129445612,0.02470478129445612,0.04940956258891224,0.02470478129445612,0.02470478129445612,0.02470478129445612,0.04940956258891224,0.04940956258891224,0.09881912517782449,0.04940956258891224,0.04940956258891224
20,0.043968677492922034,0.058607284138364926,0.0439554631037737,0.0439554631037737,0.010988865775943425,0.02197773155188685,0.029303642069182463,0.0879109262075474,0.029303642069182463,0.0439554631037737,0.0439554631037737,0.02197773155188685,0.13186638931132108,0.0879109262075474,0.014651821034591232,0.0439554631037737,0.0439554631037737,0.02197773155188685,0.0879109262075474,0.0439554631037737,0.0439554631037737
21,0.03870222318721454,0.1161299327693298,0.05161330345303546,0.012903325863258866,0.012903325863258866,0.012903325863258866,0.07741995517955319,0.038709977589776595,0.038709977589776595,0.038709977589776595,0.038709977589776595,0.019354988794888298,0.07741995517955319,0.07741995517955319,0.019354988794888298,0.038709977589776595,0.07741995517955319,0.0580649663846649,0.038709977589776595,0.038709977589776595,0.07741995517955319
22,0.040007694558103934,0.039999679393412334,0.009999919848353083,0.07999935878682467,0.029999759545059252,0.026666452928941556,0.11999903818023701,0.019999839696706167,0.059999519090118504,0.019999839696706167,0.019999839696706167,0.11999903818023701,0.039999679393412334,0.039999679393412334,0.013333226464470778,0.07999935878682467,0.039999679393412334,0.07999935878682467,0.039999679393412334,0.039999679393412334,0.039999679393412334
23,0.046149898161355875,0.032944396793874425,0.030748103674282795,0.036897724409139354,0.09224431102284839,0.023061077755712096,0.09224431102284839,0.04612215551142419,0.04612215551142419,0.1383664665342726,0.04612215551142419,0.04612215551142419,0.023061077755712096,0.04612215551142419,0.04612215551142419,0.04612215551142419,0.023061077755712096,0.04612215551142419,0.023061077755712096,0.04612215551142419,0.023061077755712096
24,0.03448256394131743,0.06038078069455728,0.03450330325403273,0.023002202169355154,0.013801321301613094,0.06900660650806546,0.1035099097620982,0.017251651627016366,0.03450330325403273,0.06900660650806546,0.06900660650806546,0.023002202169355154,0.17251651627016365,0.06900660650806546,0.03450330325403273,0.017251651627016366,0.03450330325403273,0.03450330325403273,0.017251651627016366,0.03450330325403273,0.03450330325403273
25,0.046060663449409366,0.04600993584649151,0.09201987169298302,0.015336645282163837,0.015336645282163837,0.023004967923245755,0.030673290564327674,0.09201987169298302,0.018403974338596606,0.18403974338596604,0.04600993584649151,0.04600993584649151,0.015336645282163837,0.04600993584649151,0.04600993584649151,0.030673290564327674,0.04600993584649151,0.04600993584649151,0.023004967923245755,0.04600993584649151,0.04600993584649151
26,0.030977668633946284,0.0775217865092843,0.03876089325464215,0.1550435730185686,0.01550435730185686,0.01550435730185686,0.03100871460371372,0.06201742920742744,0.03100871460371372,0.09302614381114116,0.09302614381114116,0.01550435730185686,0.01550435730185686,0.09302614381114116,0.01550435730185686,0.01550435730185686,0.09302614381114116,0.01550435730185686,0.03100871460371372,0.03100871460371372,0.03100871460371372
27,0.031853154244628396,0.03719554292144677,0.0382582727192024,0.047822840899002995,0.031881893932668666,0.031881893932668666,0.12752757573067466,0.015940946966334333,0.02125459595511244,0.12752757573067466,0.015940946966334333,0.031881893932668666,0.031881893932668666,0.031881893932668666,0.06376378786533733,0.031881893932668666,0.01062729797755622,0.06376378786533733,0.12752757573067466,0.015940946966334333,0.06376378786533733
28,0.03231680705541516,0.04043244538765675,0.010781985436708467,0.1293838252405016,0.0646919126202508,0.0161729781550627,0.0323459563101254,0.0323459563101254,0.0646919126202508,0.0323459563101254,0.0646919126202508,0.0970378689303762,0.0646919126202508,0.0646919126202508,0.0646919126202508,0.0646919126202508,0.010781985436708467,0.0323459563101254,0.0323459563101254,0.0161729781550627,0.0323459563101254
29,0.04448590403589522,0.07783474016775098,0.017790797752628797,0.04447699438157199,0.04447699438157199,0.014825664793857328,0.08895398876314398,0.13343098314471596,0.04447699438157199,0.04447699438157199,0.04447699438157199,0.022238497190785994,0.04447699438157199,0.04447699438157199,0.022238497190785994,0.04447699438157199,0.022238497190785994,0.08895398876314398,0.022238497190785994,0.04447699438157199,0.04447699438157199
30,0.03510842552927838,0.04098447221659618,0.17564773807112652,0.0351295476142253,0.0702590952284506,0.028103638091380244,0.0351295476142253,0.0351295476142253,0.0351295476142253,0.0702590952284506,0.0351295476142253,0.01756477380711265,0.01756477380711265,0.0351295476142253,0.1053886428426759,0.0351295476142253,0.0702590952284506,0.0351295476142253,0.01756477380711265,0.0351295476142253,0.0351295476142253
31,0.0352078622774316,0.028169113510147985,0.014084556755073993,0.12323987160689742,0.026408543915763735,0.007042278377536996,0.07042278377536997,0.05281708783152747,0.008802847971921246,0.03521139188768498,0.07042278377536997,0.03521139188768498,0.14084556755073993,0.01760569594384249,0.01760569594384249,0.07042278377536997,0.03521139188768498,0.07042278377536997,0.03521139188768498,0.07042278377536997,0.03521139188768498
32,0.029519327250449316,0.039410382649727946,0.059115573974591926,0.08867336096188788,0.029557786987295963,0.04433668048094394,0.11823114794918385,0.014778893493647981,0.059115573974591926,0.029557786987295963,0.059115573974591926,0.029557786987295963,0.014778893493647981,0.059115573974591926,0.059115573974591926,0.08867336096188788,0.059115573974591926,0.014778893493647981,0.014778893493647981,0.029557786987295963,0.059115573974591926
33,0.032146634449504594,0.06434482208645953,0.024129308282422324,0.010724137014409921,0.010724137014409921,0.016086205521614882,0.04825861656484465,0.06434482208645953,0.032172411043229765,0.12868964417291906,0.06434482208645953,0.021448274028819842,0.032172411043229765,0.04825861656484465,0.06434482208645953,0.032172411043229765,0.0965172331296893,0.032172411043229765,0.0965172331296893,0.06434482208645953,0.016086205521614882
34,0.042410964841305895,0.042402466501491994,0.021201233250745997,0.02826831100099466,0.042402466501491994,0.042402466501491994,0.042402466501491994,0.021201233250745997,0.12720739950447596,0.042402466501491994,0.03180184987611899,0.02826831100099466,0.042402466501491994,0.042402466501491994,0.021201233250745997,0.042402466501491994,0.12720739950447596,0.042402466501491994,0.08480493300298399,0.042402466501491994,0.042402466501491994
35,0.03556655032281674,0.053381925258884674,0.05338192525888469,0.021352770103553877,0.03558795017258979,0.02372530011505986,0.02372530011505986,0.10676385051776938,0.03558795017258979,0.02372530011505986,0.03558795017258979,0.03558795017258979,0.10676385051776938,0.10676385051776938,0.03558795017258979,0.03558795017258979,0.03558795017258979,0.017793975086294895,0.07117590034517958,0.07117590034517958,0.03558795017258979
36,0.045497715078656215,0.03639087345212431,0.027293155089093232,0.03411644386136654,0.030325727876770254,0.10614004756869588,0.04548859181515538,0.015162863938385127,0.04548859181515538,0.09097718363031077,0.09097718363031077,0.02274429590757769,0.02274429590757769,0.04548859181515538,0.04548859181515538,0.04548859181515538,0.06823288772273307,0.04548859181515538,0.04548859181515538,0.04548859181515538,0.04548859181515538
37,0.0368585936297892,0.03685490075396215,0.022112940452377296,0.1474196030158486,0.03685490075396215,0.03685490075396215,0.018427450376981076,0.11056470226188646,0.0073709801507924316,0.03685490075396215,0.0737098015079243,0.018427450376981076,0.0737098015079243,0.03685490075396215,0.03685490075396215,0.0737098015079243,0.0737098015079243,0.03685490075396215,0.012284966917987384,0.03685490075396215,0.03685490075396215
38,0.042364126417304485,0.036308469140576144,0.084719761328011,0.0423598806640055,0.03176991049800412,0.10589970166001374,0.1270796419920165,0.02117994033200275,0.014119960221335165,0.0423598806640055,0.02823992044267033,0.02823992044267033,0.0423598806640055,0.0423598806640055,0.0423598806640055,0.014119960221335165,0.06353982099600824,0.084719761328011,0.0423598806640055,0.02117994033200275,0.0423598806640055
39,0.051325928381110955,0.06837290606262264,0.00854661325782783,0.03418645303131132,0.01709322651565566,0.02563983977348349,0.05127967954696698,0.05127967954696698,0.03418645303131132,0.07691951932045048,0.05127967954696698,0.10255935909393396,0.05127967954696698,0.07691951932045048,0.05127967954696698,0.01709322651565566,0.05127967954696698,0.02563983977348349,0.05127967954696698,0.05127967954696698,0.05127967954696698
40,0.04208381834437129,0.04207538133187242,0.052594226664840524,0.04207538133187242,0.025245228799123456,0.04207538133187242,0.04207538133187242,0.05610050844249656,0.010518845332968105,0.02103769066593621,0.12622614399561727,0.02805025422124828,0.04207538133187242,0.04207538133187242,0.02805025422124828,0.08415076266374484,0.04207538133187242,0.08415076266374484,0.02103769066593621,0.04207538133187242,0.08415076266374484
41,0.03418803418803419,0.04273504273504274,0.13675213675213677,0.011396011396011397,0.03418803418803419,0.017094017094017096,0.017094017094017096,0.03418803418803419,0.017094017094017096,0.011396011396011397,0.06837606837606838,0.03418803418803419,0.10256410256410257,0.06837606837606838,0.03418803418803419,0.06837606837606838,0.017094017094017096,0.03418803418803419,0.011396011396011397,0.13675213675213677,0.06837606837606838
42,0.03605846785672263,0.06314027503121904,0.060133595267827654,0.024053438107131064,0.018040078580348298,0.028864125728557278,0.10824047148208979,0.036080157160696597,0.012026719053565532,0.018040078580348298,0.036080157160696597,0.07216031432139319,0.07216031432139319,0.054120235741044895,0.036080157160696597,0.036080157160696597,0.14432062864278639,0.036080157160696597,0.036080157160696597,0.036080157160696597,0.036080157160696597
43,0.03859264607292042,0.11575473157650457,0.00964622763137538,0.05144654736733536,0.05787736578825228,0.03858491052550152,0.01929245526275076,0.01286163684183384,0.11575473157650457,0.02572327368366768,0.07716982105100303,0.01286163684183384,0.05144654736733536,0.02572327368366768,0.07716982105100303,0.07716982105100303,0.01929245526275076,0.03858491052550152,0.03858491052550152,0.01929245526275076,0.07716982105100303
44,0.031395328716548015,0.04712130833270848,0.02356065416635424,0.06282841111027797,0.031414205555138984,0.12565682222055594,0.031414205555138984,0.15707102777569493,0.06282841111027797,0.04712130833270848,0.12565682222055594,0.031414205555138984,0.015707102777569492,0.010471401851712995,0.015707102777569492,0.007853551388784746,0.015707102777569492,0.031414205555138984,0.031414205555138984,0.031414205555138984,0.06282841111027797
45,0.03814452104668086,0.0054470343310239885,0.03812924031716792,0.07625848063433584,0.03812924031716792,0.07625848063433584,0.05083898708955722,0.07625848063433584,0.03812924031716792,0.01906462015858396,0.03812924031716792,0.07625848063433584,0.07625848063433584,0.00953231007929198,0.01906462015858396,0.01906462015858396,0.11438772095150375,0.03812924031716792,0.03812924031716792,0.07625848063433584,0.03812924031716792
46,0.04024918852442491,0.10730966445568972,0.024144674502530192,0.020120562085441825,0.04024112417088365,0.12072337251265094,0.0804822483417673,0.0804822483417673,0.04024112417088365,0.02682741611392243,0.010060281042720913,0.013413708056961215,0.013413708056961215,0.020120562085441825,0.0804822483417673,0.04024112417088365,0.0804822483417673,0.020120562085441825,0.0804822483417673,0.04024112417088365,0.020120562085441825
47,0.04287358197291472,0.02142820338866609,0.12856922033199655,0.06428461016599828,0.04285640677733218,0.08571281355466435,0.028570937851554786,0.08571281355466435,0.02142820338866609,0.04285640677733218,0.08571281355466435,0.04285640677733218,0.04285640677733218,0.028570937851554786,0.02142820338866609,0.02142820338866609,0.04285640677733218,0.04285640677733218,0.02142820338866609,0.04285640677733218,0.04285640677733218
48,0.03184549447148568,0.04779698601073301,0.021243104893659118,0.021243104893659118,0.025491725872390944,0.00796616433512217,0.1274586293619547,0.042486209787318235,0.09559397202146604,0.010621552446829559,0.03186465734048868,0.010621552446829559,0.06372931468097735,0.06372931468097735,0.01593232867024434,0.03186465734048868,0.03186465734048868,0.1274586293619547,0.1274586293619547,0.03186465734048868,0.03186465734048868
49,0.0430539881974943,0.07173508334351616,0.06456157500916455,0.03228078750458228,0.028694033337406465,0.0430410500061097,0.1291231500183291,0.06456157500916455,0.01721642000244388,0.0430410500061097,0.0860821000122194,0.02152052500305485,0.010760262501527425,0.0430410500061097,0.0430410500061097,0.02152052500305485,0.0430410500061097,0.0430410500061097,0.0430410500061097,0.0860821000122194,0.02152052500305485
50,0.04329619139007863,0.02162857140791081,0.04325714281582162,0.02162857140791081,0.008651428563164323,0.04325714281582162,0.04325714281582162,0.12977142844746484,0.08651428563164323,0.04325714281582162,0.028838095210547744,0.010814285703955404,0.02162857140791081,0.02162857140791081,0.08651428563164323,0.08651428563164323,0.04325714281582162,0.04325714281582162,0.08651428563164323,0.04325714281582162,0.04325714281582162
51,0.03239158286500206,0.11351830592086569,0.016216900845837955,0.04324506892223454,0.06486760338335182,0.03243380169167591,0.06486760338335182,0.03243380169167591,0.06486760338335182,0.06486760338335182,0.06486760338335182,0.12973520676670364,0.03243380169167591,0.03243380169167591,0.03243380169167591,0.016216900845837955,0.03243380169167591,0.03243380169167591,0.03243380169167591,0.03243380169167591,0.03243380169167591
52,0.03312990409764604,0.04419977581267904,0.01657491592975464,0.04972474778926392,0.03314983185950928,0.1657491592975464,0.03314983185950928,0.03314983185950928,0.09944949557852784,0.03314983185950928,0.01657491592975464,0.03314983185950928,0.01104994395316976,0.04972474778926392,0.03314983185950928,0.09944949557852784,0.03314983185950928,0.06629966371901856,0.03314983185950928,0.01657491592975464,0.06629966371901856
53,0.03591843415739765,0.050331169378979856,0.05991805878449983,0.026963126453024927,0.053926252906049854,0.0359508352706999,0.10785250581209971,0.0359508352706999,0.0359508352706999,0.01797541763534995,0.0719016705413998,0.0359508352706999,0.0719016705413998,0.0719016705413998,0.0359508352706999,0.0719016705413998,0.0359508352706999,0.0359508352706999,0.0359508352706999,0.0359508352706999,0.0359508352706999
54,0.038953537534881,0.03896134307291023,0.06493557178818371,0.03896134307291023,0.012987114357636742,0.019480671536455114,0.03896134307291023,0.11688402921873069,0.05194845743054697,0.11688402921873069,0.03896134307291023,0.03896134307291023,0.012987114357636742,0.07792268614582046,0.03896134307291023,0.07792268614582046,0.03896134307291023,0.019480671536455114,0.03896134307291023,0.03896134307291023,0.03896134307291023
55,0.04066623669192513,0.08135692692365298,0.10847590256487065,0.027118975641217662,0.12203539038547949,0.013559487820608831,0.08135692692365298,0.04067846346182649,0.04067846346182649,0.04067846346182649,0.020339231730913246,0.027118975641217662,0.08135692692365298,0.020339231730913246,0.020339231730913246,0.010169615865456623,0.08135692692365298,0.020339231730913246,0.04067846346182649,0.04067846346182649,0.04067846346182649
56,0.041367393394256165,0.041379824745571676,0.041379824745571676,0.041379824745571676,0.12413947423671502,0.020689912372785838,0.020689912372785838,0.10344956186392919,0.08275964949114335,0.041379824745571676,0.027586549830381116,0.020689912372785838,0.08275964949114335,0.041379824745571676,0.041379824745571676,0.041379824745571676,0.020689912372785838,0.041379824745571676,0.041379824745571676,0.041379824745571676,0.041379824745571676
57,0.04330469163092783,0.054152564624664466,0.057762735599642095,0.04332205169973157,0.08664410339946314,0.04332205169973157,0.04332205169973157,0.08664410339946314,0.04332205169973157,0.06498307754959735,0.021661025849865786,0.021661025849865786,0.08664410339946314,0.04332205169973157,0.04332205169973157,0.021661025849865786,0.04332205169973157,0.04332205169973157,0.04332205169973157,0.04332205169973157,0.021661025849865786
58,0.03485337429528709,0.04651309039540785,0.1918664978810574,0.011628272598851963,0.03488481779655589,0.023256545197703926,0.13953927118622356,0.03488481779655589,0.03488481779655589,0.03488481779655589,0.011628272598851963,0.017442408898277945,0.03488481779655589,0.03488481779655589,0.03488481779655589,0.06976963559311178,0.03488481779655589,0.06976963559311178,0.03488481779655589,0.03488481779655589,0.03488481779655589
59,0.04043904009124707,0.016172375728799208,0.20215469660999008,0.02021546966099901,0.02021546966099901,0.12129281796599406,0.04043093932199802,0.06064640898299703,0.013476979773999339,0.04043093932199802,0.04043093932199802,0.04043093932199802,0.04043093932199802,0.04043093932199802,0.04043093932199802,0.04043093932199802,0.02021546966099901,0.04043093932199802,0.04043093932199802,0.04043093932199802,0.04043093932199802
60,0.036087134421048404,0.21660963271437117,0.04332192654287424,0.024067736968263462,0.024067736968263462,0.03610160545239519,0.03610160545239519,0.012033868484131731,0.05415240817859279,0.03610160545239519,0.03610160545239519,0.05415240817859279,0.012033868484131731,0.10830481635718558,0.07220321090479039,0.03610160545239519,0.03610160545239519,0.03610160545239519,0.03610160545239519,0.03610160545239519,0.018050802726197596
61,0.03612713450278286,0.03614523245614564,0.09036308114036411,0.10843569736843692,0.03614523245614564,0.03614523245614564,0.18072616228072821,0.01807261622807282,0.024096821637430425,0.03614523245614564,0.01807261622807282,0.03614523245614564,0.07229046491229128,0.03614523245614564,0.03614523245614564,0.01807261622807282,0.01807261622807282,0.07229046491229128,0.03614523245614564,0.03614523245614564,0.01807261622807282
62,0.030076113289005935,0.05419129837805864,0.06021255375339849,0.010035425625566415,0.007526569219174811,0.18063766126019548,0.030106276876699246,0.02007085125113283,0.06021255375339849,0.010035425625566415,0.06021255375339849,0.030106276876699246,0.12042510750679698,0.030106276876699246,0.09031883063009774,0.030106276876699246,0.030106276876699246,0.010035425625566415,0.015053138438349623,0.06021255375339849,0.06021255375339849
63,0.041428508191913765,0.049724169603877676,0.024862084801938838,0.04143680800323139,0.05524907733764185,0.04143680800323139,0.08287361600646279,0.08287361600646279,0.020718404001615696,0.04143680800323139,0.04143680800323139,0.12431042400969418,0.04143680800323139,0.04143680800323139,0.04143680800323139,0.020718404001615696,0.04143680800323139,0.04143680800323139,0.04143680800323139,0.04143680800323139,0.04143680800323139
64,0.032980930875207495,0.02640325103412403,0.022002709195103356,0.011001354597551678,0.0990121913779651,0.13201625517062013,0.04950609568898255,0.06600812758531006,0.06600812758531006,0.016502031896327516,0.04950609568898255,0.03300406379265503,0.016502031896327516,0.03300406379265503,0.03300406379265503,0.016502031896327516,0.0990121913779651,0.06600812758531006,0.06600812758531006,0.03300406379265503,0.03300406379265503
65,0.03481962686426523,0.041812868150284545,0.0580734279865063,0.023229371194602517,0.10453217037571134,0.1393762271676151,0.01742202839595189,0.03484405679190378,0.03484405679190378,0.10453217037571134,0.10453217037571134,0.03484405679190378,0.03484405679190378,0.03484405679190378,0.023229371194602517,0.01742202839595189,0.03484405679190378,0.03484405679190378,0.01742202839595189,0.03484405679190378,0.03484405679190378
66,0.03851073274441754,0.027510422525195494,0.03851459153527369,0.03851459153527369,0.019257295767636844,0.07702918307054737,0.012838197178424562,0.07702918307054737,0.009628647883818422,0.11554377460582108,0.025676394356849125,0.07702918307054737,0.07702918307054737,0.05777188730291054,0.03851459153527369,0.03851459153527369,0.03851459153527369,0.03851459153527369,0.07702918307054737,0.03851459153527369,0.03851459153527369
67,0.0468929011901259,0.046874119613600364,0.046874119613600364,0.046874119613600364,0.046874119613600364,0.09374823922720073,0.015624706537866788,0.046874119613600364,0.015624706537866788,0.046874119613600364,0.09374823922720073,0.046874119613600364,0.031249413075733576,0.046874119613600364,0.023437059806800182,0.046874119613600364,0.046874119613600364,0.046874119613600364,0.09374823922720073,0.023437059806800182,0.046874119613600364
68,0.03970115960520088,0.04963639767719499,0.0238254708850536,0.026472745427837327,0.06618186356959332,0.039709118141756,0.039709118141756,0.039709118141756,0.079418236283512,0.039709118141756,0.039709118141756,0.039709118141756,0.026472745427837327,0.013236372713918663,0.039709118141756,0.079418236283512,0.079418236283512,0.039709118141756,0.11912735442526799,0.039709118141756,0.039709118141756
69,0.038299415397661976,0.03831476432678638,0.03831476432678638,0.057472146490179565,0.057472146490179565,0.11494429298035913,0.057472146490179565,0.01915738216339319,0.022988858596071828,0.07662952865357275,0.07662952865357275,0.01915738216339319,0.03831476432678638,0.03831476432678638,0.03831476432678638,0.03831476432678638,0.03831476432678638,0.03831476432678638,0.03831476432678638,0.03831476432678638,0.07662952865357275
70,0.03725989066249764,0.03726735907112912,0.1490694362845165,0.11180207721338738,0.03726735907112912,0.05590103860669369,0.01863367953556456,0.03726735907112912,0.1490694362845165,0.03726735907112912,0.012422453023709708,0.03726735907112912,0.012422453023709708,0.03726735907112912,0.03726735907112912,0.024844906047419416,0.01863367953556456,0.01863367953556456,0.05590103860669369,0.03726735907112912,0.03726735907112912
71,0.03498892181052072,0.023337631878826582,0.017503223909119937,0.014002579127295951,0.07001289563647975,0.035006447818239875,0.07001289563647975,0.035006447818239875,0.035006447818239875,0.035006447818239875,0.07001289563647975,0.07001289563647975,0.035006447818239875,0.035006447818239875,0.035006447818239875,0.07001289563647975,0.035006447818239875,0.10501934345471962,0.017503223909119937,0.1400257912729595,0.017503223909119937
72,0.043653093041613,0.054544500396866175,0.0654534004762394,0.0327267002381197,0.010908900079373235,0.08727120063498588,0.02181780015874647,0.014545200105830979,0.04363560031749294,0.02181780015874647,0.02181780015874647,0.04363560031749294,0.08727120063498588,0.04363560031749294,0.014545200105830979,0.08727120063498588,0.08727120063498588,0.04363560031749294,0.04363560031749294,0.08727120063498588,0.04363560031749294
73,0.04431314623338257,0.062038404726735594,0.04431314623338257,0.04431314623338257,0.022156573116691284,0.029542097488921712,0.04431314623338257,0.04431314623338257,0.04431314623338257,0.08862629246676514,0.04431314623338257,0.04431314623338257,0.022156573116691284,0.022156573116691284,0.08862629246676514,0.04431314623338257,0.08862629246676514,0.022156573116691284,0.08862629246676514,0.022156573116691284,0.04431314623338257
74,0.04767961059104363,0.059569665726164914,0.07942622096821987,0.019062293032372772,0.09531146516186385,0.03177048838728795,0.04765573258093193,0.04765573258093193,0.04765573258093193,0.023827866290465963,0.023827866290465963,0.04765573258093193,0.1429671977427958,0.023827866290465963,0.023827866290465963,0.023827866290465963,0.04765573258093193,0.04765573258093193,0.04765573258093193,0.04765573258093193,0.023827866290465963
75,0.03919681869507585,0.058824684569689235,0.09804114094948206,0.058824684569689235,0.019608228189896413,0.013072152126597607,0.07843291275958565,0.039216456379792826,0.039216456379792826,0.11764936913937847,0.039216456379792826,0.058824684569689235,0.039216456379792826,0.039216456379792826,0.026144304253195215,0.07843291275958565,0.039216456379792826,0.019608228189896413,0.039216456379792826,0.039216456379792826,0.019608228189896413
76,0.033697443360990696,0.10118351378418945,0.042159797410078935,0.0674556758561263,0.03372783792806315,0.013491135171225261,0.03372783792806315,0.0674556758561263,0.016863918964031575,0.0674556758561263,0.03372783792806315,0.016863918964031575,0.03372783792806315,0.0674556758561263,0.0674556758561263,0.0674556758561263,0.03372783792806315,0.03372783792806315,0.0674556758561263,0.0674556758561263,0.03372783792806315
77,0.03805271995318936,0.09517948021571344,0.03807179208628538,0.02284307525177123,0.025381194724190252,0.01903589604314269,0.01903589604314269,0.11421537625885614,0.01903589604314269,0.03807179208628538,0.07614358417257076,0.01903589604314269,0.07614358417257076,0.03807179208628538,0.03807179208628538,0.03807179208628538,0.01903589604314269,0.07614358417257076,0.07614358417257076,0.03807179208628538,0.07614358417257076
78,0.032214323073048834,0.0645190451284634,0.08064880641057925,0.08064880641057925,0.0322595225642317,0.0322595225642317,0.09677856769269512,0.09677856769269512,0.0322595225642317,0.0322595225642317,0.0322595225642317,0.01612976128211585,0.09677856769269512,0.0322595225642317,0.01612976128211585,0.0322595225642317,0.0322595225642317,0.0322595225642317,0.0645190451284634,0.0322595225642317,0.0322595225642317
79,0.03189014622175262,0.1914942567913017,0.03191570946521695,0.015957854732608474,0.04255427928695593,0.03191570946521695,0.1276628378608678,0.03191570946521695,0.015957854732608474,0.015957854732608474,0.0638314189304339,0.0638314189304339,0.0638314189304339,0.03191570946521695,0.03191570946521695,0.015957854732608474,0.0638314189304339,0.03191570946521695,0.03191570946521695,0.03191570946521695,0.03191570946521695
80,0.03536060871445945,0.07079922137875527,0.12389863741282173,0.035399610689377636,0.044249513361722045,0.035399610689377636,0.02359974045958509,0.053099416034066454,0.10619883206813291,0.035399610689377636,0.017699805344688818,0.07079922137875527,0.011799870229792545,0.07079922137875527,0.035399610689377636,0.035399610689377636,0.035399610689377636,0.017699805344688818,0.035399610689377636,0.07079922137875527,0.035399610689377636
81,0.04300250643303451,0.10752780826595118,0.043011123306380475,0.043011123306380475,0.021505561653190237,0.043011123306380475,0.043011123306380475,0.03225834247978535,0.0645166849595707,0.043011123306380475,0.021505561653190237,0.1290333699191414,0.021505561653190237,0.043011123306380475,0.021505561653190237,0.043011123306380475,0.0645166849595707,0.0645166849595707,0.043011123306380475,0.043011123306380475,0.021505561653190237
82,0.030034281858329768,0.010025485458828632,0.1203058255059436,0.07017839821180043,0.037595570470607374,0.0300764563764859,0.04010194183531453,0.0300764563764859,0.0300764563764859,0.07519114094121475,0.0902293691294577,0.0300764563764859,0.0902293691294577,0.0300764563764859,0.1203058255059436,0.0300764563764859,0.0300764563764859,0.0300764563764859,0.0300764563764859,0.01503822818824295,0.0300764563764859
83,0.03920814159847973,0.019607997110235108,0.05882399133070532,0.039215994220470216,0.07843198844094043,0.11764798266141065,0.05882399133070532,0.019607997110235108,0.039215994220470216,0.039215994220470216,0.039215994220470216,0.039215994220470216,0.039215994220470216,0.039215994220470216,0.07843198844094043,0.039215994220470216,0.07843198844094043,0.019607997110235108,0.07843198844094043,0.019607997110235108,0.019607997110235108
84,0.04227380142352573,0.19013681883503533,0.12675787922335688,0.016901050563114254,0.021126313203892813,0.021126313203892813,0.021126313203892813,0.025351575844671383,0.021126313203892813,0.042252626407785626,0.12675787922335688,0.014084208802595208,0.042252626407785626,0.021126313203892813,0.014084208802595208,0.021126313203892813,0.08450525281557125,0.042252626407785626,0.042252626407785626,0.021126313203892813,0.042252626407785626
85,0.042015613671732614,0.006997694567774049,0.0419861674066443,0.0419861674066443,0.01679446696265772,0.010496541851661075,0.0419861674066443,0.0839723348132886,0.0419861674066443,0.0419861674066443,0.12595850221993288,0.0419861674066443,0.0419861674066443,0.02099308370332215,0.06297925110996644,0.02099308370332215,0.02099308370332215,0.0839723348132886,0.0839723348132886,0.0839723348132886,0.0419861674066443
86,0.03972745273954059,0.03973541574870867,0.06622569291451444,0.01324513858290289,0.03973541574870867,0.07947083149741734,0.07947083149741734,0.059603123623063005,0.02649027716580578,0.07947083149741734,0.03973541574870867,0.03973541574870867,0.03973541574870867,0.03973541574870867,0.059603123623063005,0.03973541574870867,0.03973541574870867,0.019867707874354334,0.07947083149741734,0.03973541574870867,0.03973541574870867
87,0.02880407203088304,0.0480790063351048,0.05769480760212577,0.04327110570159432,0.04327110570159432,0.11538961520425153,0.014423701900531442,0.11538961520425153,0.028847403801062883,0.014423701900531442,0.05769480760212577,0.028847403801062883,0.08654221140318864,0.014423701900531442,0.028847403801062883,0.08654221140318864,0.014423701900531442,0.028847403801062883,0.028847403801062883,0.05769480760212577,0.05769480760212577
88,0.04092338301605825,0.04089878963684187,0.008179757927368374,0.08179757927368374,0.08179757927368374,0.020449394818420934,0.08179757927368374,0.020449394818420934,0.020449394818420934,0.1226963689105256,0.04089878963684187,0.1226963689105256,0.020449394818420934,0.010224697409210467,0.08179757927368374,0.08179757927368374,0.04089878963684187,0.020449394818420934,0.020449394818420934,0.020449394818420934,0.020449394818420934
89,0.04031094707289024,0.07258152501129402,0.08064613890143779,0.06720511575119816,0.010080767362679724,0.026882046300479263,0.013441023150239631,0.010080767362679724,0.040323069450718896,0.053764092600958525,0.040323069450718896,0.040323069450718896,0.020161534725359448,0.16129227780287558,0.040323069450718896,0.040323069450718896,0.040323069450718896,0.08064613890143779,0.040323069450718896,0.040323069450718896,0.040323069450718896
90,0.04495672301831053,0.01498107101147748,0.06741481955164867,0.044943213034432446,0.02996214202295496,0.044943213034432446,0.044943213034432446,0.033707409775824336,0.044943213034432446,0.044943213034432446,0.044943213034432446,0.06741481955164867,0.08988642606886489,0.044943213034432446,0.044943213034432446,0.044943213034432446,0.044943213034432446,0.044943213034432446,0.022471606517216223,0.08988642606886489,0.044943213034432446
91,0.04781332543602179,0.05976066995171411,0.07968089326895214,0.03187235730758086,0.01593617865379043,0.04780853596137129,0.023904267980685644,0.07171280394205694,0.04780853596137129,0.023904267980685644,0.023904267980685644,0.09561707192274257,0.04780853596137129,0.07171280394205694,0.04780853596137129,0.04780853596137129,0.023904267980685644,0.04780853596137129,0.04780853596137129,0.04780853596137129,0.04780853596137129
92,0.04544620719446597,0.03406417182890486,0.06812834365780972,0.02725133746312389,0.02270944788593657,0.04541889577187314,0.02270944788593657,0.09083779154374629,0.04541889577187314,0.04541889577187314,0.04541889577187314,0.02270944788593657,0.04541889577187314,0.09083779154374629,0.03027926384791543,0.04541889577187314,0.09083779154374629,0.02270944788593657,0.04541889577187314,0.09083779154374629,0.02270944788593657
