,0,1,2,3,4,5,6,7,8,9,10,11,12,13,14,15,16,17,18,19,20
0,0.020018011499091874,0.11674426579153481,0.04420971376695826,0.07176901585545173,0.020095324439526482,0.06698441479842161,0.015071493329644862,0.030142986659289724,0.020095324439526482,0.04822877865486356,0.050238311098816206,0.005741521268436139,0.07368285627826376,0.005023831109881621,0.006698441479842162,0.053587531838737296,0.030142986659289724,0.050238311098816206,0.1909055821755016,0.040190648879052965,0.040190648879052965
1,0.02004928632732362,0.15274466171853068,0.06587719025492654,0.03522599756687044,0.03354856911130519,0.15432341791200382,0.0075484280500436665,0.0178925701926961,0.012077484880069865,0.045290568300262,0.10064570733391555,0.013419427644522076,0.07045199513374088,0.006709713822261038,0.015096856100087333,0.06038742440034933,0.02683885528904415,0.012580713416739444,0.1073554211561766,0.03522599756687044,0.006709713822261038
2,0.024335226655080516,0.2049174223173835,0.043969036311809435,0.07599586523028791,0.024427242395449685,0.03969426889260574,0.016284828263633127,0.024427242395449685,0.006106810598862421,0.024427242395449685,0.15877707557042295,0.024427242395449685,0.07328172718634907,0.006106810598862421,0.014656345437269812,0.04071207065908281,0.03664086359317453,0.04071207065908281,0.07938853778521147,0.016284828263633127,0.024427242395449685
3,0.017912738711517776,0.17702780461224693,0.04576571085146156,0.05169073591705256,0.013983967204613255,0.028253321495034945,0.00599312880197711,0.053938159217793984,0.015410902633655426,0.06292785242075964,0.053938159217793984,0.01797938640593133,0.013484539804448496,0.01198625760395422,0.007191754562372532,0.06292785242075964,0.03595877281186266,0.01797938640593133,0.25171140968303857,0.03595877281186266,0.01797938640593133
4,0.031851504035690266,0.1978106980377508,0.059114966298204764,0.08521076223164652,0.02130269055791163,0.0745594169526907,0.027959781357259007,0.043573685232091965,0.05591956271451801,0.03195403583686744,0.041083760361686705,0.010651345278955815,0.0745594169526907,0.005325672639477907,0.01597701791843372,0.06390807167373488,0.023965526877650578,0.03195403583686744,0.0745594169526907,0.012781614334746977,0.01597701791843372
5,0.0212374626141356,0.11081009428959612,0.07458371731030508,0.02435386687683432,0.030442333596042894,0.04617087262066505,0.003874478821314551,0.015497915285258203,0.03551605586205005,0.02557156022067603,0.11720298434476512,0.04261926703446005,0.03835734033101404,0.01598222513792252,0.04261926703446005,0.09589335082753511,0.03551605586205005,0.03551605586205005,0.0923417452413301,0.0852385340689201,0.010654816758615012
6,0.020893525761806024,0.14299175937001096,0.04976976107382925,0.01128383247017991,0.0059873396780546475,0.0398158088590634,0.020955688873191262,0.06985229624397088,0.013970459248794177,0.08906167771106285,0.029337964422467767,0.026194611091489076,0.010477844436595631,0.008382275549276506,0.013970459248794177,0.020955688873191262,0.04889660737077962,0.03143353330978689,0.29337964422467766,0.03143353330978689,0.020955688873191262
7,0.018040804437508516,0.2354218498187057,0.03169140286021038,0.0698504389571984,0.012072915375318242,0.25353122288168306,0.007243749225190945,0.013582029797233022,0.01810937306297736,0.04225520381361385,0.04980077592318774,0.022636716328721704,0.01810937306297736,0.007243749225190945,0.007243749225190945,0.030182288438295603,0.01810937306297736,0.027164059594466043,0.054328119188932086,0.054328119188932086,0.00905468653148868
8,0.026565160819385834,0.17382532604781964,0.05138631901413647,0.036892741856303105,0.015225576004188585,0.05328951601466004,0.019031970005235727,0.029605286674811132,0.02664475800733002,0.039967137010995024,0.02997535275824627,0.01665297375458126,0.019983568505497512,0.015986854804398012,0.005328951601466004,0.05328951601466004,0.05328951601466004,0.039967137010995024,0.12434220403420676,0.1598685480439801,0.008881586002443341
9,0.02002399373718434,0.13861286350352411,0.03784311675354408,0.06318448957957805,0.02010415577532029,0.060312467325960864,0.024124986930384344,0.022617175247235322,0.02010415577532029,0.04020831155064058,0.08711800835972124,0.010052077887660145,0.026805541033760386,0.026805541033760386,0.006701385258440096,0.060312467325960864,0.05026038943830072,0.04020831155064058,0.17088532409022242,0.05361108206752077,0.02010415577532029
10,0.019662873397781805,0.1136761957779024,0.050219085738096636,0.024661158174958172,0.013152617693311027,0.08220386058319391,0.012330579087479086,0.025109542869048318,0.007398347452487452,0.04340363838792637,0.07891570615986615,0.013152617693311027,0.044390084714924706,0.006576308846655513,0.00151760973384358,0.029593389809949806,0.07891570615986615,0.026305235386622054,0.12494986808645472,0.19728926539966538,0.006576308846655513
11,0.01931141312561013,0.12917252667244036,0.0624333878916795,0.0368141701016455,0.009687939500433026,0.022605192167677063,0.012109924375541283,0.012917252667244037,0.022605192167677063,0.1453190925064954,0.04262693380190531,0.009687939500433026,0.05812763700259816,0.003875175800173211,0.004843969750216513,0.11625527400519632,0.015500703200692844,0.03390778825151559,0.1743829110077945,0.04843969750216513,0.019375879000866052
12,0.024469272881747977,0.17871931848951877,0.04385152307539992,0.06753134553611585,0.01964548233777916,0.05963807138254388,0.00982274116888958,0.0491137058444479,0.02455685292222395,0.045020897024077244,0.06875918818222707,0.032742470562965274,0.036835279383335924,0.00982274116888958,0.036835279383335924,0.0491137058444479,0.0491137058444479,0.018417639691667962,0.13915549989260237,0.02455685292222395,0.012278426461111975
13,0.025044029197727094,0.12811998094837232,0.05383192476822366,0.06280391222959426,0.012560782445918853,0.06818710470641663,0.012560782445918853,0.037682347337756564,0.020097251913470168,0.05742071975277191,0.10048625956735083,0.03014587787020525,0.04186927481972952,0.016747709927891808,0.025121564891837707,0.02093463740986476,0.04186927481972952,0.07536469467551313,0.13398167942313446,0.010048625956735084,0.025121564891837707
14,0.021774982814590116,0.12749593988265975,0.06954323993599625,0.061926599371577594,0.013660279273142117,0.038248781964797925,0.006556934051108216,0.03059902557183834,0.021856446837027386,0.050998375953063904,0.05464111709256847,0.04371289367405477,0.05464111709256847,0.010928223418513693,0.013113868102216432,0.017485157469621912,0.013113868102216432,0.07649756392959585,0.1639233512777054,0.08742578734810955,0.021856446837027386
15,0.018720014849206282,0.13673606469842506,0.03613107992618395,0.03569750696706974,0.011272896936969392,0.018788161561615654,0.008350294027384735,0.03444496286296203,0.03444496286296203,0.06575856546565478,0.13151713093130957,0.04383904364376986,0.07515264624646262,0.004697040390403914,0.006262720520538552,0.023485201952019565,0.023485201952019565,0.04697040390403913,0.18788161561615652,0.03757632312323131,0.018788161561615654
16,0.022531725167227155,0.13323242207785774,0.051231038489461964,0.09605819716774117,0.015067952496900579,0.06328540048698242,0.011300964372675434,0.015067952496900579,0.022601928745350868,0.030135904993801158,0.03766988124225144,0.030135904993801158,0.07533976248450289,0.006457693927243106,0.01695144655901315,0.022601928745350868,0.045203857490701736,0.0678057862360526,0.19211639433548233,0.0339028931180263,0.011300964372675434
17,0.01735404408234233,0.11934870354301216,0.05973657737293623,0.034846336800879466,0.005807722800146578,0.04978048114411352,0.008711584200219866,0.0522695052013192,0.015245272350384764,0.048784871521231246,0.027379264629262434,0.0392021289009894,0.02787706944070357,0.011615445600293156,0.011615445600293156,0.04355792100109933,0.06969267360175893,0.1568085156039576,0.13938534720351786,0.0522695052013192,0.008711584200219866
18,0.01864523649834581,0.1403512788035838,0.06175456267357687,0.03454800709011294,0.007797293266865767,0.0397661956610154,0.013366788457484171,0.016634225635980302,0.03742700768095568,0.02807025576071676,0.048655109985242376,0.006237834613492614,0.01871350384047784,0.02807025576071676,0.006237834613492614,0.03274863172083622,0.00935675192023892,0.03368430691286011,0.3742700768095568,0.024951338453970455,0.01871350384047784
19,0.02146258394101324,0.1831772580969264,0.054509495489050784,0.029838829373254983,0.017632035538741583,0.04310053131692387,0.03771296490230838,0.035917109430769895,0.08620106263384773,0.05746737508923183,0.05746737508923183,0.021550265658461933,0.05028395320307785,0.021550265658461933,0.004310053131692387,0.024244048865769675,0.028733687544615916,0.01293015939507716,0.14007672678000255,0.0646507969753858,0.007183421886153979
20,0.0274531567074084,0.17841427233439847,0.07989286165562401,0.05259404685793431,0.024488233457662538,0.03602595883675354,0.027549262639870353,0.03214080641318208,0.011806826845658723,0.08723933169292278,0.027549262639870353,0.01721828914991897,0.04132389395980553,0.006887315659967588,0.013774631319935176,0.04958867275176663,0.022039410111896283,0.04591543773311726,0.13085899753938418,0.06887315659967588,0.018366175093246905
21,0.022622598160484012,0.09469242185683693,0.0705809255506979,0.03202831915745956,0.018149380855893748,0.029667257168287855,0.029168647804114947,0.029168647804114947,0.01260373670548177,0.07713486863754841,0.09074690427946873,0.01701504455240039,0.05671681517466796,0.015124484046578124,0.011343363034933591,0.11343363034933591,0.03403008910480078,0.015124484046578124,0.19283717159387104,0.022686726069867182,0.015124484046578124
22,0.019162171744430363,0.11280754841472627,0.07503013685258536,0.06541088853815134,0.02164330870747655,0.034201771784654306,0.009619248314434023,0.02351371810194983,0.014963275155786257,0.12184381198283094,0.0865732348299062,0.019238496628868045,0.019238496628868045,0.019238496628868045,0.012825664419245365,0.019238496628868045,0.014428872471651033,0.03206416104811341,0.15390797303094436,0.0865732348299062,0.03847699325773609
23,0.02181290206544714,0.12206244431034725,0.07110713147324474,0.051051273878227,0.010939558688191499,0.024067029114021296,0.01914422770433512,0.031255881966261424,0.014586078250922,0.025004705573009142,0.0328186760645745,0.0328186760645745,0.0255256369391135,0.043758234752765995,0.007293039125461,0.014586078250922,0.021879117376382998,0.043758234752765995,0.262549408516596,0.08022343038007099,0.043758234752765995
24,0.021198038399538162,0.1121040080309432,0.035018290541105994,0.03401776795421725,0.011596966348028608,0.035435174952309634,0.0077313108986857395,0.07795738489508118,0.02126110497138578,0.06378331491415734,0.08504441988554312,0.008504441988554313,0.028348139961847707,0.014174069980923854,0.005315276242846445,0.013288190607116111,0.04252220994277156,0.095674972371236,0.095674972371236,0.17008883977108624,0.02126110497138578
25,0.020600042727681102,0.20973778367137363,0.05583160720266143,0.04394154270579834,0.01127911256619423,0.03007763350985128,0.009190388016899,0.033085396860836405,0.01292398314876422,0.03618715281653981,0.062035119114068255,0.0413567460760455,0.02363242632916886,0.02067837303802275,0.013785582025348502,0.024124768544359878,0.02067837303802275,0.031017559557034127,0.20678373038022752,0.082713492152091,0.010339186519011376
26,0.02516416912660488,0.1367884731534555,0.048822962725541035,0.03246847274851251,0.0126266282910882,0.10606367764514088,0.0252532565821764,0.042088760970294,0.015151953949305838,0.0589242653584116,0.0505065131643528,0.04040521053148224,0.04040521053148224,0.0126266282910882,0.0252532565821764,0.0589242653584116,0.045455861847917514,0.042088760970294,0.1178485307168232,0.0505065131643528,0.0126266282910882
27,0.03286489365125889,0.22246670848423336,0.10546569883696989,0.030211528312673666,0.007324006863678465,0.051268048045749255,0.041197538608191364,0.03625383397520839,0.021972020591035396,0.0576765540514679,0.04614124324117432,0.016479015443276544,0.039549637063863705,0.021972020591035396,0.010986010295517698,0.03295803088655309,0.03295803088655309,0.03295803088655309,0.1153531081029358,0.03295803088655309,0.010986010295517698
28,0.01992334594320383,0.10917046344253059,0.06727506699303759,0.025715180047531736,0.01600055647401975,0.035556792164488336,0.03333449265420781,0.045001565083180546,0.02333414485794547,0.10000347796262343,0.040001391185049376,0.050001738981311716,0.008000278237009875,0.020000695592524688,0.0033334492654207813,0.08000278237009875,0.04666828971589094,0.050001738981311716,0.15333866620935593,0.0533351882467325,0.020000695592524688
29,0.019553671070260698,0.1663509849863216,0.13419749599012284,0.030549023477426343,0.012274161218608798,0.046418646063102365,0.02356638953972889,0.02244418051402752,0.045823535216139515,0.03927731589954815,0.04320504748950296,0.019638657949774076,0.05236975453273088,0.01309243863318272,0.003927731589954815,0.01309243863318272,0.08837396077398335,0.019638657949774076,0.16692859257307963,0.019638657949774076,0.019638657949774076
30,0.016308650574724925,0.11242767636576734,0.0600607012814916,0.03685543033182439,0.024570286887882924,0.030940361266222943,0.006142571721970731,0.02620830601374179,0.02620830601374179,0.032760382517177236,0.03685543033182439,0.038220446270040107,0.038220446270040107,0.005460063752862873,0.002340027322655517,0.0982811475515317,0.06552076503435447,0.02047523907323577,0.2620830601374179,0.043680510022902984,0.016380191258588618
31,0.017655914188651353,0.16069575420062765,0.03819188216545421,0.09309271277829463,0.011821296860735828,0.02659791793665561,0.01773194529110374,0.03546389058220748,0.003546389058220748,0.05674222493153197,0.07979375380996682,0.023642593721471657,0.020687269506287697,0.01773194529110374,0.014185556232882993,0.022164931613879675,0.024824723407545234,0.03989687690498341,0.15367685918956572,0.10639167174662244,0.03546389058220748
32,0.02132260721812239,0.0759619295713618,0.04888534718600815,0.03136809777768856,0.025664807272654275,0.04515104983152141,0.010693669696939282,0.0308928235689357,0.021387339393878563,0.09980758383809997,0.0641620181816357,0.035645565656464276,0.03849721090898141,0.04277467878775713,0.005346834848469641,0.016040504545408923,0.025664807272654275,0.05703290505034284,0.23526073333266415,0.04705214666653283,0.021387339393878563
33,0.02119993668070656,0.14731036258827013,0.05138144949384679,0.02616774085628272,0.013288305903581068,0.08504515778291884,0.02126128944572971,0.026576611807162136,0.010630644722864855,0.03720725653002698,0.02733594357308105,0.026576611807162136,0.0510270946697513,0.02126128944572971,0.012756773667437825,0.04252257889145942,0.017009031556583766,0.03543548240954952,0.09921935074673864,0.21261289445729709,0.014174192963819807
34,0.02144683821610026,0.12036557344403673,0.06279233844980234,0.05980222709504986,0.0188377015349407,0.09149740745542626,0.02152880175421795,0.0387518431575923,0.02152880175421795,0.046133146616181314,0.0861152070168718,0.007176267251405983,0.06458640526265384,0.02152880175421795,0.010764400877108974,0.0430576035084359,0.03588133625702991,0.01722304140337436,0.06028064491181025,0.12917281052530769,0.02152880175421795
35,0.01804415402975837,0.1772925179864083,0.024705659440707198,0.030195805983086573,0.018117483589851942,0.042274128376321204,0.020382169038583437,0.04710545733361504,0.015852798141120446,0.04529370897462986,0.06643077316279046,0.03985846389767427,0.10870490153911165,0.0045293708974629854,0.006039161196617315,0.09058741794925972,0.01207832239323463,0.08152867615433375,0.09058741794925972,0.054352450769555825,0.006039161196617315
36,0.027064354653715542,0.1667704992798193,0.10859474371709164,0.05429737185854582,0.02413216527046481,0.040723028893909365,0.006033041317616203,0.06787171482318229,0.02327030222509107,0.06787171482318229,0.03393585741159114,0.03393585741159114,0.040723028893909365,0.01809912395284861,0.0038783837041818452,0.04524780988212152,0.02714868592927291,0.02714868592927291,0.10180757223477342,0.02714868592927291,0.05429737185854582
37,0.01979157433519043,0.09682927947854271,0.04965604075822703,0.05674976086654518,0.012223025417409732,0.09136711499513774,0.02553739238994533,0.03972483260658163,0.01655201358607568,0.06620805434430271,0.03972483260658163,0.03972483260658163,0.027807382824607135,0.004965604075822703,0.009931208151645407,0.02979362445493622,0.02979362445493622,0.13903691412303568,0.1489681222746811,0.03575234934592346,0.019862416303290813
38,0.02206278971697018,0.19660717972025676,0.0276911520732756,0.079117577352216,0.0123071786992336,0.056613022016474564,0.01723005017892704,0.031014090322068668,0.029537228878160644,0.07531993363930962,0.09599599385402208,0.036921536097700804,0.03987525898551686,0.02215292165862048,0.02215292165862048,0.051690150536781124,0.01661469124396536,0.025317624752709125,0.05316701198068915,0.04430584331724096,0.04430584331724096
39,0.02152911065634373,0.12009471238778165,0.06004735619389084,0.04126891025689224,0.025219889601434148,0.0576454619461352,0.0072056827432669,0.03963125508796794,0.012352598988457543,0.072056827432669,0.0432340964596014,0.06485114468940209,0.0864681929192028,0.016212786172350523,0.00864681929192028,0.050439779202868296,0.01729363858384056,0.06485114468940209,0.1152909238922704,0.054042620574501744,0.0216170482298007
40,0.019263658989401435,0.13897814981594525,0.06152392402919317,0.06123095296238748,0.0077344361636699985,0.04592321472179061,0.024860687668939275,0.10634849725046246,0.012890726939449997,0.016573791779292853,0.038672180818349985,0.030937744654679994,0.08701240684128747,0.06767631643211247,0.009668045204587496,0.06767631643211247,0.048340226022937485,0.038672180818349985,0.07734436163669997,0.019336090409174993,0.019336090409174993
41,0.01875961561343507,0.11640482934516222,0.042795893141603765,0.029590303257908884,0.013036287449288529,0.02353774122788207,0.009415096491152826,0.037660385964611305,0.026362270175227912,0.030599063596246683,0.0878742339174264,0.02353774122788207,0.0878742339174264,0.037660385964611305,0.003766038596461131,0.07532077192922261,0.04707548245576414,0.07532077192922261,0.15064154385844522,0.0439371169587132,0.018830192982305653
42,0.018883090432634732,0.16839109096816465,0.03791587478753376,0.034124287308780386,0.011848710871104302,0.022749524872520258,0.031596562322944804,0.016851499905570562,0.014218453045325161,0.0710922652266258,0.042655359135975485,0.056873812181300644,0.18957937393766883,0.005170346561936423,0.00947896869688344,0.025277249858355846,0.04739484348441721,0.01895793739376688,0.12638624929177922,0.031596562322944804,0.01895793739376688
43,0.017879326268757482,0.13404457225923538,0.05382892271827563,0.025632820342036015,0.02093346994599608,0.04485743559856302,0.026914461359137814,0.01594931043504463,0.012816410171018007,0.03588594847885042,0.07177189695770084,0.005980991413141737,0.014952478532854342,0.008971487119712605,0.0035885948478850418,0.026914461359137814,0.14354379391540167,0.02153156908731025,0.11662933255626384,0.17942974239425208,0.01794297423942521
44,0.020394617946539205,0.1121112262174644,0.06139424292861145,0.11767229894650527,0.0025580934553588106,0.04970010141839975,0.025580934553588106,0.028139028008946913,0.01227884858572229,0.06139424292861145,0.054572660380987965,0.013643165095246991,0.01591702594445482,0.006821582547623496,0.010232373821435242,0.054572660380987965,0.006821582547623496,0.1432532335000934,0.11596690330959941,0.025580934553588106,0.06139424292861145
45,0.020285394114231126,0.126426308387337,0.06870412733337276,0.03780544572841675,0.023264889679025697,0.04325815424693839,0.013571185646098324,0.07633791925930307,0.01454055604939106,0.03780544572841675,0.10856948516878659,0.008724333629634637,0.06107033540744245,0.010178389234573742,0.005089194617286871,0.03392796411524581,0.030535167703721226,0.04749914976134413,0.1933893954569011,0.025445973086434353,0.013571185646098324
46,0.020569535492415927,0.13761285650605506,0.05779739973254312,0.03921966410422569,0.017201607063256883,0.0722467496656789,0.018061687416419725,0.020641928475908258,0.005897693850259503,0.030024623237684744,0.20641928475908258,0.027522571301211014,0.05504514260242203,0.061925785427724776,0.010320964237954129,0.020641928475908258,0.020641928475908258,0.027522571301211014,0.05779739973254312,0.08256771390363303,0.010320964237954129
47,0.01846296881475009,0.14703568786184595,0.03353755185324218,0.05328499192472358,0.013479207443408341,0.07042885889180857,0.006177970078228822,0.023829313158882596,0.005295402924196134,0.016849009304260424,0.06486868582140262,0.03088985039114411,0.043245790547601755,0.03706782046937293,0.027800865352029698,0.07413564093874586,0.03706782046937293,0.07413564093874586,0.11738143148634761,0.04942376062583058,0.055601730704059396
48,0.019077229983295606,0.1567320582849881,0.030081616421110034,0.025979577818231396,0.007178567555037622,0.02552379575124488,0.05104759150248976,0.0701904383159234,0.007178567555037622,0.07178567555037622,0.0319047446890561,0.1339999276940356,0.021877539215352754,0.004785711703358415,0.00319047446890561,0.026799985538807122,0.01914284681343366,0.03828569362686732,0.1914284681343366,0.05104759150248976,0.01276189787562244
49,0.017709414514353157,0.11842359384767251,0.04085613987744701,0.021862817325724156,0.012918937510655185,0.02583787502131037,0.005921179692383626,0.015030686911435356,0.004844601566495694,0.04440884769287719,0.03552707815430175,0.017763539077150874,0.024868954708011225,0.017763539077150874,0.00710541563086035,0.0710541563086035,0.029605898461918127,0.07993592584717894,0.31974370338871577,0.053290617231452626,0.03552707815430175
50,0.019703381973004676,0.14081543883095085,0.04376219151638573,0.08893606663007422,0.02305749875594517,0.03293928393706453,0.014822677771679038,0.009881785181119358,0.008470101583816593,0.026351427149651625,0.029645355543358076,0.03293928393706453,0.03458624813391775,0.009881785181119358,0.009881785181119358,0.009881785181119358,0.04940892590559679,0.05929071108671615,0.276689985071342,0.05929071108671615,0.019763570362238716
51,0.016241598573293912,0.09785742876409889,0.03533740483148015,0.026503053623610114,0.01630957146068315,0.05125865316214704,0.01304765716854652,0.048928714382049446,0.020386964325853935,0.03805566674159402,0.048928714382049446,0.04077392865170787,0.048928714382049446,0.0040773928651707874,0.01630957146068315,0.028541750056195508,0.048928714382049446,0.0326191429213663,0.27726271483161347,0.04077392865170787,0.048928714382049446
52,0.018424656652128737,0.1584308931445202,0.06055487355756048,0.034949880726122866,0.006167626010492271,0.050882914586561225,0.024670504041969084,0.016820798210433467,0.011101726818886087,0.03700575606295362,0.06784388611541498,0.030838130052461353,0.051808058488135064,0.0074011512125907244,0.012335252020984542,0.046257195078692026,0.09251439015738405,0.11101726818886086,0.12026870720459926,0.022203453637772173,0.01850287803147681
53,0.018077633136075244,0.09396851038279319,0.03768710549039345,0.09072821692131755,0.0068046162690988165,0.0998010386134493,0.016496039440239557,0.03266215809167432,0.01555340861508301,0.04990051930672465,0.018145643384263513,0.012097095589509008,0.024194191179018016,0.013609232538197633,0.003024273897377252,0.022682054230329388,0.036291286768527026,0.027218465076395266,0.3447672243010067,0.018145643384263513,0.018145643384263513
54,0.02064666046346714,0.1736045918576171,0.05527708397456465,0.04560359427901583,0.007537784178349725,0.04836744847774407,0.017767634134681493,0.03316625038473879,0.020728906490461742,0.025911133113077175,0.05182226622615435,0.016583125192369395,0.037312031682831134,0.015546679867846306,0.025911133113077175,0.05527708397456465,0.05182226622615435,0.0345481774841029,0.2072890649046174,0.0345481774841029,0.020728906490461742
55,0.026643505822755136,0.14653641418066146,0.038189992112720644,0.05049565623793063,0.01701190557748465,0.10158537901983691,0.008019898343671335,0.06237698711744372,0.008910998159634819,0.049010489877991496,0.060149237577535014,0.022277495399087046,0.030074618788767507,0.026732994478904454,0.026732994478904454,0.03742619227046623,0.01603979668734267,0.05346598895780891,0.12475397423488745,0.08019898343671336,0.013366497239452227
56,0.020624309150332865,0.1685519757802869,0.03794883665228681,0.06801220075344909,0.012419619268021138,0.056183991926762294,0.008279746178680759,0.08279746178680758,0.015524524085026423,0.0325275742733887,0.1345458754035623,0.04139873089340379,0.024839238536042276,0.04139873089340379,0.010349682723350948,0.027599153928935867,0.020699365446701895,0.015524524085026423,0.09107720796548834,0.06209809634010569,0.027599153928935867
57,0.014304514985862868,0.14585941116275977,0.04189774752465637,0.019153256011271488,0.012312807435817384,0.03899055688008838,0.016417076581089846,0.028729884016907226,0.01077370650634021,0.03950359052324743,0.019153256011271488,0.011970785007044678,0.019153256011271488,0.028729884016907226,0.007182471004226807,0.1149195360676289,0.10055459405917529,0.04309482602536084,0.2154741301268042,0.04309482602536084,0.028729884016907226
58,0.015797148241308272,0.12407914841946814,0.03537942172978473,0.039649351938551854,0.027754546356986293,0.03625083605810455,0.013216450646183951,0.02854753339575733,0.03700606180931506,0.11101818542794517,0.08722857426481406,0.01585974077542074,0.03171948155084148,0.0026432901292367905,0.003964935193855185,0.05815238284320938,0.013216450646183951,0.021146321033894324,0.2696155931821525,0.02378961116313111,0.003964935193855185
59,0.01752167223613815,0.0938286699719058,0.09676081590852784,0.026389313429598507,0.013194656714799254,0.026389313429598507,0.026389313429598507,0.020106143565408387,0.017592875619732336,0.04398218904933084,0.06450721060568523,0.052778626859197014,0.10555725371839403,0.017592875619732336,0.03518575123946467,0.02261941151108443,0.023457167492976452,0.04105004311270879,0.10555725371839403,0.1407430049578587,0.008796437809866168
60,0.022788365306902144,0.11804457592969045,0.04575371160065521,0.04575371160065521,0.012478284981996877,0.060051746475859966,0.029413100314706918,0.026689665100382207,0.027452226960393126,0.06481775810092821,0.07434978135106471,0.040034497650573306,0.08388180460120122,0.022876855800327604,0.007625618600109203,0.04575371160065521,0.03431528370049141,0.022876855800327604,0.10065816552144145,0.09150742320131042,0.022876855800327604
61,0.017421722376961657,0.16276591023378625,0.029145410923405255,0.025558283425139994,0.03788903420042682,0.034974493108086306,0.011658164369362102,0.026230869831064728,0.005246173966212945,0.05683355130064023,0.07577806840085365,0.06994898621617261,0.09617985604723732,0.004996356158298044,0.011658164369362102,0.03060268146957551,0.026230869831064728,0.029145410923405255,0.1836160888174531,0.052461739662129456,0.011658164369362102
62,0.021933828974996166,0.16835344897878615,0.0684925142853865,0.040028092764186916,0.015725322157359146,0.044030902040605606,0.003669241836717134,0.022015451020302803,0.011007725510151401,0.03669241836717134,0.06164326285684785,0.058707869387474146,0.044030902040605606,0.006290128862943659,0.011007725510151401,0.038527039285529904,0.017612360816242244,0.15410815714211962,0.08806180408121121,0.044030902040605606,0.044030902040605606
63,0.014537761180770483,0.09449901017662332,0.05676769807358131,0.04135932288218066,0.01946321076808502,0.03081675038280128,0.004170688021732504,0.021896112114095645,0.025545464133111585,0.09488315249441445,0.021896112114095645,0.07298704038031882,0.021896112114095645,0.021896112114095645,0.007298704038031882,0.04865802692021255,0.1897663049888289,0.014597408076063764,0.1605714888367014,0.029194816152127528,0.007298704038031882
64,0.018054854935961206,0.09722157942417871,0.05273034816226643,0.05664392868993463,0.014098044473939288,0.04078362865675294,0.0217512686169349,0.031073240881335572,0.02039181432837647,0.06042019060259694,0.04712774867002561,0.0022657571475973855,0.025376480053090716,0.0030210095301298474,0.004531514295194771,0.1087563430846745,0.04531514295194771,0.16313451462701176,0.15105047650649236,0.02416807624103878,0.01208403812051939
65,0.01949746147335128,0.10076754251502258,0.10113001568953706,0.028607498234757386,0.010676482594789838,0.05312821100740657,0.014680163567836024,0.04404049070350807,0.003914710284756273,0.05033198937543779,0.06524517141260455,0.005592443263937534,0.032622585706302276,0.019573551423781366,0.02936032713567205,0.02936032713567205,0.048933878559453414,0.048933878559453414,0.1174413085426882,0.1174413085426882,0.0587206542713441
66,0.023558633988639496,0.13708784321385936,0.10636125766592538,0.11480262732195119,0.005908958759218077,0.06145317109586799,0.007878611678957436,0.047271670073744616,0.01350619144964132,0.07090750511061693,0.027575140876351028,0.014181501022123384,0.04136271131452653,0.018908668029497845,0.023635835036872308,0.035453752555308464,0.07090750511061693,0.04136271131452653,0.07878611678957435,0.035453752555308464,0.023635835036872308
67,0.022133291925577725,0.09887959722953557,0.0583067190185033,0.03634704562192414,0.022212083435620304,0.04125101209472342,0.025385238212137496,0.055530208589050764,0.01727606489437135,0.048866583558364665,0.07218927116576598,0.011106041717810152,0.04442416687124061,0.007404027811873436,0.014808055623746872,0.03887114601233553,0.022212083435620304,0.08884833374248122,0.11846444498997498,0.13327250061372184,0.022212083435620304
68,0.02412208709187759,0.20741749930521924,0.03909022102290671,0.048397416504551156,0.027655666574029236,0.05444709356762005,0.03456958321753654,0.03932290090994781,0.010754981445455813,0.05444709356762005,0.060496770630688944,0.012099354126137789,0.03629806237841337,0.024198708252275578,0.009679483300910232,0.01613247216818372,0.014519224951365347,0.03226494433636744,0.15729160363979125,0.08469547888296451,0.012099354126137789
69,0.016741153874177267,0.11176988491196446,0.04538025402440663,0.04832156678524779,0.005602500496840325,0.20169001788625168,0.008403750745260487,0.028812859698035955,0.0024010716415029964,0.040338003577250335,0.021609644773526962,0.016807501490520974,0.1344600119241678,0.004201875372630243,0.00672300059620839,0.03361500298104195,0.03361500298104195,0.03781687835367219,0.11765251043364681,0.0672300059620839,0.016807501490520974
70,0.020642380077589756,0.11301149947140608,0.052593813215538986,0.029351597779379075,0.015068199929520814,0.07942197046184926,0.10359387451545557,0.028488315491750276,0.029006284864327558,0.032558074847714606,0.04143754980618223,0.03107816235463667,0.04143754980618223,0.0059196499723117475,0.020718774903091115,0.03107816235463667,0.04143754980618223,0.051796937257727785,0.13812516602060743,0.08287509961236446,0.010359387451545557
71,0.020311116648741006,0.10545351508983367,0.05503078392503084,0.04529282627574555,0.013587847882723665,0.11719518798849159,0.0074115533905765455,0.056049872516235104,0.010190885912042749,0.04367522533732606,0.03396961970680916,0.05435139153089466,0.014558408445775354,0.0067939239413618326,0.005095442956021374,0.020381771824085498,0.040763543648170995,0.10190885912042748,0.11209974503247021,0.12229063094451298,0.013587847882723665
72,0.019632035183727855,0.14029329408438082,0.07884251237799914,0.025775436738961256,0.009855314047249892,0.03449359916537462,0.04730550742679948,0.05913188428349935,0.01095034894138877,0.0366054521754996,0.09198293110766566,0.03942125618899957,0.05913188428349935,0.004927657023624946,0.006570209364833262,0.0525616749186661,0.04599146555383283,0.07227230301316587,0.09855314047249891,0.04599146555383283,0.019710628094499784
73,0.018993827719000225,0.14894742522862173,0.053729398482470096,0.041943594944379874,0.01213244481862228,0.2001853395072676,0.012710180286175723,0.010894440245293477,0.02383158803657948,0.038130540858527164,0.021788880490586953,0.019065270429263582,0.016341660367940214,0.012710180286175723,0.009532635214631791,0.03177545071543931,0.019065270429263582,0.10485898736094969,0.1334568930048451,0.050840721144702894,0.019065270429263582
74,0.01979436631270236,0.1182856995445121,0.04877672119399154,0.07097141972670726,0.017033140734409744,0.07451999071304262,0.023183997110724372,0.07286399091941945,0.01987199752347803,0.029807996285217048,0.03576959554226045,0.05299199339594142,0.03690513825788777,0.009935998761739015,0.004967999380869508,0.11923198514086819,0.013247998348985355,0.0695519913321731,0.12585598431536085,0.029807996285217048,0.0066239991744926775
75,0.02208069482575797,0.10547612737899881,0.07090832092705801,0.0531812406952935,0.014772566859803753,0.06647655086911688,0.03877798800698484,0.01582775020693259,0.012310472383169794,0.06647655086911688,0.0531812406952935,0.06647655086911688,0.031022390405587876,0.014772566859803753,0.006331100082773038,0.11079425144852814,0.029545133719607507,0.03323827543455844,0.13295310173823377,0.04431770057941126,0.011079425144852814
76,0.021661038760202266,0.14977569197434554,0.07609571447083685,0.030438285788334747,0.015529737647109562,0.05280110800017251,0.028988843607937853,0.021741632705953386,0.007247210901984463,0.0815311226473252,0.09783734717679024,0.014494421803968927,0.04891867358839512,0.021741632705953386,0.008696653082381356,0.04348326541190677,0.010870816352976693,0.06522489811786017,0.11595537443175141,0.06522489811786017,0.021741632705953386
77,0.020470256672737913,0.1716093205363393,0.08804904776009359,0.04793781489160652,0.013073949515892686,0.025680972263360632,0.013696518540459005,0.03766542598626226,0.009131012360306003,0.04451368525649176,0.051361944526721263,0.012840486131680316,0.024653733372826205,0.016435822248550804,0.013696518540459005,0.061634333432065515,0.013696518540459005,0.025680972263360632,0.24653733372826206,0.051361944526721263,0.010272388905344253
78,0.021045788724714062,0.11866868903265256,0.07039667993462441,0.052797509950968304,0.011519456716574904,0.03379040636861971,0.016425891984745693,0.01583925298529049,0.06335701194116196,0.051289009666654915,0.0739165139313556,0.035198339967312205,0.03379040636861971,0.007039667993462441,0.004223800796077464,0.035198339967312205,0.035198339967312205,0.049277675954237085,0.11263468789539906,0.1478330278627112,0.01055950199019366
79,0.01872196702136918,0.10646880891616127,0.05636584001443831,0.08266989868784286,0.009394306669073052,0.03245305940225236,0.03006178134103377,0.04133494934392143,0.006262871112715369,0.028182920007219156,0.015030890670516885,0.015030890670516885,0.03757722667629221,0.011273168002887662,0.0031314355563576844,0.011273168002887662,0.11273168002887662,0.028182920007219156,0.1377831644797381,0.20667474671960712,0.009394306669073052
80,0.016733675575184185,0.1306719370150416,0.028001129360366053,0.04293506501922795,0.0240009680231709,0.0480019360463418,0.007466967829430947,0.13440542092975705,0.011200451744146422,0.04032162627892711,0.0240009680231709,0.014000564680183026,0.03024121970919533,0.025201016424329446,0.005600225872073211,0.04200169404054908,0.014000564680183026,0.05040203284865889,0.21840880901085516,0.0588023716567687,0.03360135523243926
81,0.02096341353290098,0.1414223324813481,0.036816557629441866,0.08835973831066048,0.010519016465554818,0.10098255806932625,0.012622819758665782,0.014726623051776744,0.015027166379364026,0.052595082327774094,0.031557049396664455,0.026297541163887047,0.03506338821851606,0.04207606586221927,0.008415213172443856,0.05049127903466313,0.04908874350592249,0.06311409879332891,0.14726623051776744,0.031557049396664455,0.021038032931109635
82,0.020957285204906244,0.18513269133223043,0.036816160208114006,0.04558191263861734,0.016830244666566404,0.04508101249973144,0.03366048933313281,0.016362737870272894,0.014025203888805338,0.10518902916604003,0.05610081555522135,0.021037805833208006,0.07363232041622801,0.014025203888805338,0.007012601944402669,0.010518902916604003,0.052594514583020016,0.04908821361081868,0.1542772427768587,0.021037805833208006,0.021037805833208006
83,0.021259819089121685,0.1812897871054585,0.0350392025497945,0.042656420495402005,0.009694641021682274,0.03732436793347675,0.010664105123850501,0.016588607970434113,0.017773508539750838,0.13863336661005649,0.03656264613891601,0.026660262809626252,0.07820343757490367,0.010664105123850501,0.015996157685775753,0.04798847305732726,0.042656420495402005,0.035547017079501676,0.13507866490210635,0.017062568198160804,0.042656420495402005
84,0.015278637802315352,0.06451358690827935,0.06791301478986314,0.03748603683741549,0.015335196888033613,0.02477224112682353,0.017891063036039215,0.01380167719923025,0.009584498055021007,0.032861136188643454,0.06645251984814565,0.009201118132820168,0.09201118132820167,0.015335196888033613,0.011501397666025209,0.07667598444016806,0.007667598444016806,0.07667598444016806,0.32203913464870587,0.015335196888033613,0.007667598444016806
85,0.017020543731736688,0.13455706705675674,0.06834644675898754,0.027959910037767634,0.028477686149578147,0.076889752603861,0.01922243815096525,0.02278214891966252,0.012204722635533492,0.02392125636564564,0.042716529224367215,0.02733857870359502,0.028477686149578147,0.002847768614957815,0.007322833581320095,0.028477686149578147,0.059803140914114095,0.04698818214680393,0.2562991753462033,0.03417322337949377,0.03417322337949377
86,0.024563388352780036,0.18560997421277492,0.08451882754331715,0.04171762641561167,0.012325662350067084,0.05634588502887811,0.03451185458018783,0.024651324700134168,0.0024651324700134167,0.10682240703391471,0.06409344422034882,0.024651324700134168,0.049302649400268336,0.016434216466756114,0.03286843293351223,0.024651324700134168,0.016434216466756114,0.04108554116689028,0.10353556374056351,0.04108554116689028,0.012325662350067084
87,0.019895813403315175,0.11181088649538742,0.049915574328297956,0.035939213516374524,0.013310819820879456,0.04741979561188306,0.031945967570110693,0.03327704955219864,0.03327704955219864,0.05490713176112774,0.02246200844773408,0.01197973783879151,0.031375503863501575,0.019966229731319184,0.013310819820879456,0.049915574328297956,0.029949344596978775,0.06988180405961714,0.17969606758187265,0.1197973783879151,0.019966229731319184
88,0.021169887074474127,0.1306477070875399,0.04441828917979922,0.04036270625468712,0.02124352960773006,0.05310882401932515,0.01213915977584575,0.02124352960773006,0.015932647205797547,0.050984471058552146,0.015173949719807187,0.05664941228728017,0.04248705921546012,0.02124352960773006,0.04248705921546012,0.08497411843092025,0.08497411843092025,0.04248705921546012,0.12746117764638037,0.04956823575137015,0.02124352960773006
89,0.01627306241809644,0.09801938315093335,0.07188088097735111,0.032673127716977786,0.01996691138259753,0.03471519819928889,0.020420704823111115,0.032673127716977786,0.016336563858488893,0.017970220244337778,0.02100415353234286,0.016336563858488893,0.07351453736320002,0.024504845787733338,0.032673127716977786,0.032673127716977786,0.032673127716977786,0.049009691575466675,0.32673127716977785,0.021782085144651856,0.008168281929244446
90,0.01724534740606898,0.10965989369716451,0.037515226791135226,0.09003654429872454,0.008657360028723514,0.04155532813787287,0.019479060064627907,0.01731472005744703,0.023086293409929376,0.03809238412638346,0.08080202693475282,0.01731472005744703,0.07791624025851163,0.008657360028723514,0.005771573352482344,0.10388832034468218,0.01731472005744703,0.03462944011489406,0.12986040043085273,0.10388832034468218,0.01731472005744703
91,0.018750518123894697,0.08891682281743116,0.03761865580737472,0.050158207743166296,0.0072343568860336,0.05956287169500997,0.008359701290527715,0.04232098778329656,0.012539551935791574,0.06269775967895787,0.0526661181303246,0.008061140530151726,0.02257119348442483,0.011285596742212415,0.01410699592776552,0.06583264766290575,0.0235116598796092,0.0470233197592184,0.2821399185553104,0.02821399185553104,0.05642798371106208
