,0,1,2,3,4,5,6,7,8,9,10,11,12,13,14,15,16,17,18,19,20
0,0.016184594550826437,0.11244967225396696,0.05200797341745972,0.03981860464774259,0.009480620154224425,0.06826046511041586,0.016252491692956162,0.03413023255520793,0.01160892263782583,0.07661888940965048,0.030473421924292803,0.01760686600070251,0.020896060748086493,0.008126245846478081,0.00609468438485856,0.03900598006309478,0.032504983385912324,0.029254485047321085,0.24920487262532778,0.11376744185069311,0.016252491692956162
1,0.02617584217882807,0.1508744772189508,0.09047039052310456,0.06798154582001784,0.03232688892140708,0.05440730858647532,0.015759358349185952,0.04465151532269354,0.016051198318615324,0.0583679938858739,0.03581672352087717,0.01751039816576217,0.052531194497286514,0.008755199082881086,0.008755199082881086,0.026265597248643257,0.03611519621688448,0.04377599541440543,0.12147838727497506,0.07879679174592975,0.013132798624321628
2,0.02367037721495044,0.14199504813757005,0.03880118172174917,0.09136855978433872,0.019796521286606722,0.0712674766317842,0.021596205039934608,0.05399051259983652,0.019436584535941145,0.03761339044455277,0.030234687055908448,0.061765146414212976,0.030543204270764658,0.023755825543928067,0.015837217029285377,0.047511651087856134,0.03325815576149929,0.03325815576149929,0.11877912771964033,0.038009320870284906,0.047511651087856134
3,0.021645095526692748,0.11599743148458391,0.057643222541297216,0.030606348727460844,0.017376507664622932,0.10377636521927583,0.01861768678352457,0.03077089898943644,0.007240211526926222,0.035683899668422094,0.03982116339809422,0.019307230738469922,0.03982116339809422,0.021720634580778664,0.008145237967791999,0.08688253832311466,0.03413242576979504,0.14118412477506131,0.08998548612036876,0.05792169221540976,0.021720634580778664
4,0.021635234471715194,0.12859216131928847,0.03551452096274941,0.03906597305902435,0.011368404858446242,0.03737793718610355,0.015915766801824736,0.03354149202037445,0.016880358729208053,0.03978941700456184,0.04883246632378043,0.05787551564299904,0.033760717458416106,0.0031004740523035207,0.008681327346449857,0.04340663673224928,0.030384645712574494,0.04340663673224928,0.2532053809381208,0.09223910305602973,0.00542582959153116
5,0.018616032480853896,0.17181780620491313,0.0492775298130485,0.06230492275213029,0.022089927157573467,0.09138055336979109,0.024921969100852117,0.028886827821442227,0.024031898775821684,0.04439225746089283,0.058410865080122144,0.06853541502734331,0.06675527437728246,0.007476590730255635,0.005340421950182596,0.012460984550426059,0.02803721523845863,0.06853541502734331,0.10467227022357888,0.037382953651278174,0.004672869206409772
6,0.021223769982916897,0.16164220201564716,0.04816033251831214,0.02998015001496069,0.019526545075533606,0.04659743711206883,0.023238202403940825,0.06745533753366155,0.006086195867698787,0.09319487422413766,0.04588055346419085,0.01355561806896548,0.02738788140464454,0.0065543647805986925,0.015976264152709314,0.06390505661083726,0.02738788140464454,0.03195252830541862,0.18638974844827533,0.042603371073891505,0.021301685536945753
7,0.01898851935408826,0.12144204727767607,0.04955190104249703,0.029540556390719383,0.01408666083147909,0.04148009815774638,0.021176026086537195,0.10291548678057075,0.017325839525348614,0.03291909509816236,0.027854618929214304,0.020419739440589436,0.03811684695576695,0.0023823029347354342,0.004398097725665417,0.028587635216825204,0.023823029347354342,0.09529211738941737,0.22870108173460163,0.0762336939115339,0.0047646058694708684
8,0.017935762348735552,0.09382588690169832,0.042748222960824804,0.029998752954964774,0.010799551063787318,0.034613945717267044,0.019383809601669546,0.022152925259050906,0.029998752954964774,0.0464980670801954,0.046283790273374224,0.02249906471622358,0.046283790273374224,0.007713965045562371,0.010285286727416494,0.03599850354595773,0.04499812943244716,0.03299862825046125,0.332986157800109,0.0659972565009225,0.005999750590992954
9,0.020564495679841737,0.15828920868135196,0.050878674219005986,0.045422120752040114,0.01588186040281123,0.06006230843244975,0.011470232513141446,0.03922819519494374,0.018065616208197775,0.02333942963543564,0.06538032532490623,0.020646418523654602,0.061939255570963796,0.013764279015769734,0.0022940465026282894,0.07570353458673354,0.048174976555194066,0.09634995311038813,0.10028260425775093,0.041292837047309204,0.0309696277854819
10,0.02500738682506619,0.18265796938440285,0.04757703509198594,0.03813083103372255,0.02257746574365151,0.07525821914550503,0.01623216491373638,0.04300469665457431,0.022298731598668162,0.058534170446503914,0.09198226784450615,0.007525821914550503,0.05375587081821788,0.00313575913106271,0.02508607304850168,0.05017214609700336,0.03762910957275252,0.017560251133951175,0.1254303652425084,0.043900627834877935,0.01254303652425084
11,0.01767285117092074,0.17746282839216468,0.04103827906568808,0.02037536177835965,0.02903937191871785,0.03922862522353113,0.020281466101961677,0.05028113471111332,0.008281598658301016,0.034224974047060326,0.08518215762823902,0.029577138065360775,0.03549256567843293,0.0022182853549020582,0.008873141419608233,0.03253485187189685,0.03105599496862881,0.04880227780784528,0.1641531162627523,0.10647769703529879,0.017746282839216466
12,0.014455720428285614,0.12312404156570012,0.031527632513152264,0.03579804199641522,0.012279993616233909,0.02817175006077191,0.008930904448170116,0.009433267823379686,0.010158903809793507,0.03144422607793229,0.12093933106897034,0.03483052734786345,0.01451271972827644,0.01451271972827644,0.00362817993206911,0.04063561523917403,0.01451271972827644,0.04716633911689843,0.362817993206911,0.03386301269931169,0.00725635986413822
13,0.016748940308651754,0.10546307675631215,0.02641078757699337,0.03460236875060629,0.010270861835497424,0.04430900725726987,0.019207845510540635,0.022809316543767003,0.016806864821723055,0.025974245633571997,0.05378196742951378,0.030252356679101495,0.019608008958676895,0.009603922755270318,0.008403432410861528,0.020168237786067664,0.08403432410861528,0.020168237786067664,0.2633075488736612,0.1512617833955075,0.016806864821723055
14,0.023641404312861398,0.14052686043983104,0.07795460347218829,0.060225797331356155,0.016946652928736584,0.05253462407908341,0.01482832131264451,0.031139474756553466,0.034269898144778425,0.07414160656322255,0.06853979628955685,0.028470376920277457,0.05535906623387283,0.023725314100231217,0.011862657050115608,0.07117594230069364,0.020335983514483902,0.04406129761471512,0.07908438033410406,0.04745062820046243,0.023725314100231217
15,0.021054102191762892,0.14105778029931365,0.05420333293318109,0.07395539493425554,0.014086741892239149,0.03073470958306724,0.017288274140475318,0.03345601199406798,0.017288274140475318,0.04226022567671745,0.07043370946119576,0.023243124122194595,0.04226022567671745,0.007043370946119574,0.015092937741684805,0.09508550777261426,0.01760842736529894,0.04930359662283702,0.10987658675946538,0.11621562061097299,0.00845204513534349
16,0.02339188803021211,0.1813881017586506,0.041470299343252276,0.05398963499404542,0.012910564889880424,0.03953474416039939,0.02166808093406505,0.03325448532241928,0.015649169563491425,0.17018471900296922,0.04988172798362892,0.019561461954364284,0.03841159801947895,0.029342192931546423,0.005868438586309284,0.046947508690474274,0.020539535052082492,0.03755800695237942,0.10954418694443999,0.041079070104164984,0.007824584781745712
17,0.020169733009361864,0.11224286201034477,0.0598781934631689,0.03855336400043068,0.01904989750609516,0.03809979501219032,0.018216464490203494,0.03496089144584509,0.024288619320271328,0.05566141927562179,0.028336722540316547,0.044529135420497426,0.02698735480030148,0.026987354800301473,0.006746838700075368,0.04048103220045221,0.016192412880180886,0.020240516100226105,0.3238482576036177,0.04048103220045221,0.004048103220045222
18,0.024582627232041097,0.1558587404794433,0.07401785744776651,0.07710193484142346,0.01696242566511316,0.0392518941010883,0.02056051595771292,0.05181250021343655,0.024672619149255504,0.04934523829851101,0.05551339308582488,0.026915584526460555,0.06908333361791541,0.02056051595771292,0.010573979635395216,0.02056051595771292,0.035638227660035736,0.03084077393656938,0.12829761957612862,0.05551339308582488,0.012336309574627752
19,0.018929332269511885,0.10814153426425968,0.08101684641422845,0.036007487295212644,0.017420288992359822,0.07839130046561921,0.028505927442043347,0.045134385116568636,0.017103556465226006,0.045609483907269356,0.07601580651211559,0.019003951628028898,0.06461343553529826,0.023754939535036122,0.01085940093030223,0.029863352558331124,0.03040632260484624,0.057011854884086687,0.11402370976817339,0.06968115596943929,0.028505927442043347
20,0.02336147138725591,0.1668837505516908,0.05207719875371911,0.044402664200539455,0.013785140846572707,0.024606476411132276,0.010415439750743823,0.03645403912760338,0.0234347394391736,0.05207719875371911,0.10779980142019856,0.026782559359055547,0.0468694788783472,0.00937389577566944,0.0058586848597934,0.02734052934570253,0.015623159626115733,0.041010794018553794,0.18279096762555408,0.04218253099051248,0.0468694788783472
21,0.019357458043273056,0.15131142851239868,0.08203395216366102,0.023448906471463905,0.016653509085856,0.031700100628339924,0.015111517503832295,0.01295272928899911,0.031086550293597862,0.11657456360099198,0.024727937733543752,0.015111517503832295,0.03885818786699733,0.015543275146798931,0.016190911611248887,0.01727030571866548,0.031086550293597862,0.05440146301379625,0.1408609310178653,0.10686001663424265,0.03885818786699733
22,0.021450276036431046,0.12377187334108895,0.04689493337767967,0.06849036469467373,0.019869732175158094,0.045741779278228534,0.02483716521894762,0.03659342342258283,0.021525543189754606,0.07380186236487293,0.030135760465656445,0.021525543189754606,0.058426474372191076,0.01793795265812884,0.003587590531625767,0.03690093118243647,0.025113133721380368,0.1219780780752761,0.1506788023282822,0.03997600878097284,0.010762771594877303
23,0.020491669947753605,0.14455843410745806,0.04260841479621294,0.09599137126503145,0.01740502885574746,0.044077670478840966,0.012520613643264969,0.04113915911358491,0.018284070717148847,0.08227831822716981,0.039556883763062406,0.0243095031125729,0.04628155400278302,0.008815534095768194,0.005142394889198113,0.056566343781179244,0.02399784281625786,0.04456742237305032,0.17998382112193395,0.03085436933518868,0.020569579556792453
24,0.024577616276444617,0.16897975693921866,0.07126477989326335,0.052239340917233756,0.035632389946631676,0.053690433720490253,0.024668577655360388,0.0213046807023567,0.03524082522194341,0.03876490774413775,0.07400573296608116,0.014801146593216232,0.024668577655360388,0.01850143324152029,0.006167144413840097,0.03946972424857662,0.05756001452917423,0.020557148046133657,0.1480114659321623,0.03289143687381385,0.03700286648304058
25,0.022736481417034552,0.16224742635226816,0.05116101486524254,0.05991741933256289,0.022825683555262058,0.03537980951065619,0.02789805767865363,0.05421099844374739,0.025361870616957844,0.06340467654239462,0.08152029841165022,0.03195595697736688,0.02490074569664952,0.011412841777631029,0.022825683555262058,0.03195595697736688,0.029347307428194077,0.045651367110524116,0.0811579859742651,0.09130273422104823,0.022825683555262058
26,0.016522192442680685,0.10314338314604785,0.050580706127110915,0.029398622041092785,0.011977216387111878,0.03553679587384842,0.012756798518817381,0.02713718957639334,0.008291919037231298,0.03869562217374605,0.16583838074462598,0.016583838074462596,0.03980121137871023,0.023217373304247634,0.009950302844677558,0.014214718349539369,0.023217373304247634,0.14096262363293208,0.16583838074462598,0.03316767614892519,0.03316767614892519
27,0.021098189049973317,0.0943748958561953,0.04762845211434155,0.04974527220831229,0.013230125587317098,0.06350460281912207,0.006442495938171804,0.04233640187941471,0.02587224559297566,0.050803682255297654,0.075600717641812,0.00814161574604129,0.03463887426497567,0.01764016744975613,0.0070560669799024514,0.06350460281912206,0.03969037676195129,0.04233640187941471,0.2328502103367809,0.05644853583921961,0.0070560669799024514
28,0.01422248167561222,0.06778434566388905,0.02594616101967045,0.026756978551535155,0.010702791420614062,0.05173015853296796,0.0055840650890160316,0.019027184747758333,0.04566524339462,0.024735340172085833,0.020386269372598215,0.01427038856081875,0.10702791420614062,0.01427038856081875,0.010702791420614062,0.026502150184377682,0.18551505129064375,0.03805436949551666,0.25686699409473746,0.0285407771216375,0.0057081554243275
29,0.02021036454512542,0.13691660698890432,0.04432416906636683,0.055217397057253585,0.013829960301909526,0.042016736536277514,0.027045255701511964,0.019016195415125597,0.025354927220167463,0.04056788355226794,0.12846496458218182,0.01577639915921531,0.07099379621646888,0.008451642406722488,0.003380656962688995,0.08113576710453588,0.01577639915921531,0.04868146026272153,0.11832299369411482,0.07099379621646888,0.01352262785075598
30,0.019054937527256108,0.12526676681006982,0.039524374260683615,0.0346065949747921,0.0055780366900158316,0.0764987888916457,0.02781774141514389,0.016874732843745376,0.013387288056037996,0.053549152224151984,0.0430305687515507,0.026774576112075992,0.027624562655316504,0.019124697222911425,0.010928398413092243,0.03506194490867094,0.028687045834367136,0.030053095636003665,0.13068543102322805,0.22949636667493709,0.006374899074303808
31,0.021366421591128552,0.14476147631578914,0.050351817848970123,0.06893403634085196,0.021446144639376167,0.045956024227234646,0.037530753118908286,0.028594859519168223,0.014673677911152115,0.061657665838206484,0.03314404171539954,0.042892289278752334,0.060764076478232475,0.00919120484544693,0.021446144639376167,0.037530753118908286,0.015597196101364485,0.042892289278752334,0.14297429759584113,0.09293329343729674,0.005361536159844042
32,0.01886172458117703,0.11090476138548797,0.06455099748046694,0.06356736323314555,0.01230772351960903,0.06942818395676888,0.01735704598919222,0.04057491270200779,0.0210388436232633,0.137278454641793,0.02272195111312436,0.01104539290221323,0.0420776872465266,0.009467479630468484,0.003786991852187394,0.018934959260936968,0.018934959260936968,0.03408292666968654,0.2461544703921806,0.03313617870663969,0.003786991852187394
33,0.020291538065273066,0.16584599253427465,0.05184340436478122,0.03177260067498735,0.02036705171473548,0.06692031277698801,0.00792052011128602,0.042300799715219835,0.011880780166929028,0.08146820685894192,0.04299710917555268,0.04480751377241805,0.04327998489381289,0.02545881464341935,0.013578034476490319,0.05600939221552257,0.01527528878605161,0.04073410342947096,0.17311993957525157,0.04073410342947096,0.0033945086191225797
34,0.020268581510980627,0.1272548143669902,0.03877295125244233,0.07581238754575909,0.01564608373364634,0.029379868344291467,0.016271927082992195,0.040679817707480484,0.010952258613552437,0.04437798295361508,0.10576752603944926,0.02288239746045777,0.03254385416598439,0.010169954426870121,0.010169954426870121,0.023729893662696948,0.07118968098809084,0.026151311383380314,0.18305917968366214,0.08135963541496097,0.013559939235826827
35,0.01699795042117374,0.12406067901396611,0.04550428870896402,0.02275214435448201,0.01050098970206862,0.035440840244481596,0.013126237127585776,0.02502735878993021,0.00948006014770084,0.04266027066465378,0.04834830675327428,0.025596162398792265,0.0487545950453186,0.004266027066465378,0.007313189256797791,0.10238464959516906,0.02986218946525764,0.06825643306344605,0.12627440116737515,0.1877051909244766,0.005688036088620503
36,0.020413716961201818,0.1046113491603237,0.040153322852704246,0.05189885266676059,0.015364791907922542,0.05235410576032867,0.01891051311744313,0.029022384714964808,0.02048638921056339,0.07056422950305169,0.061459167631690174,0.03804615139104631,0.028680944894788746,0.011706508120321939,0.011381327339201885,0.023413016240643878,0.03277822273690143,0.06145916763169017,0.19803509570211278,0.04780157482464791,0.061459167631690174
37,0.020545621521930728,0.1337791590283612,0.051967651183032953,0.027939597410232775,0.030245722910759925,0.04261897319243445,0.01031104190139543,0.030245722910759925,0.0229134264475454,0.04124416760558172,0.0396578534669055,0.02062208380279086,0.05040953818459988,0.015466562852093144,0.02062208380279086,0.011784047887309064,0.061866251408372576,0.051555209506977145,0.13060653075100878,0.10311041901395429,0.08248833521116344
38,0.013744847595549064,0.14609272064271184,0.05034413346835462,0.05406581000163352,0.008156930715913762,0.04141210978848525,0.011963498383340184,0.021568807181502735,0.01840538212821567,0.021236979378710382,0.07247119212984918,0.01380403659616175,0.01932565123462645,0.009202691064107834,0.0030675636880359448,0.04486311893752569,0.02530740042629654,0.017748047052207967,0.26227669532707326,0.13113834766353663,0.01380403659616175
39,0.014954523809137504,0.11058586321532177,0.044130019000076515,0.04772007060834305,0.023217340750523816,0.04506895557454623,0.01733421368251778,0.028376749806195777,0.025753688899740702,0.07261109509232447,0.110168558071113,0.052580448170303926,0.020656604638333687,0.010015323461010273,0.01877873148939426,0.01877873148939426,0.03004597038303082,0.052580448170303926,0.20030646922020548,0.04882470187242508,0.007511492595757705
40,0.022826552081142384,0.1870503900945608,0.05621922670745612,0.053824704088434844,0.011452064699666987,0.036901097365593626,0.01272451633296332,0.033083742465704634,0.014575355072303437,0.03817354899888996,0.052054839543940856,0.050389084678534736,0.027993935932519306,0.011452064699666987,0.007634709799777991,0.022904129399333974,0.0839818077975579,0.04199090389877895,0.178652209314805,0.050389084678534736,0.005726032349833494
41,0.02067612738291992,0.14883668840231276,0.06587177184616476,0.034244297829615786,0.015292509397595565,0.043583651783147354,0.013836079931157892,0.026414334414028705,0.012771766090299591,0.034590199827894734,0.06918039965578947,0.027672159862315783,0.029055767855431573,0.01037705994836842,0.008301647958694737,0.13490177932878947,0.034590199827894734,0.048426279759052615,0.1176066794148421,0.09685255951810523,0.006918039965578946
42,0.01728799039559128,0.1405415480151511,0.046064721300093196,0.02919253088978238,0.015779746426909397,0.03905487240660075,0.014201771784218454,0.02840354356843691,0.01301829080220025,0.06653793076680128,0.04435862051120086,0.05496611672040106,0.08678860534800167,0.006311898570763758,0.006943088427840134,0.06943088427840134,0.0260365816044005,0.03471544213920067,0.13886176855680268,0.09257451237120178,0.02892953511600056
43,0.020148933062228397,0.11815835552029225,0.04342956033065241,0.024709922257095337,0.020217209119441637,0.04354475810341275,0.012441359458117928,0.03234753459110662,0.011552690925395223,0.05862990644638075,0.12804232442313035,0.011793371986340954,0.04621076370158089,0.007581453419790614,0.010108604559720819,0.033695348532402726,0.015162906839581228,0.0606516273583249,0.1667919752353935,0.12130325471664982,0.01347813941296109
44,0.019126451286131878,0.12427175696754798,0.051990386129716036,0.02828950565114913,0.015357160210623815,0.059334482631955655,0.01151787015796786,0.021329389181421965,0.021329389181421965,0.0499107706845274,0.040525839444701735,0.1151787015796786,0.04479171728098612,0.015997041886066474,0.01919645026327977,0.04607148063187144,0.02303574031593572,0.0575893507898393,0.16796893980369798,0.0575893507898393,0.009598225131639885
45,0.02134563783027743,0.18664283214754965,0.04450713689672337,0.02727373372122443,0.026021368397290655,0.06734942408710522,0.018368024751028698,0.039287164050811375,0.042858724419066956,0.07500276773336717,0.05204273679458131,0.015000553546673434,0.032144043314300215,0.042858724419066956,0.012857617325720086,0.042858724419066956,0.021429362209533478,0.07857432810162275,0.10000369031115622,0.03214404331430022,0.021429362209533478
46,0.018076272154140684,0.15674941713838847,0.06354706100204938,0.0466876366545669,0.01815630314344268,0.08170336414549206,0.016859424347482492,0.022997983981694062,0.02269537892930335,0.026700445799180413,0.06253837749408035,0.029503992608094356,0.047206388172950975,0.04236470733469958,0.007262521257377073,0.024964916822233688,0.04085168207274603,0.04841680838251381,0.13798790389016438,0.07867731362158496,0.006052101047814226
47,0.02152167531462682,0.10175512873265549,0.06009601924086558,0.03730392103445775,0.01439800460979071,0.05090723058461716,0.00889288520016485,0.05999168587412797,0.018897381050350305,0.07288989833706547,0.04319401382937214,0.02591640829762328,0.04859326555804365,0.018511720212588057,0.007199002304895357,0.08098877593007275,0.02375670760615467,0.0339381537230781,0.167376803588817,0.10078603226853497,0.00308528670209801
48,0.01941618533806175,0.15467337996557262,0.04999957793514181,0.04872840222492634,0.013922400635693239,0.040374961843510394,0.022739921038298954,0.035734161631612645,0.029237041334955798,0.06125856279705025,0.034651308248836506,0.03410988155744843,0.04872840222492634,0.02436420111246317,0.015593088711976429,0.03619824165280243,0.035734161631612645,0.03898272177994107,0.21440496978967588,0.021657067655522815,0.019491360889970534
49,0.023711030240126857,0.18871456730145786,0.05397944151964777,0.028545060600220516,0.01453683641677897,0.07568766068240289,0.021957738923246553,0.020127927346309336,0.019030040400147014,0.038426043115681464,0.05550428450042879,0.028545060600220516,0.057769765500446296,0.011893775250091883,0.002378755050018377,0.0713626515005513,0.03806008080029403,0.0872210185006738,0.11100856900085757,0.0436105092503369,0.007929183500061254
50,0.022158605959167976,0.10261188425589608,0.058506776110817955,0.12386720313747458,0.015880410658650587,0.06034556050287223,0.018812178780247615,0.03420396141863203,0.012969002037897977,0.04446514984422164,0.12598459122529465,0.019762288819654063,0.019268231599162713,0.02223257492211082,0.01111628746105541,0.08337215595791558,0.03176082131730117,0.03705429153685137,0.10375201630318381,0.03705429153685137,0.014821716614740547
51,0.020906075834714922,0.13110559654798076,0.07650397163270407,0.04428455705620684,0.020976895447676922,0.05663761770872769,0.010488447723838461,0.029367653626747692,0.0074917483741703305,0.0438607813905972,0.03933167896439423,0.02563842776938291,0.03496149241279487,0.004195379089535385,0.01198679739867253,0.03845764165407436,0.041953790895353844,0.15732671585757693,0.12586137268606154,0.05768646248111154,0.020976895447676922
52,0.021321255118726876,0.1320705887550767,0.06313809371512463,0.046818501695537335,0.020143758712701777,0.04565918641545736,0.024078086586276342,0.0470860359909404,0.014981920542571945,0.07032330050594995,0.03424438981159302,0.019262469269021074,0.05992768217028778,0.02853699150966085,0.010701371816122818,0.0770498770760843,0.01712219490579651,0.048156173172552684,0.13555070967088903,0.06955891680479832,0.014268495754830425
53,0.015989359831337237,0.11565768464630424,0.05885166538465006,0.05982442018439634,0.013581153550303857,0.029807986363653928,0.0107003027972091,0.03611352194058071,0.014044147421336943,0.01948983723777372,0.04012613548953413,0.02063629825176041,0.02626437959314961,0.018343376223787032,0.0107003027972091,0.04173118090911549,0.0107003027972091,0.032100908391627304,0.2889081755246457,0.10432795227278874,0.032100908391627304
54,0.021352665129689405,0.17415347373385198,0.06226146167188261,0.03878582858248425,0.01648790283870788,0.05261139905805878,0.03000798316644834,0.03152099072105918,0.01857637053161088,0.04616612794838206,0.05358568422580061,0.04286854738064049,0.04286854738064049,0.025721128428384293,0.012860564214192146,0.017537133019352925,0.0275583518875546,0.0696613894935408,0.15539848425482175,0.04286854738064049,0.017147418952256195
55,0.019784177438326545,0.1513837303533978,0.05559009114616576,0.034192317966887674,0.011678590576925581,0.03761735491093924,0.01588288318461879,0.022689833120883986,0.01418114570055249,0.036097461783224524,0.047648649553856365,0.019853603980773488,0.03375112676731493,0.026471471974364648,0.009926801990386744,0.052942943948729296,0.05956081194232046,0.08603228391668512,0.2382432477692818,0.019853603980773488,0.006617867993591162
56,0.022067801642833798,0.1580813272457334,0.04059676108256188,0.07381229287738525,0.013532253694187295,0.059787957230682046,0.006151024406448771,0.042274313193411545,0.01660776589741168,0.042274313193411545,0.034797223785053046,0.012302048812897542,0.04428737572643115,0.004920819525159017,0.029524917150954098,0.030447570811921412,0.0885747514528623,0.05535921965803894,0.1771495029057246,0.04428737572643115,0.0031633839804593683
57,0.02049918400882,0.1267765650724356,0.05545870333260245,0.03257453408111192,0.014522392903034417,0.1146231725560931,0.020573389945965425,0.03428898324327571,0.01870308176905948,0.030068800690257157,0.0392764717150249,0.029390557065664895,0.04114677989193085,0.012344033967579255,0.013715593297310282,0.08915135643251686,0.05657682235140492,0.048004576540585986,0.12344033967579253,0.07200686481087898,0.006857796648655141
58,0.018722753829654076,0.11934870889684512,0.07296910409626474,0.06056189952770794,0.009397536133609854,0.05795147282392742,0.016915565040497734,0.019969764283920936,0.014096304200414777,0.03222012388666236,0.046133359201357464,0.028192608400829558,0.03222012388666236,0.014096304200414779,0.02506009635629294,0.046987680668049266,0.017086429333836098,0.11277043360331823,0.20674579493941678,0.04228891260124434,0.006265024089073235
59,0.022665156165226803,0.1467575195221712,0.040664780652570745,0.03525429712506769,0.03980323868959255,0.054966377238008755,0.013899543669381526,0.04342171493410096,0.0194954638479637,0.024640100141176343,0.03308321137836264,0.05117559260090471,0.04548941564524863,0.012996975898642467,0.009097883129049727,0.048738659619909246,0.02047023704036188,0.12888667766153777,0.1592129547583702,0.03790784637104053,0.011372353911312158
60,0.019219469796133953,0.14955022455885092,0.04755283638046412,0.052744595328282906,0.025729070891845316,0.056512066423160257,0.0118749557962363,0.04052328665465637,0.013783430834917135,0.027337137822585653,0.05360223102467775,0.017542548335349083,0.06753881109109396,0.006432267722961331,0.03216133861480665,0.045025874060729304,0.043417807129988974,0.04824200792220997,0.1881438308966189,0.043417807129988974,0.009648401584441994
61,0.020943366981274983,0.13204065581992291,0.04055534428754775,0.05644544994407231,0.01986043609143285,0.12016398307421557,0.026285871297484654,0.05841304732774368,0.05257174259496931,0.055200329724717764,0.04731456833547237,0.03304509534540928,0.028038262717316968,0.006008199153710779,0.00700956567932924,0.024032796614843116,0.02944017585318281,0.03304509534540928,0.14299513985831652,0.045562176915640074,0.021028697037987723
62,0.013714239326622552,0.08396056494193703,0.053436810859863494,0.027528054079323617,0.004817409463881633,0.03811576718675577,0.006882013519830904,0.02599871774158342,0.010705354364181408,0.03388068194378291,0.021410708728362815,0.013764027039661808,0.013764027039661808,0.009634818927763265,0.005505610815864724,0.019662895770945443,0.015730316616756355,0.057808913566579585,0.5092690004674869,0.020646040559492713,0.013764027039661808
63,0.018320713102524627,0.16045611422267672,0.07356881126415217,0.047603348465039635,0.02207064337924565,0.022264245514151314,0.01593990910723297,0.028295696640058526,0.006688073751286562,0.04244354496008779,0.022990253520047552,0.021019660361186337,0.047294235812669255,0.008174312362683575,0.05517660844811413,0.030653671360063407,0.036784405632076085,0.06437270985613314,0.18392202816038042,0.07356881126415217,0.018392202816038043
64,0.017917078278906096,0.1056965894282255,0.07866940136385042,0.033565611248576176,0.012986694828318166,0.03312395846898965,0.008517589320597338,0.025473901394008708,0.007706390337683307,0.058440126727431735,0.04623834202609984,0.024724669000067274,0.04675210138194539,0.014385261963675506,0.00299692957576573,0.14385261963675505,0.025174208436432133,0.058440126727431735,0.22177278860666402,0.021577892945513256,0.01198771830306292
65,0.019947421083172823,0.15355013256912722,0.09747095371779382,0.05722365188911574,0.014305912972278935,0.0655470921638962,0.02002827816119051,0.00934652980855557,0.025035347701488138,0.04551881400270571,0.04005655632238102,0.04005655632238102,0.034594298642056334,0.017524743391041694,0.014305912972278935,0.050070695402976276,0.050070695402976276,0.025035347701488138,0.12016966896714304,0.08011311264476204,0.02002827816119051
66,0.023168940859565043,0.15824700079485435,0.04900147144428478,0.046509871201355045,0.012919408667043069,0.07155364800208468,0.011627467800338761,0.026577069257917172,0.025369020655284576,0.044848804372735224,0.0395333905211518,0.02748310570989162,0.046509871201355045,0.046509871201355045,0.011627467800338761,0.023254935600677522,0.031006580800903363,0.05426151640158088,0.17441201700508144,0.05232360510152443,0.023254935600677522
67,0.020351111480885857,0.1262438182024563,0.05028799397276267,0.06420699230450949,0.024143951651695722,0.05971699284265568,0.02269944172381649,0.02042949755143484,0.0374540788442972,0.06128849265430452,0.05362743107251645,0.006809832517144946,0.03064424632715226,0.002269944172381649,0.035751620715010965,0.0653743921645915,0.03268719608229575,0.04085899510286968,0.16343598041147872,0.06128849265430452,0.02042949755143484
68,0.02207887523404665,0.2189113453198612,0.04062120105463012,0.047268306681751415,0.01772561500565678,0.029911975322045814,0.03545123001131356,0.030070239741739183,0.022157018757070976,0.038774782824874204,0.0696363446650802,0.016617764067803232,0.05760824876838454,0.01582644196933641,0.01772561500565678,0.04431403751414195,0.053176845016970335,0.024926646101704846,0.11964790128818326,0.06647105627121291,0.011078509378535488
69,0.02408202549491495,0.16154791519374403,0.05738748055760672,0.037107694195144196,0.012656887942529805,0.05285688998726935,0.012887013177848527,0.041077354504392184,0.012887013177848527,0.04832629941693198,0.06443506588924264,0.04228551198981548,0.062133813536055404,0.038661039533545584,0.01610876647231066,0.04228551198981548,0.02761502823824685,0.04027191618077665,0.1047069820700193,0.08859821559770863,0.012081574854232995
70,0.019498273897322047,0.1577527038297494,0.05276780381991617,0.04533193333255957,0.010677356198164858,0.040455316261935735,0.015660122423975124,0.02491383112905133,0.033557405194232406,0.04448898415902024,0.046268543525381046,0.007830061211987562,0.0929819768923523,0.014681364772476677,0.006525051009989634,0.10766334166482897,0.04404409431743003,0.04306533666593158,0.1370260712097823,0.046980367271925366,0.007830061211987562
71,0.024077398493366087,0.20487098964007983,0.055661740302820235,0.03795800619033294,0.033445515943929714,0.07004977506034168,0.013984528596438452,0.06172968683478387,0.022544755191834107,0.05736835026493501,0.026570604333233053,0.039252029128639745,0.0386481517574299,0.010979588567451678,0.004025849141398948,0.04140873402581775,0.024155094848393687,0.03623264227259053,0.1642546449690771,0.020704367012908877,0.012077547424196844
72,0.020646913918799515,0.12655485368482416,0.040723861217774514,0.045582146415684456,0.014799398186910537,0.04661810428876818,0.01519404880522815,0.031078736192512127,0.01695203792318843,0.09175626875884534,0.06906385820558252,0.0497259779080194,0.035222567684847085,0.02589894682709344,0.002071915746167475,0.062157472385024254,0.024172350371953873,0.044891507833628636,0.15746559670872812,0.06906385820558252,0.010359578730837376
73,0.02266272978261714,0.18779377486770438,0.05390376871202626,0.041468248540409904,0.010612304465180168,0.06367382679108101,0.015743528602190356,0.03979614174442563,0.012244966690592503,0.03898397558637613,0.020673320386714617,0.03411097863807911,0.028425815531732596,0.01705548931903956,0.022740652425386077,0.045481304850772154,0.030320869900514767,0.03573531095417812,0.18761038250943513,0.06822195727615822,0.022740652425386077
74,0.01969635593125719,0.10665121475144083,0.053012173163088844,0.06457301996588674,0.010782136914526544,0.05321952194990665,0.02470906376245666,0.02541503701281257,0.009883625504982665,0.04348795222192372,0.04200540839617632,0.015813800807972265,0.03953450201993066,0.013178167339976888,0.02635633467995377,0.07247992036987287,0.03162760161594453,0.05435994027740466,0.2306179284495955,0.05271266935990754,0.009883625504982665
75,0.021035226115321885,0.12664659452014385,0.06332329726007194,0.042215531506714615,0.014511588955433148,0.03752491689485744,0.011873118236263485,0.028143687671143076,0.015076975538112363,0.109760381917458,0.036184741291469674,0.026384707191696635,0.030488994977071672,0.010553882876678654,0.021107765753357308,0.030153951076224726,0.031661648630035955,0.033772425205371694,0.23922134520471616,0.038697570547821726,0.03166164863003596
76,0.025219585793519517,0.1589804175203215,0.06869066436300772,0.05904986936469084,0.02084113036400853,0.04586909495292949,0.015184252122349074,0.023619947745876335,0.016871391247054526,0.05398845199057449,0.06326771717645448,0.037960630305872683,0.037960630305872683,0.018076490621844136,0.016871391247054526,0.05061417374116358,0.04639632592939995,0.06579842586351266,0.1156895399798025,0.05061417374116358,0.008435695623527263
77,0.022626355801243017,0.1606594019749403,0.054877769814761695,0.05209492144687317,0.017364973815624393,0.060014112802350236,0.015138695121313573,0.0317912597547585,0.02270804268197036,0.06812412804591107,0.031223558687709246,0.01651494013234208,0.021086039633258193,0.007569347560656787,0.009083217072788145,0.02270804268197036,0.030277390242627145,0.039739074693448125,0.25735781706233074,0.03633286829115258,0.02270804268197036
78,0.024871395990642736,0.16725859381599378,0.09288397268589799,0.03223212484995714,0.029112886961251604,0.060305265848306894,0.01814829317065035,0.024953903109644234,0.022458512798679806,0.04990780621928847,0.058225773922503214,0.03992624497543078,0.1081335801417917,0.0062384757774110585,0.00748617093289327,0.04990780621928847,0.024953903109644234,0.024953903109644234,0.09565662858696955,0.0436693304418774,0.018715427332233175
79,0.023160023190483946,0.11753230574903584,0.06084867434958388,0.027879756247445705,0.017424847654653564,0.045099605694397464,0.011616565103102378,0.03562413298284729,0.016896821968148915,0.06195501388321269,0.04937040168818511,0.051112886453650454,0.039828223210636726,0.01548875347080317,0.003319018600886394,0.03252638228868666,0.03717300832992761,0.027879756247445705,0.16263191144343325,0.11616565103102378,0.04646626041240951
80,0.01667222735154074,0.10860252241948207,0.07597151582785631,0.03741767579158626,0.009891514772656177,0.04663142678537912,0.021761332499843588,0.0227178745877488,0.006695794615336489,0.03219132026604081,0.07652336703241702,0.01673948653834122,0.02869626263715638,0.013391589230672978,0.027899144230568704,0.046870562307355416,0.010043691923004732,0.05440333124960897,0.301310757690142,0.020459372435750384,0.025109229807511832
81,0.01917808780595255,0.11507018590660344,0.04133015096251828,0.03324941160870089,0.005182600594878479,0.03368690386671011,0.024062074190507224,0.03336607621083668,0.02245793591114007,0.05053035580006516,0.049499124049043434,0.07058208429215451,0.061598909927698495,0.007699863740962312,0.0021388510391561976,0.035749367368753594,0.05133242493974874,0.05293656321911589,0.21816280599393217,0.05293656321911589,0.019249659352405777
82,0.020158545165952474,0.21324180740464654,0.058437807562801695,0.03371411974777021,0.0033714119747770203,0.05436401809327946,0.014711615889936091,0.019163815435574643,0.020228471848662125,0.046525485251922884,0.03820933571413957,0.025285589810827656,0.05201607046798832,0.005057117962165531,0.005779563385332036,0.052594026806521525,0.016857059873885104,0.05057117962165531,0.18879907058751313,0.06742823949554042,0.013485647899108081
83,0.02468313808934814,0.14578921679961795,0.03834933688887696,0.07239666483188631,0.021229097206342605,0.0763657802283713,0.01946000577248072,0.02476728007406637,0.01714657851281518,0.07430184022219911,0.058540843811429606,0.027244008081473006,0.07925529623701238,0.0061918200185165926,0.00928773002777489,0.03715092011109955,0.012383640037033185,0.04953456014813274,0.15851059247402477,0.04245819441268521,0.004953456014813274
84,0.016081077733545755,0.11907381418896039,0.051665926156565865,0.04403345979252773,0.014992344643646347,0.037673071155829276,0.012685830083085369,0.025832963078282933,0.013454668269939029,0.06227589313514636,0.08880081058159758,0.029062083463068298,0.06861880817668904,0.008072800961963417,0.008072800961963417,0.026909336539878058,0.060546007214725625,0.05920054038773172,0.21527469231902446,0.03229120384785367,0.0053818673079756105
85,0.01986992517070121,0.13959722964542237,0.04579380020114386,0.05583889185816895,0.008724826852838898,0.04448702922766207,0.009971230688958742,0.012962599895646364,0.01329497425194499,0.057833137995960696,0.03390218434245972,0.036561179192848715,0.03102160658787164,0.008863316167963327,0.007976984551166993,0.1196547682675049,0.053179897007779954,0.053179897007779954,0.1276317528186719,0.08974107620062867,0.029913692066876225
86,0.018943441398453355,0.1238139071001151,0.036609490896053705,0.04181930306203056,0.014006465140393014,0.03655533484443232,0.023760967648881005,0.031105266740353316,0.021120860132338673,0.026137064413769107,0.052274128827538215,0.019008774119104805,0.035905462224975745,0.028513161178657202,0.004752193529776201,0.030889257943545308,0.021384870883992907,0.04562105788585153,0.2851316117865721,0.04562105788585153,0.05702632235731442
87,0.01841856259008585,0.11540201111178784,0.05448005628243892,0.03784881461118418,0.024645739746817604,0.03696860962022641,0.010397421455688678,0.053142376329075466,0.007393721924045283,0.029266815949345906,0.10628475265815093,0.02772645721516981,0.05914977539236226,0.014376681518976938,0.004621076202528301,0.033271748658203766,0.018484304810113206,0.03696860962022641,0.20332735291124526,0.10166367645562263,0.006161434936704401
88,0.01910112447216657,0.139138141695098,0.051687820958480096,0.06972550627830161,0.013182478530741396,0.03399118431067203,0.012783009484355295,0.023599402124963614,0.011799701062481807,0.03595221417474926,0.05113203793742117,0.02266078954044802,0.030131379498837475,0.012783009484355292,0.001917451422653294,0.04218393129837246,0.01917451422653294,0.1246343424724641,0.19813664700750705,0.04793628556633235,0.03834902845306588
89,0.020831301997636765,0.13226844232606683,0.06168474966566756,0.04920019913512866,0.015101727790088103,0.03301592310383634,0.02471191820196235,0.02744448608006395,0.02875136636959081,0.0522752115810742,0.03833515515945441,0.03485014105404947,0.05018420311783123,0.01045504231621484,0.008961464842469864,0.04600218619134529,0.024395098737834624,0.08364033852971872,0.20213081811348688,0.04879019747566925,0.006970028210809893
90,0.014671111010617341,0.08457922278606811,0.04089736081219343,0.030220997147536618,0.008179472162438686,0.02789630505926457,0.009526679342134468,0.03312686225787668,0.003099589451029397,0.025765337311681857,0.01766765987086756,0.04048838720407149,0.05889219956955853,0.01892963557592953,0.009815366594926421,0.01799483875736511,0.036807624730974084,0.04784991215026631,0.4122453969869097,0.05889219956955853,0.0024538416487316053
91,0.01623736444943805,0.12247973181686928,0.028795931878364066,0.0402695606734059,0.008964771245151076,0.053344093359576655,0.013582986735077391,0.023543843674134146,0.024449376123139303,0.03408094853528509,0.06845825314479004,0.0244493761231393,0.023091077449631563,0.010866389388061911,0.002716597347015478,0.02607933453134859,0.00889068222659611,0.03911900179702288,0.374890433888136,0.04482385622575539,0.010866389388061911
