,0,1,2,3,4,5,6,7,8,9,10,11,12,13,14,15,16,17,18,19,20
0,0.0017349414527509275,0.014252686855334535,0.07026666572498347,0.001964678064981499,0.0019459668453150085,0.13804202308953342,0.0032432780755250142,0.05442626020490414,0.12952841814128024,0.0033446305153851707,0.11473096192169739,0.03539227199916672,0.05910874292644338,0.02918950267972513,0.009642960706694908,0.024020528246857135,0.017635324535667265,0.24409721615920135,0.0012162292783218802,0.0024324585566437604,0.043784254019587694
1,0.0012236037779612715,0.008682263217685032,0.07227488273601661,0.0007454664002695667,0.0013681002686765343,0.10757511417443723,0.0038628713468513913,0.02260495084453777,0.0678148525336133,0.0017704827006402208,0.07506846650714537,0.014764752703520873,0.10268799663713281,0.005150495129135188,0.011374010076840206,0.01738292106083126,0.015022277459977631,0.4461616405613356,0.0038628713468513913,0.001287623782283797,0.019314356734256955
2,0.0017576406884216406,0.012070058417430222,0.08287181871277763,0.002312271727477054,0.002081044554729349,0.18724262610947526,0.0026425962599737765,0.021334560472188287,0.06858553677808862,0.0010089912992627148,0.08845490390203133,0.05047358856549913,0.09773201834803015,0.011792585810132978,0.038846165021614504,0.029967041588102622,0.004855770627701813,0.25342498133148517,0.004624543454954108,0.0027747260729724652,0.03514653025765123
3,0.0021032323958246266,0.020814496300057026,0.08557649262219628,0.0023561443430812853,0.0019143672787535445,0.15241308719307065,0.004049623089670959,0.03239698471736767,0.0970068803752998,0.0015292282995960263,0.09072207571016111,0.09498206883046431,0.06945717178041706,0.027979214074090264,0.024849959868435433,0.05595842814818053,0.011412574161799976,0.16980805910097546,0.0005522213304096763,0.015462197251470933,0.03865549312867734
4,0.0013429328705792623,0.007925281958843513,0.09582334423201565,0.0005428275314276377,0.001999414740758466,0.09726564650630891,0.002705090531614395,0.017696177524540994,0.14621602386534852,0.0010585136862838937,0.07833001278500813,0.018851624698579823,0.09145558249492843,0.0508086569416269,0.006174663169989381,0.025051490575385485,0.00403243309060531,0.3297858195933376,0.0003528378954279646,0.0014113515817118583,0.021170273725677875
5,0.0014483216056823574,0.01454660849789567,0.12458131134983506,0.001613573379598511,0.0015239304140652608,0.09578991174124496,0.004789495587062248,0.014880732278519602,0.08838796401578512,0.0010159536093768406,0.0824446354009306,0.045500208077091354,0.07859126849679417,0.010413524496112615,0.005333756449228412,0.02712596137036164,0.010667512898456823,0.31850145653963946,0.0015239304140652608,0.002743074745317469,0.06857686863293673
6,0.0014428603905958515,0.012833072000851741,0.06336859929988013,0.001518416916131313,0.0017863728425074272,0.08588545681867739,0.0016564548175977962,0.039731909305436026,0.07177970876257117,0.0013015002138268398,0.12364252031354979,0.05891457634589494,0.03884616610435943,0.008893584794483406,0.016702586077444445,0.029988734093593435,0.015690308133356902,0.35176658557042084,0.0006073667664525253,0.005314459206459595,0.06832876122590908
7,0.001633800133486123,0.012184561286590092,0.0824409009403795,0.0018213600262307675,0.0034403467162136725,0.10435718372514807,0.0018921906939175198,0.020396341246123918,0.055798123303590505,0.0018765527542983671,0.18887503472013062,0.04106913892480072,0.07246230271025048,0.011181126827694437,0.013417352193233324,0.03526355384119015,0.020642080297282036,0.2984500776315361,0.0006880693432427346,0.0011467822387378908,0.03096312044592305
8,0.0011898909193821514,0.008761722265629754,0.06397982907154913,0.0011734449462896992,0.0018357894270843293,0.09617033248703134,0.0010540417763163614,0.016044192720179158,0.07023285308163534,0.0010728639508934394,0.0877960333147798,0.023781817578137902,0.12892248476569493,0.007301435221358128,0.006973615680807356,0.02722392275392102,0.007009377812503803,0.43120190292992144,0.0012516746093756792,0.0037550238281270376,0.013267750859382199
9,0.0013796326327058055,0.010831945149200427,0.11104359797027719,0.0007260542944210432,0.0015489158280982253,0.10276460782574763,0.0014521085888420863,0.025492573004116628,0.08567440674168308,0.0018669967570826825,0.15740857103048217,0.044531330057823976,0.06804165959145776,0.01984548404750851,0.006352975076184127,0.02395979171589442,0.010164760121894602,0.30881509322708367,0.0010372204206014902,0.0010890814416315646,0.015973194477262947
10,0.0017544358883966995,0.010646424269055254,0.10678040922945174,0.0020760527324657743,0.0012775709122866301,0.1228495966132128,0.004305887148817903,0.025835322892907416,0.09862531993244815,0.004797988537254235,0.1716203592171707,0.043366434855951735,0.0877873726871242,0.012302534710908294,0.00963698552354483,0.04921013884363318,0.010610936188158403,0.20883552671766825,0.0018453802066362441,0.0018453802066362441,0.023989942686271172
11,0.0020561556185507003,0.009030795275949558,0.12216352795370163,0.002525465844959676,0.0024739257256747855,0.14580699745695766,0.0035318544899436075,0.02037350597614529,0.06984716965488476,0.001443123339976958,0.10252735365381752,0.04644233294107665,0.1471985806776497,0.01178550727647849,0.0073599290338824865,0.017711059172444484,0.0075763975348790286,0.2568759545158985,0.0010823425049827184,0.0016235137574740776,0.02056450759467165
12,0.0017213059749046054,0.010700684378413094,0.09528738350456645,0.0019195685637503313,0.00215284946559499,0.10526300808093397,0.0023309046845539742,0.041956284321971536,0.1336385352477612,0.0033236974205677035,0.07018612994601411,0.04260375784545875,0.12327895887196574,0.010877555194585213,0.013294789682270814,0.0412440634461356,0.012086172438428014,0.2552599618995996,0.0014503406926113618,0.001812925865764202,0.02961112247414863
13,0.0019653971130977,0.014535340594191468,0.11595384431988541,0.0010336242200313934,0.0027563312534170494,0.12940975234793048,0.0032731433634327458,0.0339028744170297,0.10915071763531516,0.002067248440062787,0.08136099217675684,0.05193961705657752,0.08165631338248008,0.011111460365337479,0.011990040952364164,0.021853769223520888,0.008682443448263704,0.28858788223276505,0.0013781656267085245,0.002067248440062787,0.025323793390769136
14,0.0016124717625813992,0.014818939640328163,0.11220201550998297,0.001225844737746187,0.0023962213878115507,0.11784274467916092,0.0036775342132385615,0.01782189657184841,0.1137206733632232,0.0005657744943443941,0.18670558313365002,0.04825248187480046,0.11270227927340327,0.01584168584164303,0.010183940898199092,0.019155507879945913,0.007920842920821515,0.12899658471052183,0.002036788179639818,0.000848661741516591,0.08147152718559274
15,0.002072856132122839,0.013187879135483502,0.10818912619206515,0.0009078612448340093,0.004115637643247509,0.09329512283276038,0.003961576341093859,0.027308466244607,0.05538909236903071,0.0012710057427676128,0.20299777434488447,0.06318714264044704,0.12724583207593473,0.013436346423543338,0.01579678566011176,0.027598981842953882,0.008715467950406489,0.1379222803151827,0.001452577991734415,0.0026146403851219466,0.08933354649166651
16,0.0019058447493941854,0.010550461330699822,0.09789613859162363,0.0012255586394247268,0.001470670367309672,0.12158098775202117,0.0035481208162366214,0.018425159999533106,0.07389347265118877,0.0030081893876788748,0.17915439019954185,0.05271493784122981,0.07771155918170426,0.012605746005511474,0.028076434285002828,0.058158328161791575,0.014840400979215781,0.19510256885802987,0.004010919183571833,0.0020054595917859165,0.042114651427504236
17,0.001626873163953356,0.012254624952008006,0.10188998213372595,0.0013318951912905353,0.0018347535798390025,0.09156499630208292,0.0026464930424344403,0.022506310579358434,0.10296025505529868,0.0024463381064520036,0.15925661073002542,0.04696969164387847,0.09732348433501554,0.012672031391421376,0.026257362342584835,0.030823860141295244,0.007705965035323811,0.23083646372481104,0.0017124366745164025,0.0008562183372582012,0.044523353537426466
18,0.0019472419287029643,0.013708646343940877,0.09963162376365585,0.0008873646596077912,0.001401102094117565,0.10034046535565024,0.0033276174735292173,0.03993140968235061,0.0740120633672872,0.002815676323755491,0.10119370060527312,0.060409055673299634,0.07622234896631029,0.010238822995474513,0.008418587796279046,0.01638211679275922,0.005688234997485842,0.33378562965246916,0.001535823449321177,0.005119411497737257,0.04300305658099295
19,0.0017719111829284987,0.008442420753999778,0.12279919304838141,0.0014907337547603208,0.0016859488893122675,0.0974153099464904,0.0024367763298966784,0.03292037041762375,0.07166989205578465,0.0015767376252272623,0.07200776440404764,0.03130540884996673,0.11217771504571414,0.009583288423459206,0.013043920354152805,0.05962935019041283,0.008944402528561924,0.3200419029751064,0.0009317085967252005,0.006521960177076402,0.023603284450371746
20,0.0016813766370916872,0.010142527282459884,0.10075517984874918,0.0016649839588169435,0.002594600002489737,0.07276160876547307,0.0019164659109299196,0.0349386477607993,0.17902740017179183,0.0019459500018673026,0.09942035464085673,0.05155503901051036,0.08137609098717812,0.013394201311554164,0.007581623383898582,0.06810825006535559,0.007783800007469211,0.2320987638590819,0.0005896818187476675,0.0017690454562430025,0.028894409118635705
21,0.0020094970446241814,0.009157479671863231,0.08254939608049787,0.0014088430264404968,0.002245343573389542,0.09854486221786422,0.0021132645396607455,0.03571417072026659,0.07803984050032896,0.001937159161355683,0.1853634896216711,0.06903330829558434,0.08822879453083611,0.009245532361015761,0.021660961531522638,0.03169896809491118,0.05705814257084012,0.20106202620200808,0.0005283161349151864,0.004226529079321491,0.01817407504108241
22,0.0015024126076259162,0.010934218424269828,0.18157292465997285,0.0013178293555421625,0.0017478578820874996,0.10493686896845734,0.0033065536557239715,0.01946332586646886,0.0749006284622691,0.0017251584290733767,0.0684865778926373,0.031452193952272944,0.059038755128288885,0.007906976133252976,0.006523255309933705,0.030046509306361307,0.00980465040523369,0.3616123751607694,0.0023720928399758924,0.001976744033313244,0.019372091526469785
23,0.0016266509174745938,0.013534046206070894,0.1665976640128251,0.0014880010821267352,0.00199640145185337,0.16066278350629498,0.002811259187303725,0.029850955041998008,0.10780567840008196,0.0020534414933348947,0.09531390931562801,0.031752289758048835,0.08384886097784153,0.013689609955565963,0.006160324480004683,0.020534414933348944,0.0054758439822263855,0.21800703854238795,0.0011408008296304969,0.005989204355560108,0.029660821570392924
24,0.001803371254668552,0.009655189248824901,0.1050943610471106,0.001802442534442203,0.002710439901416847,0.17910586868562525,0.0029322031660782254,0.02587238087716081,0.12285068853171857,0.002242273009353937,0.21970825840884958,0.03689209865817374,0.08456572492420562,0.01783469455132285,0.009802757643457597,0.018702035319776242,0.004743269827479481,0.13376020913492137,0.0007589231723967171,0.0011383847585950755,0.01802442534442203
25,0.0014522892051946513,0.012023110471075396,0.17622099210940204,0.0011681083702611826,0.0023500405082177633,0.10539931679356669,0.0021003487042196263,0.021724818920413107,0.05804600055297876,0.0010183508868943643,0.08325018500361428,0.06644739536985726,0.11761952743629904,0.00992892114722005,0.012220210642732371,0.018984970105673505,0.004922029286656094,0.26120700248840445,0.0011456447477561599,0.0045825789910246394,0.038188158258538656
26,0.001938123253523186,0.013676153776558286,0.11912104435762191,0.001199662611978797,0.0032290918639095952,0.0949353007989421,0.0037389484740005838,0.02520148387021173,0.09381361625674191,0.003059139660545932,0.09114667398857366,0.05681259369585303,0.10571027049219832,0.014567331716885394,0.02175388203054885,0.027969276896419953,0.013256271862365707,0.2777698811775706,0.002039426440363955,0.0030591396605459324,0.026002687114640426
27,0.0015409249428447026,0.011673338867226575,0.08775873893400621,0.0014316609103571089,0.0023861015172618482,0.14765196188816315,0.0036507353214106277,0.01667619838175225,0.11195588318992591,0.0006953781564591672,0.07612459207237716,0.04076654442241868,0.08669047683857618,0.005476102982115941,0.01892973870361066,0.042727124502435494,0.006721988845771951,0.29773774732393343,0.00046358543763944484,0.0064901961269522275,0.03245098063476114
28,0.0015433537723587851,0.010082013566814069,0.09871666471816373,0.001055193792797913,0.0025703438542513265,0.10598320072717501,0.002922075118517297,0.027236626104698267,0.12244886210929629,0.0019185341687234783,0.22970757181677645,0.03814931404730916,0.07513907447615908,0.008928562862136186,0.017207775697935197,0.01855285789534792,0.012445875504795896,0.20616863336205377,0.0006087656496911037,0.0012987000526743545,0.017316000702324724
29,0.001427543889217842,0.010353916148701686,0.13898306531555998,0.0013157206724231912,0.0011528219225041298,0.15955723710020925,0.0015976608165138753,0.02800605431300793,0.09999477110416255,0.0010935860134426527,0.12802767685946484,0.04403636536273539,0.06559807352509911,0.009773924995143707,0.008520857688074002,0.025562573064222004,0.009022084610901884,0.24397220468647177,0.0007518403842418236,0.0012029446147869178,0.020049076913115298
30,0.0017734462454745722,0.011613925246316785,0.10226994441232079,0.0017042172915790934,0.013065665902106382,0.1469887413986968,0.002086114723865725,0.025282911940439627,0.1101248983177538,0.0013065665902106383,0.17140909314430042,0.03393679455092567,0.06252854396008055,0.01066584971600521,0.03826373585616869,0.017731975152858664,0.006132863586702997,0.21527240010137183,0.0013998927752256838,0.0012443491335339411,0.025198069954062305
31,0.0018756165562045226,0.011805477150557898,0.09568575622329056,0.0008693573131791589,0.0021169415093648353,0.09431902907338484,0.003245976981026081,0.03304994744317464,0.08783382771582825,0.001796192795824709,0.11518984399623856,0.0436874003340032,0.16251054320224048,0.011113942924165385,0.011360919433591283,0.05663994616167248,0.008891154339332307,0.223925368546147,0.0009879060377035898,0.003951624150814359,0.0291432281122559
32,0.001687844811874724,0.009203737090955962,0.10656958736896376,0.0009209717426947485,0.001028303036016317,0.10756867725054779,0.0027911082406157175,0.023574484478588953,0.11722654610586013,0.003298582466182212,0.20887639124316895,0.06482983231611962,0.09916892157945238,0.006216559263189552,0.00938827317298014,0.022794050631695022,0.010301726778999829,0.17939213873775567,0.0008880798947413646,0.0017761597894827292,0.02249802400011457
33,0.0013268186855188633,0.009333191110911259,0.07358031275562607,0.0010857700959986981,0.0014657896295982421,0.06848107105477505,0.0038389728394239682,0.008841270781703684,0.08480639999818403,0.0015355891357695872,0.4097231012257945,0.03402725925853063,0.03683266248734045,0.008841270781703684,0.009771930863988282,0.027919802468537952,0.00872493827141811,0.14378698271297047,0.00558396049370759,0.00046533004114229917,0.0600275753073566
34,0.0013969793353627547,0.015678653575940595,0.07512442859538034,0.0009812490673377788,0.0032708302244592626,0.12818680997858073,0.001818196801243531,0.021275263869096384,0.08006992389476275,0.0018398420012583352,0.15690172586731083,0.038084729426047535,0.05758705463938589,0.007779903319606674,0.009041509263326676,0.024285914416610023,0.007359368005033341,0.34834341890491144,0.000735936800503334,0.001471873601006668,0.018766388412835018
35,0.002126156648123965,0.014128349851740607,0.13983663496391843,0.002924698499157471,0.0009940151761842384,0.10641194043993374,0.004301027204643339,0.016725385790578272,0.13391248201657038,0.0011928182114210862,0.10269419288953414,0.03820745833458166,0.11150720244266761,0.027956676830181704,0.0246018756105599,0.028329432521250794,0.008498829756375238,0.209595200006848,0.0008946136585658147,0.006709602439243609,0.018451406707919928
36,0.0017996079899784872,0.01122426158511076,0.12612650148936366,0.0014638469270953816,0.0026521461973257492,0.0903624097231702,0.0022732681691363566,0.027038113829879397,0.19095452620745396,0.000947195070473482,0.13781688275389165,0.06156767958077633,0.05683170422840892,0.011050609155523956,0.01294499929647092,0.03788780281893928,0.004546536338272713,0.16410154595953072,0.0006314633803156546,0.001894390140946964,0.05588450915793544
37,0.0017952974791703993,0.012798540723301943,0.10183750251477976,0.0014605162505494163,0.002716989789625017,0.1467962019669864,0.004158175678034808,0.03444145511099539,0.1230914504690986,0.002079087839017404,0.10206431209721803,0.11340479121913115,0.061049579272965594,0.020318358426760996,0.006615279487782649,0.022917218225532752,0.025516078024304504,0.1362957583355854,0.0006300266178840618,0.0006300266178840618,0.07938335385339179
38,0.001621586312793895,0.011915930796925536,0.08397894085452282,0.0008511379140661098,0.002202945189347578,0.10724337717232983,0.0030853749384896476,0.012511727336771812,0.10383882551606538,0.001513134069450862,0.08155448740233451,0.04790690544886389,0.07246831382620021,0.008754561401822843,0.006596318834012351,0.020427309937586634,0.013618206625057756,0.39606284267876307,0.00024318226116174568,0.0020427309937586634,0.02156216048967478
39,0.0009695260004885503,0.009245858940498819,0.0551382481366059,0.0007414584425149414,0.0015292580376870665,0.04668261378202625,0.0019115725471088333,0.0160062341277913,0.03590115297998685,0.0014829168850298829,0.07416901482782273,0.02084322066180891,0.03282807254234903,0.008156042867664356,0.007952141795972745,0.011360202565675354,0.012743816980725554,0.6463663972624002,0.0013593404779440592,0.0010195053584580445,0.013593404779440592
40,0.0018626442096850047,0.014850705655166085,0.0946487693665379,0.0012488093391844208,0.002113369650927481,0.08411622906077919,0.003389625349214856,0.03445127986511942,0.12829285943442809,0.0022077165103438867,0.11558622440822659,0.04962105680391974,0.06829203071997089,0.008130003657139393,0.01913354308964702,0.027146736349413714,0.0075693137497504686,0.28925992322194566,0.0019624146758612324,0.0019624146758612324,0.044154330206877736
41,0.0019510412329936037,0.010450375134647543,0.13403338613115473,0.0013331553325975603,0.0037864766843007627,0.1811040244128686,0.0021442358496324395,0.039197045676372715,0.07105278420986998,0.004358392433492024,0.13587929351475134,0.035482441929135064,0.08639872059334189,0.008431922616429015,0.019997329988963405,0.02900711602794692,0.01948457793796434,0.19132976531564988,0.0008204032815984987,0.0027346776053283287,0.021022834090961527
42,0.001762820014208459,0.010559234591762123,0.11786691739408593,0.0016215967408777544,0.0019768036460224058,0.11613721420381634,0.002779880127219008,0.0345940638053921,0.10679372822066356,0.0018532534181460055,0.12138809888856336,0.028083917182674077,0.06404020144926752,0.008854432997808692,0.008442598904887359,0.02409229443589807,0.009266267090730028,0.3155163944393574,0.0007413013672584022,0.002316566772682507,0.021312414308679063
43,0.0019690545247806634,0.01690164268959405,0.10926344157072113,0.0023298212996031324,0.0019415177496692772,0.08566211647025658,0.0021695690409002715,0.03675940272707165,0.15147536576467352,0.0034515871105231595,0.12471734759357017,0.031064283994708435,0.10734435913727025,0.009578154231701767,0.013904965216679013,0.01679772393787938,0.005436249699073975,0.23298212996031326,0.0013806348442092636,0.0034515871105231595,0.04141904532627791
44,0.0021890796677356823,0.015140973032234233,0.11022458004900759,0.0013590286496136597,0.002587381467533698,0.12910075233560736,0.00402481561616353,0.03978817723407376,0.13186062590097664,0.0016726506456783503,0.15294299341421416,0.0405617781577,0.07221669162716278,0.006899683913423195,0.01379936782684639,0.0402481561616353,0.005585458406104492,0.19491607055420526,0.0003833157729679553,0.004599789275615464,0.029898630291500514
45,0.0016975323299732751,0.01608694888266387,0.10040742974107109,0.0026811581471106443,0.0019860430719338107,0.10456516773731514,0.0039720861438676215,0.023236703941625584,0.1072463258844258,0.001310788427476315,0.11459468525058089,0.11618351970812793,0.07038040136165441,0.020108686103329835,0.021449265176885154,0.03217389776532774,0.005958129215801433,0.23379699042804822,0.0007149755058961719,0.0031280178382957517,0.018321247338589405
46,0.0017131554157495171,0.012607468377255125,0.11716414221268674,0.001252916112025354,0.001400829819695014,0.09545654628493168,0.002572952730052067,0.029177283958790434,0.0984583244699924,0.0008004741826828652,0.1461437150669574,0.05463236296810555,0.08645121172974944,0.014048321906084283,0.008705156736676158,0.021312625113931286,0.039623472042801824,0.23629997872798178,0.0012007112740242977,0.002161280293243736,0.028817070576583146
47,0.0016849190344629,0.01235919935717665,0.10002891131906234,0.001227652912736276,0.002881574197950426,0.14863280618239402,0.0076841978612011376,0.02450345611683719,0.06586455309600975,0.002482587001311136,0.14946187048709902,0.04677016582827229,0.14585198632702923,0.010048566433878409,0.010344112505463068,0.043149726451360226,0.03191897573114318,0.15272343249137257,0.0007093105718031818,0.0017732764295079544,0.03989871966392897
48,0.0013988969903740243,0.010011114765008282,0.09333892295610663,0.0016685191275013806,0.0026990750591934093,0.13647504981121586,0.0023923619842850675,0.01703572050348048,0.10326591070628292,0.001308642452942259,0.06674076510005522,0.1030555931692029,0.12035421059403338,0.00920139224725026,0.01030555931692029,0.02385000870487267,0.01570370943530711,0.25027786912520705,0.0014722227595600414,0.0014722227595600414,0.02797223243164079
49,0.0014470615086344147,0.010651966576352572,0.110915715461703,0.0009420106496094114,0.0030434190218150206,0.07850230829799332,0.0016168163553392297,0.03782535069970097,0.1445624035362135,0.0030434190218150206,0.14253345752167013,0.03178682089451244,0.1255410346498696,0.013695385598167593,0.008521573261082058,0.011717163233987828,0.011412821331806327,0.2503212145442854,0.0005072365036358368,0.0022825642663612655,0.009130257065445062
50,0.00185062700441535,0.012033844140197045,0.10515882057782147,0.0023368626795071436,0.001582250772582962,0.14508022468606852,0.00374497224279991,0.036351197236777794,0.08550792986378412,0.0025316012361327393,0.11353257851272207,0.04618085771406975,0.1582250772582962,0.012518907211645414,0.014280827485876989,0.01923043246677754,0.020772112706730166,0.19279117105933938,0.0023368626795071436,0.0015579084530047626,0.022394934011943462
51,0.0012682542678431892,0.009071199710833422,0.05793371243893615,0.0016978181276960953,0.000800399974485302,0.09491922774344928,0.003501749888373196,0.013261528989021179,0.09719142547321526,0.002519777697453729,0.0937134970126541,0.02467899921329681,0.04935799842659362,0.005717142674895015,0.00743228547736352,0.03735199880931409,0.011561332964787698,0.4675669850951639,0.0013339999574755034,0.0017786666099673376,0.017341999447181542
52,0.001999863283667588,0.01041788739212373,0.09407632616990656,0.0017869246311602366,0.001284717055082523,0.15802019777515033,0.004777873345348226,0.031358775389968854,0.10952796856876273,0.002365047305947372,0.14058892318687155,0.06026490912932562,0.09340059836820733,0.016467736796966885,0.0110368874277544,0.03699985118637666,0.00882950994220352,0.17737854794605287,0.003153396407929829,0.0026278303399415244,0.03363622835125151
53,0.0018365122346134374,0.011853740476419536,0.14031395966657695,0.0011953351740927266,0.001103386314547132,0.10571820126254708,0.004827315126143702,0.02353316123995055,0.06487911529537137,0.0028963890756862213,0.11735739440002689,0.03301883546282293,0.08496074622012915,0.013240635774565584,0.009654630252287404,0.015447408403659848,0.0057927781513724425,0.3195682613507131,0.0009654630252287405,0.001930926050457481,0.03990580504278794
54,0.002105620217484292,0.019635979514353558,0.10131248574331836,0.003827175349277966,0.001969540530622579,0.1323109192178954,0.003021454223114184,0.022157330969504015,0.1003122802073909,0.0013294398581702408,0.1420531107711535,0.0877430306392359,0.0806526847289946,0.01816901139499329,0.009970798936276806,0.019337307027930777,0.011964958723532166,0.21081117750985248,0.004431466193900803,0.0017725864775603212,0.025111641765437884
55,0.0012677251279595218,0.006586347712109248,0.10740235522871487,0.0013346783910001118,0.0014014123105501172,0.07856806795020659,0.001016897821714371,0.03317629143343135,0.047285748709718245,0.0018351827876251536,0.1103969697698664,0.02426687983636567,0.05155195285237932,0.0066733919550005585,0.008580075370715005,0.04626885088800388,0.006006052759500502,0.4437805650075371,0.0013346783910001118,0.000800807034600067,0.020465068662001713
56,0.0016924703223268772,0.01214965739283899,0.0834818718431807,0.0016803919453136213,0.0015366150943776965,0.11043140478261045,0.0024909339424648972,0.020164703343763454,0.1524214340984473,0.0006469958292116616,0.25532072910265197,0.0290608959954238,0.10200967573903864,0.03825362840213949,0.01174297430019166,0.03024705501564518,0.008184497239527518,0.11689597144281696,0.005337715590996208,0.004151556570774828,0.012098822006258074
57,0.0017670888775216571,0.010514377268302452,0.07477622955910813,0.0013272458990160115,0.001486515406897933,0.11825760960232663,0.0037162885172448324,0.018929844634715864,0.11195319158200057,0.0009290721293112081,0.11128219504416469,0.03412228547652073,0.15190329314238252,0.01263538095863243,0.008464879400391008,0.02973030813795866,0.00464536064655604,0.25122110376575063,0.0024775256781632213,0.0024775256781632213,0.04738267859487161
58,0.0022893161231055197,0.014826826917420951,0.11345724065925254,0.002279470620268318,0.0018045809077124185,0.11410016827009747,0.00333153398346908,0.04892419349798112,0.10565000950607249,0.0016984290896116879,0.1414791431646536,0.05654353510832245,0.06780849471404239,0.008180766781629632,0.009143209932409586,0.046197271237437915,0.018045809077124185,0.20060924424069718,0.0019248863015599131,0.0016040719179665941,0.04010179794916486
59,0.001895119336247196,0.01577193954578687,0.09112280374505438,0.0008727555479882063,0.0012190871146501932,0.10784031577830744,0.00218485742625619,0.021012628812516056,0.1019378480050225,0.004559702454795528,0.11929321547358798,0.030076498884516648,0.1705613699496952,0.04488457103939347,0.02726322092763159,0.01536049764459243,0.014462806223804562,0.19008259608428857,0.0014961523679797824,0.0031917917183568695,0.03491022191952826
60,0.0015679053185353113,0.010492366354027468,0.09193918586882013,0.0017594186375312433,0.002749091621142568,0.08038922656351635,0.0027834552664068495,0.024142022782033822,0.15966724135596033,0.0028040734535654194,0.06388888927535327,0.03183448097283093,0.0706909274008089,0.010102911707698935,0.01178182123346815,0.02672117055750576,0.0038064345523512477,0.3628800939908189,0.0016494549726855407,0.002061818715856926,0.036288009399081896
61,0.0015830715600873852,0.014324808696959908,0.10948814547785472,0.001018653062894927,0.0037041929559815524,0.07091845786633771,0.0016668868301916984,0.032921014896286044,0.08267758677750825,0.0016668868301916984,0.10890327290585762,0.05167349173594264,0.14293554568893813,0.008096307460931108,0.0064294206307394085,0.02305860115098516,0.012779465698136353,0.23569779778910613,0.0011112578867944656,0.001000132098115019,0.08834500200016002
62,0.0017446521227356586,0.012172616846591027,0.16165106361512607,0.0007342213336039033,0.0019435270595397436,0.06975102669237081,0.004038217334821468,0.026003672231804907,0.07755212836191229,0.0029827741677658573,0.14972870767422455,0.039005508347707364,0.07227491252663422,0.009993568151830907,0.015418648005681967,0.025697746676136612,0.00795406444737562,0.2969007517760784,0.0013766650005073188,0.0010488876194341477,0.0220266400081171
63,0.0015895021539891953,0.010649929756669436,0.08719729483132561,0.0015123218638020874,0.0015731893072368464,0.10062512106413679,0.0024312925657296717,0.03551966482745692,0.05549425281277976,0.0018572373765990548,0.1287065501983145,0.03928057051507001,0.19222406847800216,0.011979181079063901,0.008596355857401339,0.03928057051507001,0.01504362275045234,0.2273258548957243,0.0006686054555756597,0.0016715136389391493,0.03677330005666128
64,0.0013951118335402417,0.01566892539726212,0.06607134369373734,0.0006986323077074247,0.0021517875077388675,0.17773205908076883,0.002787542907752624,0.018395526071403958,0.10374689769455255,0.0011737022769484735,0.09340713954048267,0.04230218623168456,0.06602075307835163,0.008069203154020755,0.0176055341542271,0.013204150615670325,0.007091117923230359,0.3369503620072909,0.0007335639230927959,0.0005868511384742367,0.02420760946206226
65,0.0017802216475521122,0.008676114856176776,0.08885299324749811,0.001383148745187602,0.0017728284226243565,0.16523745803538242,0.005881287941722072,0.0495899505995202,0.07528459844281296,0.003742637781095864,0.09185056887772766,0.05146126949006812,0.07027842055613345,0.008888764730102677,0.023859315854486134,0.031063893583095668,0.007217944292113452,0.28911876858965546,0.000935659445273966,0.001603987620469656,0.02152016724130122
66,0.0018410588395934516,0.009776030368578357,0.14355789713237235,0.0012441575994818724,0.0022331033836854113,0.11636329548487398,0.002967546274319725,0.033546175274918634,0.09754195579937879,0.0020966359546824146,0.21443747425736445,0.06289907864047244,0.0487064660241607,0.00774142506344276,0.017418206392746213,0.03715884030452525,0.009676781329303451,0.17888221485883807,0.0006451187552868967,0.0004838390664651725,0.010782699195509561
67,0.0017310650528611928,0.011354112511469377,0.11165675763740351,0.0014563924909226545,0.0019216289810785024,0.09967186109751916,0.0019071806428749046,0.027638357498191286,0.13133539427070368,0.0013653679602399884,0.14563924909226544,0.04993345683163387,0.06371717147786612,0.014563924909226544,0.014563924909226544,0.025183453488870897,0.012288311642159894,0.19843347688821167,0.001213660409102212,0.0006826839801199943,0.08374256822805264
68,0.001224697028966397,0.008722192194326264,0.057443547033337955,0.001050595774775531,0.00210987415925995,0.23079678997682457,0.002182006609149179,0.018266040175074567,0.10508345465425252,0.0031313211728699266,0.08670996718403046,0.03904941697931908,0.1392516945111567,0.010959624105044741,0.011862181384283719,0.016546883452714607,0.009670256563274773,0.2372436276856744,0.0003223418854424924,0.003868102625309909,0.014505384844912157
69,0.0016952988211137755,0.012069960619213223,0.09015855293486956,0.0006575075823695919,0.0025495191969433155,0.11112504339743597,0.0027885366216567516,0.018993918017227704,0.12594624832899978,0.004907824454115883,0.08264364535322408,0.023200624692184174,0.052826037760665495,0.01534810556559876,0.012046478205557164,0.02052362953539369,0.011302868439782033,0.39143618070403036,0.0004461658594650802,0.0005948878126201069,0.018738966097533366
70,0.002058577831568593,0.009636074069984422,0.1327634603485502,0.0014426890556756338,0.002782328893088723,0.1210585845836054,0.0021640335835134508,0.027952100453715406,0.05987159581053881,0.002524705847432359,0.13272739312215834,0.041765848161809595,0.13936376277826623,0.0169515964041887,0.009197142729932167,0.04068383137005288,0.005564657786177446,0.20496489512420257,0.0007213445278378169,0.007574117542297077,0.038231259975404296
71,0.0015573893396994048,0.011240275582780537,0.1077619210163741,0.001061313574339793,0.0020261440964668776,0.09441469678089853,0.0018452383735680495,0.013277905756891787,0.06043549955139116,0.002236652574021878,0.08009701384525016,0.026243390201856703,0.09321870894617851,0.007654322142208206,0.009294534029824249,0.025915347824333492,0.01230158915712033,0.40458559894529084,0.0021869491834880586,0.003280423775232088,0.039365085302785055
72,0.0017255535301929266,0.009639114559937602,0.10355893326395042,0.0011465928105283342,0.0029326316115436237,0.13857848107246618,0.0022931856210566684,0.020817029471147757,0.07579456224596676,0.0031121804857197643,0.11376748664464471,0.03308132590376194,0.08662235685253343,0.01860824582086609,0.018154386166698625,0.02941010559005177,0.020877544091703417,0.30408596829220197,0.0009077193083349312,0.0018154386166698625,0.013071158040023009
73,0.0017207344542967305,0.014014835776783266,0.10106714601667045,0.0010353164941024032,0.002013115405199117,0.15268565295978398,0.004348329275230093,0.023274711184725176,0.14856791690369486,0.001409180783639382,0.08032330466744476,0.050989337334543354,0.08221060035981895,0.01340734859862612,0.008282531952819226,0.05556198518349563,0.008455084701836292,0.21258498678902676,0.001358852898509404,0.0022647548308490067,0.0344242734289049
74,0.0017150763238361938,0.016057546762373223,0.12083451345785869,0.0011485842116849062,0.0020627634822096277,0.09927049258133831,0.002229604646211876,0.019402869004534307,0.05908098406962074,0.0008204172940606473,0.2079265590067304,0.09340450892880468,0.1425885257077405,0.01985409851626766,0.00979812654049573,0.02098217229560105,0.013988114863734035,0.14913135362787414,0.001804918046933424,0.001203278697955616,0.01669549193413417
75,0.0016471276335476347,0.014418859472115445,0.07265950014961295,0.0015402119798540105,0.0018410346321692467,0.14381729361886822,0.004981623122340315,0.02066909469393373,0.06945393396654177,0.0025991077160036425,0.08710948890606147,0.03257548337391232,0.08515171945764315,0.008663692386678808,0.008230507767344868,0.024258338682700664,0.0076735561139155166,0.39390921384766314,0.002165923096669702,0.0017327384773357616,0.01490155090508755
76,0.0014862877033844253,0.00934151318033997,0.10966501984733991,0.0008938059122717313,0.0009024001998897284,0.17066727335988555,0.0025595351124145026,0.03284736727598611,0.07247276272003286,0.0014077443118279763,0.17111914190442293,0.039550911618024105,0.0550932033147492,0.009906348861011686,0.012122242685185353,0.026330032499004744,0.016162990246913804,0.24987461534946584,0.00039104008661888236,0.003128320692951059,0.014077443118279763
77,0.0016208294600145961,0.012303667996446496,0.12493727128868125,0.001616182837215661,0.0025589561589247968,0.1337765414193463,0.002193390993364112,0.03203434006357709,0.07800939078419229,0.0006397390397311992,0.1267292573943709,0.050935413068122146,0.11668840084697074,0.011373138484110208,0.013988960335455554,0.01724926003423382,0.0061414947814195115,0.23917710232083766,0.0007311303311213705,0.0017059707726165313,0.025589561589247967
78,0.0022076164432318353,0.01925672525501091,0.12079378296368615,0.00270578073838657,0.0032469368860638835,0.11609845756472122,0.004638481265805548,0.02241932611806015,0.08670391904544218,0.00253008069043939,0.11153439043686979,0.11886108243626718,0.10734770929435697,0.00898705745249825,0.020873165696124966,0.01518048414263634,0.006295081717878959,0.20032440966697712,0.002319240632902774,0.0037107850126444387,0.023965486539995334
79,0.0016083980116750514,0.010079751123899045,0.0974671886693814,0.0012199974636167466,0.0028240682028165434,0.08970569585417254,0.002464641340639892,0.045749904885628,0.12393625027217746,0.002329856267323648,0.09539702389114284,0.038972141198868306,0.09065258931041104,0.006777763686759704,0.016097188756054297,0.024004579723940617,0.009827757345801571,0.31601323189517116,0.0007261889664385398,0.005083322765069778,0.019062460369011668
80,0.002048262183129232,0.013811743251416101,0.13968458861787603,0.001844982400931279,0.0014037909572303209,0.11073311039663473,0.0038266301648945044,0.03207194406952207,0.08792050749053285,0.0032287192016297378,0.14690672367415308,0.05273574695995238,0.056747185968037815,0.012299882672875193,0.00882516581778795,0.09040413764563265,0.009470909658113896,0.2075605201047689,0.0007174931559177195,0.0016143596008148689,0.01614359600814869
81,0.0015025420078729188,0.011973036003105062,0.11099825221318323,0.001745676693845777,0.001745676693845777,0.0815724890944965,0.0028203960189685184,0.016165846358134842,0.13477732442644222,0.0014478032897371723,0.06659895132790992,0.043772546214391396,0.08581524953714877,0.008574003897664294,0.010153425668286664,0.04053849211264082,0.00884476191548527,0.3501051591546253,0.0007897108853111849,0.0018953061247468437,0.018163350362157254
82,0.0015094122040714096,0.008113682060794202,0.09288585372194921,0.0014977529258688286,0.001784088044049634,0.10881412207126653,0.003892555732471929,0.020880437848877196,0.09145103159128495,0.0022655086273646145,0.12143126242674333,0.06533726881319549,0.07476178470303228,0.009832307442762428,0.005638599250329708,0.013479776332819457,0.003748387001639635,0.3409590484183745,0.0015858560391552301,0.0031717120783104603,0.026959552665638913
83,0.0015301253933902054,0.009391539631458386,0.10175062366425772,0.0016099782225357235,0.0018940920265126159,0.13081073058102755,0.0037029499118321637,0.02104471533743124,0.08836991577029416,0.0007155458766825438,0.06613295160262125,0.04803101697231575,0.07428899512557696,0.012879825780285788,0.011269847557750063,0.027369629783107297,0.00664116016795986,0.3611717812555139,0.000965986933521434,0.0006439912890142894,0.029784597116910883
84,0.0014271546926665725,0.009604742635443302,0.10206805949059392,0.0008490489574706733,0.0009388522125877636,0.08306080751364685,0.0018359776601716267,0.01837261560633285,0.2483577053032164,0.0015021635401404217,0.08862764886828488,0.06068740702167302,0.0841211582478636,0.019152585136790377,0.00617556122057729,0.030043270802808435,0.005633113275526582,0.20068904896276032,0.00030043270802808435,0.0020028847201872288,0.0345497614232297
85,0.001556472864163593,0.00868949004350168,0.09430591287642433,0.0011173686359765916,0.002011263544757865,0.09476162400639125,0.0025128379102406905,0.0428821252073683,0.07538513730722071,0.001042877393578152,0.12004263712508516,0.04301869248509877,0.10685023809632153,0.011799412795912807,0.010816128396253408,0.040560481485950275,0.007920902108367394,0.27040320990633515,0.004097018331914169,0.0012291054995742508,0.058997063979564036
86,0.0013924233432736045,0.011327016556253773,0.07202331628578916,0.0009391793484699485,0.002054454824778012,0.14660002642523098,0.0019189962649025388,0.014858110786340981,0.0671032971989182,0.0008152598511023858,0.1810855181268619,0.0226409307220434,0.12987089428061005,0.016142145051827237,0.019077080515795826,0.035586092500619136,0.008071072525913619,0.24690144590635754,0.0014674677319842944,0.001048191237131639,0.019077080515795826
87,0.0019338157724767442,0.01178006459858666,0.08577726050201451,0.0013845211725746296,0.0018098315981367706,0.08910188778684064,0.004653852680923124,0.030371236506232677,0.08755060355986627,0.0029086579255769526,0.22966762980355618,0.04569824785295345,0.10703861166123187,0.011343765909750116,0.01995339336945789,0.026129443698099622,0.016288484383230935,0.2030243232052713,0.0005090151369759667,0.0027147473972051555,0.020360605479038667
88,0.0013928441698574357,0.008310026476635436,0.07946351761264506,0.0006443676267948461,0.002662676143780356,0.07486035664234242,0.0023656853431279316,0.01589998040143127,0.05835357179715564,0.0010460513421994256,0.09405163845641948,0.040586792077337716,0.06205699587598092,0.009763145860527973,0.009763145860527973,0.01757366254895035,0.01366840420473916,0.47741783257981785,0.0005857887516316784,0.002196707818618794,0.02733680840947832
89,0.0019023890407483149,0.013567977953863258,0.1000799501632111,0.0011304689755427383,0.0017143375673065702,0.1516712542186507,0.003272826264857997,0.02981908374648398,0.0753356119855276,0.004666807822112329,0.12155923231883067,0.05514452508169467,0.13520408947491147,0.010889218251595436,0.016400496060566185,0.02500075618988748,0.01280038716922239,0.21167306907438066,0.0020000604951909986,0.0015000453713932488,0.02466741277402231
90,0.001643522668989999,0.01303227995334245,0.10363017794224116,0.0014223749913640942,0.00181352811398922,0.14209895611777007,0.003140308422492157,0.02346072083970182,0.06177952915787454,0.004317924080926715,0.15947532938889333,0.06425071032418951,0.04238208559432683,0.005495539739361273,0.009129325199673625,0.021466251145178528,0.02590754448556029,0.272029217098383,0.0020726035588448234,0.0034543392647413723,0.037997731912155094
