,0,1,2,3,4,5,6,7,8,9,10,11,12,13,14,15,16,17,18,19,20
0,0.016137265560179092,0.10300903592938988,0.03886454456025889,0.031577442455210346,0.010024584906415985,0.03714993230024746,0.01799284470382356,0.02698926705573534,0.013880194485806746,0.0364355105252427,0.030587835996500053,0.020241950291801505,0.026314535379341954,0.02159141364458827,0.022670984326817682,0.04048390058360301,0.05262907075868391,0.032387120466882406,0.3562583251357065,0.048580680700323606,0.016193560233441203
1,0.011394241582115962,0.09410300790289061,0.02029672719474111,0.03050659602603513,0.006101319205207025,0.02815993479326319,0.010724975165402974,0.02124566508956018,0.008319980734373216,0.030506596026035122,0.03431992052928951,0.01239330463557677,0.050335883442957946,0.0038133245032543903,0.003431992052928951,0.0419465695357983,0.025167941721478973,0.028599933774407928,0.5033588344295795,0.02669327152278073,0.008579980132322378
2,0.020131157719459607,0.14559667915438348,0.049390619504525564,0.03292707966968371,0.008265785495592088,0.05906151003688021,0.014694729769941491,0.03838998152397214,0.03752404209110059,0.040410506867339095,0.06566707365942603,0.010102626716834774,0.03592045054874587,0.026940337911559396,0.01616420274693564,0.040410506867339095,0.031751112538623574,0.040410506867339095,0.22225778777036503,0.05388067582311879,0.010102626716834774
3,0.020023192764702703,0.16598647444126394,0.043922057545293956,0.040199849278743614,0.010049962319685904,0.06029977391811542,0.009458788065586733,0.03517486811890066,0.011823485081983416,0.058066448958185225,0.05168552050124179,0.026799899519162406,0.12059954783623082,0.028139894495120527,0.008039969855748723,0.043071267084368155,0.04823981913449234,0.04421983420661797,0.08039969855748723,0.07369972367769662,0.020099924639371807
4,0.021989961874634523,0.17357040208270005,0.04596673783969811,0.03350464446982441,0.014709356108703397,0.0706049093217763,0.012978843625326525,0.02620104056862792,0.016548025622291317,0.037233057650155464,0.03903636813463593,0.07170811102992905,0.041370064055728295,0.007354678054351698,0.014709356108703393,0.07354678054351697,0.04854087515872119,0.04412806832611019,0.1412098186435526,0.04854087515872119,0.01654802562229132
5,0.01892975919074532,0.16305689586867547,0.042756460476842534,0.04645146323410054,0.010001511222653225,0.08234577573317824,0.015202297058432904,0.023388149320666,0.025789611081270106,0.017736013234838387,0.05067432352810968,0.017541111990499503,0.10926651010748649,0.01055715073502285,0.00271469590329159,0.05320803970451516,0.01900287132304113,0.03800574264608226,0.17736013234838385,0.05700861396912338,0.01900287132304113
6,0.02366589549167526,0.14713961330095912,0.0671220591316426,0.0463142208008334,0.01929759200034725,0.04057442420585832,0.014250529477179507,0.025577873420578604,0.019432540196153873,0.0950035298478634,0.039584804103276416,0.04071579850622717,0.04102425152521374,0.005937720615491462,0.003958480410327641,0.03562632369294877,0.03166784328262113,0.07916960820655283,0.12893336193638602,0.05937720615491462,0.03562632369294877
7,0.01875283955936031,0.12075662284592281,0.047396538837072164,0.03881462877190376,0.020266845792322706,0.03169551823160243,0.016309985423345417,0.044481778427305683,0.012546142633342628,0.05081187766503764,0.02509228526668526,0.021955749608349596,0.10036914106674102,0.015682678291678288,0.004704803487503486,0.04516611348003346,0.03450189224169223,0.02718330903890903,0.0725883966643395,0.24464978135018126,0.006273071316671314
8,0.018867567614490155,0.14296971968129302,0.06313477649743708,0.03560801394455451,0.026516606128923575,0.03788086589846225,0.023149418049060264,0.030596083994911812,0.018940432949231124,0.03960272343930144,0.03409277930861602,0.021307987067885014,0.03409277930861602,0.018940432949231124,0.012626955299487416,0.02435198522044002,0.04419434354820595,0.13258303064461785,0.12311281417000232,0.04166895248830847,0.0757617317969245
9,0.01783073529728302,0.13535559933054972,0.05627903740925581,0.05755810644128435,0.01591730350968851,0.06963820285488723,0.01928442540596877,0.03780359583551021,0.019399213652432874,0.1289301584284769,0.04924415773309883,0.05819764095729861,0.03223253960711923,0.020891460856466166,0.02984494408066596,0.04476741612099893,0.02558138064057082,0.0281395187046279,0.08505809062989797,0.03223253960711923,0.03581393289679915
10,0.025430977894298254,0.1468645101229488,0.05542826266037066,0.06262673833054866,0.01477160884599686,0.03508257100924254,0.03644942442518705,0.019135947823223202,0.025514597097630938,0.09841344594800505,0.02976702994723609,0.047384251752743176,0.03572043593668331,0.010205838839052376,0.010205838839052376,0.02806605680739403,0.06378649274407734,0.06378649274407734,0.13267590490768089,0.04592627477573568,0.012757298548815469
11,0.016557765579013117,0.13907808671776192,0.046977701212478046,0.03139877123774175,0.009234932716982867,0.056992727624808545,0.006124218538630742,0.01800811879811659,0.033245757781138315,0.0692619953773715,0.033245757781138315,0.024934318335853734,0.033245757781138315,0.007387946173586293,0.033245757781138315,0.033245757781138315,0.03657033355925214,0.03878671741132803,0.24103174391325277,0.058180076116992045,0.033245757781138315
12,0.016186816589510857,0.10560052605052458,0.06408237050929269,0.022011027762392218,0.011733391783391622,0.026507014636164065,0.012764898753360114,0.01760008767508743,0.01374681404208012,0.13809299560453214,0.02599397564320605,0.014621611299303401,0.041776032283724014,0.010830823184669186,0.0032492469554007562,0.048738704331011344,0.05686182171951323,0.04873870433101134,0.2518166390435586,0.044677145636760396,0.024369352165505672
13,0.019258689591063388,0.1229446881496376,0.07056925950847143,0.03759397386296042,0.02677021435516302,0.047690641129012654,0.010410638915896732,0.04042572773835225,0.023477053065440595,0.02900106555142661,0.12889362467300716,0.03222340616825179,0.04833510925237769,0.011600426220570644,0.008592908311533812,0.061868939843043445,0.02577872493460143,0.03544574678507697,0.16756171207490933,0.03866808740190215,0.012889362467300715
14,0.02018564361889655,0.1125984937959772,0.04668218434801383,0.057658256720115764,0.017141643889764146,0.04051661283035162,0.00834165558271945,0.03499162017166731,0.05571034264173348,0.03714022842782232,0.04861993539642195,0.05267159667945711,0.10129153207587906,0.011254614675097674,0.01620664513214065,0.047269381635410224,0.03646495154731646,0.060774919245527435,0.14585980618926583,0.04051661283035162,0.008103322566070326
15,0.020411378294422335,0.17616753271652855,0.09429767569408364,0.040998989432210274,0.013264378933950383,0.05834471573045308,0.020499494716105137,0.03279919154576822,0.017570995470947263,0.04441557188489447,0.03168103728852613,0.054665319242947034,0.028186805234644566,0.025624368395131422,0.012299696829663082,0.032213491696736644,0.02733265962147352,0.04783215433757865,0.151696260899178,0.04919878731865233,0.020499494716105137
16,0.015262513020808872,0.11533958670939969,0.037275111225615894,0.04084943695957905,0.0173610107078211,0.02680744300472375,0.008248444001453463,0.0240719896368948,0.012765449049868455,0.06127415543936858,0.03446671243464483,0.015318538859842145,0.011140755534430651,0.0030637077719684294,0.0034041197466315883,0.038296347149605364,0.021883626942631636,0.02553089809973691,0.4442376269354222,0.03574325733963167,0.0076592694299210725
17,0.012941950379897631,0.08422135183157799,0.028968035279244873,0.030072080180994686,0.007904321470498602,0.032897033167694184,0.008468915861248504,0.02597134197449541,0.010624639898657211,0.05453981814644035,0.02272492422768348,0.01623208873405963,0.012985670987247705,0.010821392489373088,0.005194268394899082,0.01731422798299694,0.03462845596599388,0.02077707357959633,0.4934554975154128,0.03029989897024464,0.038957012961743115
18,0.012880972194628767,0.08565829991374957,0.03814218637668849,0.019086485515372772,0.013647863298626765,0.030707692421910224,0.005656680182983462,0.01645579689595189,0.005541237730269514,0.031605578165240934,0.036941584868463426,0.0193943320559433,0.04525344146386769,0.00517182188158488,0.005541237730269514,0.06895762508779839,0.018470792434231713,0.0711125508717921,0.41374575052679036,0.030168960975911794,0.025859109407924397
19,0.017326561073021586,0.11884114233178736,0.0392708731544852,0.04782631337742662,0.01062806963942814,0.06260899205772212,0.01739138668270059,0.022742582585070004,0.00811598045192694,0.032298289553586816,0.0413045433714139,0.02318851557693412,0.060869853389452055,0.00579712889423353,0.0019323762980778434,0.03478277336540118,0.02898564447116765,0.060869853389452055,0.26956649358185913,0.08695693341350295,0.008695693341350294
