,0,1,2,3,4,5,6,7,8,9,10,11,12,13,14,15,16,17,18,19,20
0,0.0018930800652418329,0.011299207172169898,0.1038530070971498,0.0015951821890122211,0.003418247547883331,0.18902908939794819,0.0031333935855597196,0.029245006798557384,0.053438603331909404,0.0009969888681326381,0.07975910945061104,0.07045388001470643,0.10767479775832492,0.00996988868132638,0.005732685991762668,0.0305743252894009,0.013957844153856931,0.2426006245789419,0.0014954833021989572,0.0039879554725305525,0.03589159925277497
1,0.0017703580477103063,0.006966428307605852,0.106984434723947,0.0014353904479957112,0.003732015164788849,0.06574088251820356,0.0029322976294769527,0.016794068241549824,0.0611117483234174,0.002488010109859233,0.20277282395352747,0.02456909983485992,0.052248212307043886,0.013995056867958183,0.011818048021831354,0.01679406824154982,0.009330037911972122,0.34614440653416567,0.0007464030329577698,0.0012440050549296165,0.05038220472464946
2,0.0018904827560377805,0.011159424904897988,0.15693481942324075,0.0021886313960768917,0.0022739027491707974,0.10722083101992856,0.0016580540879370395,0.017183469638620226,0.10346257508727125,0.0008527135309390489,0.10505430701169081,0.059026725530558606,0.09351425055964903,0.010611546162797053,0.009285102892447421,0.025202422136642998,0.027855308677342257,0.2181999179725144,0.0006632216351748158,0.0019896649055244475,0.043772627921537834
3,0.001996929214381551,0.014189889918279037,0.0980528901231345,0.002335784348687907,0.0027028361749102925,0.12692068204682913,0.0054657353759297025,0.06376691271917988,0.08899338368500925,0.0010511029569095583,0.05255514784547791,0.05045294193165879,0.06411728037148305,0.026277573922738957,0.012613235482914698,0.019970956181281606,0.009109558959882838,0.3374040491679682,0.006306617741457349,0.0003003151305455881,0.015416176701340187
4,0.001567940613901786,0.009661927043853913,0.06598389200680721,0.0013958131001439989,0.0016495973001701804,0.13141791824689103,0.002827881086006024,0.02050213787354367,0.05867853253462499,0.0006598389200680722,0.11340981438669988,0.019559510844875,0.3117738897321641,0.004123993250425451,0.022269563552297436,0.036291140603743964,0.0038490603670637545,0.17870637418510288,0.0016495973001701804,0.0016495973001701804,0.012371979751276354
5,0.0011676817138394301,0.006945404427510357,0.060360461875622856,0.0006708629276572504,0.0018448730510574384,0.1494347171356525,0.004304703785800689,0.012650558064393861,0.07717718930256949,0.0036897461021148767,0.04568257078808895,0.032285278393505173,0.0531938396388228,0.009019379360725254,0.009019379360725254,0.02644318039848995,0.02090856124531763,0.4722875010707042,0.0006149576836858128,0.0006149576836858128,0.011684195990030443
6,0.0013850493456947744,0.012069628159635555,0.05114562737378133,0.002427798767742785,0.0006723135049133865,0.08794701036148236,0.0035376496329966286,0.011815287336348217,0.3699965322040003,0.005098377412259847,0.06904659695460479,0.03823783059194886,0.034544108181025907,0.013110113345811036,0.005202425930877395,0.01845127063484516,0.011653434085165365,0.24180875726718135,0.0007283396303228353,0.0058267170425826825,0.015295132236779542
7,0.002118502887417509,0.015135205236388857,0.0797191597987886,0.0006942754695591219,0.0009719856573827706,0.06415105338726286,0.00222168150258919,0.02443849652848109,0.05282664906156519,0.0014811210017261268,0.16218274968901086,0.06590988457681264,0.0724268169844076,0.009997566761651356,0.009997566761651356,0.04554447080307839,0.005831913944296624,0.3388064291448515,0.001110840751294595,0.00222168150258919,0.04221194854919461
8,0.0012464954226897424,0.01092914603076409,0.05008281168597644,0.0014572194707685453,0.0020609246800869425,0.11357568555170043,0.00612032177722789,0.030820191806754733,0.08655883656365158,0.0018360965331683668,0.05377139847135932,0.06885361999381376,0.07256952964427356,0.005245990094766763,0.009180482665841833,0.008524733903995989,0.0043716584123056354,0.46295862586316683,0.0013114975236916907,0.0006557487618458454,0.007868985142150144
9,0.0017155625672696715,0.011270145430123647,0.11198016499370857,0.0022039395507797354,0.0028050139737196634,0.13283744746972406,0.00432773584516748,0.013008967867914153,0.11450467757005625,0.0018032232688197836,0.2524512576347697,0.042375746817264914,0.08024343546248038,0.0030053721146996396,0.007212893075279134,0.009531322992333143,0.018933844322607727,0.14200383241955794,0.0018032232688197836,0.0009016116344098918,0.04508058172049459
10,0.0024027630850983416,0.014226062120571295,0.1218368641569848,0.0029471437103364214,0.002526123180288361,0.11519121702114928,0.020208985442306888,0.029230853943336754,0.12782183292259108,0.002526123180288361,0.14297857200432124,0.04252307353485407,0.06652124374759351,0.021472047032451064,0.010946533781249565,0.01371324012156539,0.015998780141826287,0.21472047032451066,0.005052246360576722,0.0018945923852162708,0.025261231802883612
11,0.0020045103788198138,0.016861660988614996,0.11707357800049732,0.0013638108152556247,0.007025692078589583,0.16299605622327829,0.0018735178876238888,0.03583102960080687,0.08606472796272237,0.00772826128644854,0.1449048991209101,0.028454052918287807,0.05901581346015249,0.008079545890378018,0.007166205920161373,0.03372332197722999,0.008430830494307498,0.23746839225632788,0.0008430830494307499,0.0025292491482922495,0.03056176054186468
12,0.001518097062169343,0.01135857310200136,0.08505618998647113,0.0007986496712344707,0.0014520903113354013,0.11553798577192008,0.0017747770471877127,0.02907084803293473,0.04137005296994559,0.0015972993424689414,0.21723271057577598,0.035460045402810496,0.1381663931235634,0.006069737501381977,0.006655413926953922,0.008186159130153322,0.0063891973698757655,0.27074223854848556,0.0015972993424689414,0.0031945986849378828,0.016771643095923883
13,0.001543446652912872,0.01462292807387008,0.0731146403693504,0.0013926598165590555,0.0017724761301660707,0.0719773015191605,0.00365573201846752,0.04657673386491952,0.06986510079737927,0.0008123848929927822,0.15651948938327603,0.08530041376424213,0.13566827712979462,0.020309622324819556,0.0013926598165590555,0.01462292807387008,0.0227467770037979,0.26402509022265425,0.0005415899286618549,0.004874309357956693,0.008665438858589678
14,0.002102093493013087,0.012134985687820659,0.10363580464116678,0.0010223614315746342,0.0017720931480626994,0.08195930809789986,0.003544186296125399,0.0343343047437148,0.153950592237947,0.0016613373263087805,0.09366778068331412,0.028519624101634066,0.04568677647349147,0.014767442900522496,0.006645349305235122,0.11740117105915383,0.03322674652617561,0.23184885353820317,0.006645349305235122,0.003322674652617561,0.02215116435078374
15,0.0015985285309821626,0.011019934436224512,0.06931622882022136,0.001223587446076282,0.0028040545639248125,0.1581486774053594,0.003364865476709775,0.01598311101437143,0.09791758537225444,0.0008412163691774437,0.12407941445367295,0.03827534479757369,0.22544598693955492,0.017665543752726318,0.012337840081269173,0.01850676012190376,0.010935812799306766,0.14763347279064137,0.0008412163691774437,0.0016824327383548874,0.040378385720517294
16,0.0011649003421445971,0.008036713848789958,0.07956346710302056,0.0006129697003314374,0.0015762078008522676,0.07618337704119293,0.0008581575804640124,0.014711272807954498,0.11156048546032162,0.0016345858675505,0.08581575804640124,0.02476397589339007,0.10849563695866442,0.007764282870864873,0.010420484905634434,0.009562327325170423,0.008581575804640123,0.40701188102007446,0.0012259394006628747,0.006129697003314374,0.03432630321856049
17,0.0018711455855006077,0.017435282101825607,0.06922556899031297,0.001968499592141601,0.0017716496329274404,0.09886242396088928,0.005249332245710936,0.025590494697840815,0.10826747756778803,0.0008947725418825458,0.11456667626264115,0.08267698286994724,0.16535396573989447,0.018700746125345207,0.009186331429994138,0.04035424163890281,0.007381873470531003,0.20734862370558194,0.000656166530713867,0.002952749388212401,0.019684995921416006
18,0.0019809742461335015,0.009281906451700152,0.11914937057386524,0.00327437516226157,0.0018232316244411013,0.09300849117928113,0.0054176025411964155,0.019274162886948786,0.1812813158015724,0.004167386570151089,0.07061405021644902,0.09272435118586174,0.08230588476048402,0.006251079855226634,0.017711392923142125,0.010158004764743277,0.0037506479131359798,0.2340682123568195,0.006251079855226634,0.004167386570151089,0.03333909256120871
19,0.0014123438905624495,0.007126153849235144,0.09917230773518908,0.0005938461541029286,0.0017320512828002087,0.06487769233574496,0.003154807693671808,0.01762980769993069,0.0378576923240617,0.0011876923082058573,0.08788923080723345,0.017603296710908243,0.10466538466064117,0.006680769233657947,0.0050476923098748926,0.013361538467315894,0.014846153852573216,0.49140769252017336,0.0007423076926286608,0.005938461541029286,0.017073076930459195
20,0.0017051508088605592,0.010961925522792477,0.09054301661322915,0.0023960492945994485,0.003080634807342148,0.06533512987238138,0.0053911109128487586,0.02839318414100346,0.1593372780908633,0.0017970369709495863,0.130285180393845,0.08535925612010534,0.0946439471366782,0.010782221825697517,0.011980246472997242,0.07188147883798345,0.007188147883798345,0.19827307912810432,0.0017970369709495863,0.0008985184854747931,0.01797036970949586
21,0.0015689139955134166,0.009751841310665702,0.06802204228745093,0.0006352005816500613,0.002752535853816932,0.08551211385857936,0.0008257607561450796,0.03303043024580318,0.3765469048021563,0.0016515215122901593,0.08257607561450796,0.022649437882836472,0.09633875488359263,0.006606086049160637,0.015689454366756513,0.012936918512939582,0.011560650586031113,0.13666340514201067,0.0016515215122901593,0.006606086049160637,0.02642434419664255
22,0.0015225290776966257,0.009894724860040432,0.05246560062692866,0.0007476014338697214,0.0018022534566502213,0.06314562111078183,0.0032040061451559486,0.025365048649151258,0.12709224375785266,0.002803505377011455,0.4325408295960531,0.030438058378981513,0.0955861833304858,0.005206509985878416,0.016020030725779743,0.02349604506447696,0.009078017411275187,0.0881101689917886,0.0016020030725779743,0.0002670005120963291,0.009612018435467846
23,0.001708571823658734,0.010868730813790977,0.1495573289666279,0.0011976562880210444,0.0010479492520184138,0.10464521816583873,0.0020958985040368276,0.017291162658303827,0.13952695755445169,0.0020958985040368276,0.24252539832426148,0.039522657504694456,0.10599258148986242,0.015270117672268312,0.007635058836134156,0.015809063001877784,0.009880664376173614,0.1164121911956455,0.0011976562880210444,0.001347363324023675,0.014371875456252532
24,0.0015611441661093752,0.010615117693529231,0.1738117645103079,0.0007568001357488007,0.0019676803529468817,0.09489958368900064,0.0018739812885208399,0.011970055480426864,0.0463224749756245,0.001913022565365024,0.09051329623555655,0.07460788004923592,0.12625948931409156,0.016397336274557348,0.0054657787581857825,0.014757602647101612,0.006558934509822939,0.27629511622629127,0.0016397336274557347,0.0008198668137278674,0.04099334068639337
25,0.0017091666394766013,0.00975514545607064,0.09657278301009736,0.00134961963833987,0.0027992111017419523,0.08717543145424937,0.0015995492009954016,0.01722371728928977,0.08007743187483228,0.0025192899915677572,0.10365078822450201,0.02467875910107191,0.14575892094070594,0.017994928511198265,0.02159391421343792,0.08457616400263185,0.006298224978919392,0.22673609924109814,0.00134961963833987,0.008997464255599132,0.05758377123583445
26,0.0019497473795315752,0.01494565089891024,0.09724871729446,0.0020490005264635004,0.0014901822010643642,0.07530076934753364,0.005327401368805101,0.06351901632036852,0.06992214296556695,0.0020490005264635004,0.10613822727080933,0.03278400842341601,0.09015602316439401,0.016392004211708004,0.04302901105573351,0.009220502369085752,0.006147001579390502,0.33603608634001403,0.0010245002632317502,0.004098001052927001,0.021173005440122836
27,0.0018468663051133783,0.014514756706384828,0.07062984290160475,0.0014137750038686523,0.0017009480515294717,0.11250556397973507,0.0034990931345749137,0.03936479776396778,0.12878606675866003,0.0012149628939496229,0.25465622257184095,0.03615729572394078,0.08699134320679298,0.009719703151596983,0.013607584412235776,0.019925391460773812,0.006155811996011422,0.1662069238923084,0.00583182189095819,0.002915910945479095,0.022355317248673057
28,0.0019510211511544985,0.017442318291222034,0.0707952918879012,0.0015960291246869835,0.0018240332853565527,0.08581247501563781,0.0020520374460261215,0.016758305809213326,0.0597370900954271,0.0017588892394509615,0.08823761017912322,0.10054983485527995,0.08721159145611015,0.011286205953143667,0.005472099856069658,0.030780561690391825,0.010260187230130608,0.39296517091400224,0.0020520374460261215,0.0005130093615065304,0.010944199712139316
29,0.0022850453897899775,0.011567786941098753,0.18516643860669157,0.0021340990583159124,0.0024008614406054014,0.1728620237235889,0.005101830561286477,0.04921765953241072,0.06512336657642151,0.0008002871468684673,0.1578566397198051,0.04177498906653398,0.07202584321816204,0.01680603008423781,0.028810337287264818,0.018406604377974742,0.012004307203027007,0.08963216044926832,0.0012004307203027007,0.0072025843218162045,0.057620674574529636
30,0.0018551435154515981,0.02251041071933907,0.12273067409587474,0.0017399351280648556,0.0030759567442575123,0.07764460508989418,0.002446783773841203,0.026751502593997153,0.11118185468334428,0.0023489124228875547,0.09591392393457517,0.060680237591261836,0.12527532922066958,0.009787135095364812,0.010276491850133053,0.047956961967287576,0.005089310249589702,0.242068474692023,0.0013049513460486417,0.0039148540381459245,0.025446551247948507
31,0.0018013225105137844,0.009858009367706366,0.07734745811584996,0.0018957710322512248,0.001354122165893732,0.15829688119297727,0.0026540794451517143,0.03298641596117131,0.05266030645142292,0.001354122165893732,0.12843848743502048,0.038294574851474736,0.17725459151548947,0.008530969645130511,0.012638473548341498,0.024013099741848846,0.005213370338690867,0.21990943974114208,0.0018957710322512248,0.0018957710322512248,0.04170696270952694
32,0.0012530752970406505,0.008176016401659278,0.09904994780504792,0.0011721887314206853,0.001758283097131028,0.036841525519573565,0.0024176392585551635,0.014652359142758567,0.05340784907535497,0.001318712322848271,0.09263954068009103,0.08703501330798588,0.03903388475630882,0.021099397165572336,0.004747364362253775,0.030989739586934368,0.014505835551330979,0.4694615869339845,0.000879141548565514,0.001758283097131028,0.017802616358451658
33,0.0020587873895221926,0.0128858985950651,0.14299926405497024,0.002407395017760442,0.001857133299415198,0.12512435604809896,0.0021666555159843975,0.023291546796832274,0.10544390177790734,0.0014444370106562652,0.13563263530062328,0.02843735364729522,0.12277714590578252,0.006066635444756313,0.00866662206393759,0.024699872882222133,0.0048749749109648945,0.21955442561975227,0.0021666555159843975,0.0014444370106562652,0.02599986619181277
34,0.0019246705881173264,0.010572124517151124,0.09393458492113976,0.0024766180581844758,0.0022514709619858874,0.11803336518211013,0.0028947483796961412,0.03596724861772455,0.05831309791543449,0.003039485798680948,0.08800035074276269,0.0580879508192359,0.045447549561229414,0.01823691479208569,0.01621059092629839,0.04863177277889517,0.00540353030876613,0.3556198384456709,0.0025329048322341235,0.004052647731574597,0.02836853412102218
35,0.0019053045930232232,0.011830274797936934,0.13314071975983263,0.0025780259850225764,0.0022915786533534016,0.10752516712531661,0.004344451196982489,0.03288415367562131,0.10827709137094821,0.0025064141521052826,0.10587093378492714,0.08822577815410594,0.06576830735124262,0.008020525286736904,0.018046181895158036,0.02606670718189494,0.015038484912631697,0.24061575860210715,0.0006683771072280754,0.0013367542144561509,0.0230590101993686
36,0.0016679866015910166,0.016949082950161745,0.16809744128064727,0.0025405858090913305,0.0009771483881120503,0.08266675363427946,0.006449179361539531,0.02374470583112282,0.1226809801274679,0.001539008711276479,0.10447670565694041,0.02884542041706772,0.05540431360595325,0.008090788653567776,0.009966913558742912,0.017236897566296566,0.007739015233847437,0.3034045745087916,0.0005862890328672302,0.005276601295805071,0.03165960777483043
37,0.0015398666276478614,0.007983415549752177,0.1306684039463667,0.002778331512480887,0.0010804622548536782,0.05560224988439313,0.0028812326796098086,0.011020714999507514,0.058808017014178766,0.0048620801468415515,0.07374154889376353,0.16206933822805172,0.10696576323051413,0.010804622548536782,0.005510357499753757,0.03241386764561034,0.008913813602542843,0.2738971816054074,0.0008103466911402586,0.0006482773529122069,0.047000108086134994
38,0.0022067850653037227,0.009631889921967802,0.08162564024097026,0.0011587235996352247,0.005214256198358511,0.11664484236327928,0.004634894398540899,0.025781600091883745,0.10752955004614882,0.0008690426997264184,0.2077977655345836,0.0304578774761259,0.08400746097355379,0.0052970221697610275,0.008342809917373616,0.022015748393069266,0.03939660238759763,0.19176875573962962,0.0023174471992704494,0.004634894398540899,0.048666391184679435
39,0.0018306245510462226,0.012059753151626973,0.08080034611590071,0.002104975095556708,0.0010290989356055015,0.24505418404106005,0.00434151113458571,0.0266922536422677,0.050940397312472324,0.002251153921637035,0.14375225756739352,0.02425733205355825,0.10290989356055016,0.011094972899496812,0.003859121008520631,0.04437989159798725,0.010934176190808453,0.21675396331190877,0.0009647802521301577,0.0057886815127809466,0.008200632143106339
40,0.002065536730108598,0.01679650543690316,0.18418458061153728,0.004359398357669522,0.0029062655717796812,0.13105441312743998,0.003814473562960831,0.025339002953954096,0.06272689859091146,0.0032695487682521413,0.12947413122278478,0.07338320568743695,0.051690009098081476,0.05231278029203426,0.013804761465953485,0.022668871459881508,0.008718796715339044,0.1918135277374589,0.002179699178834761,0.004359398357669522,0.013078195073008565
41,0.0021284109843557534,0.01025375625601586,0.09843606005775225,0.0015660282281915131,0.002876378378310942,0.1553244324287909,0.0019575352852393914,0.03534749429346558,0.0536923963951376,0.0011185915915653665,0.1543656396360206,0.059844650148747104,0.11185915915653666,0.008501296095896786,0.009843606005775225,0.06264112912766052,0.014541690690349763,0.190719866361895,0.001491455455420489,0.005592957957826833,0.017897465465045864
42,0.0014856598641320763,0.009541321732629846,0.08420346774971148,0.001042767402473207,0.0019117402378675463,0.14984567573539986,0.0017205662140807917,0.01809946277149924,0.052734237210787904,0.0020855348049464146,0.23071228779719707,0.056309439733553186,0.04880151443574609,0.004692453311129432,0.011731133277823581,0.019291196945754333,0.004692453311129432,0.2870217275307503,0.0015641511037098107,0.0015641511037098107,0.010949057725968674
43,0.0016095859529669544,0.009574050326761363,0.13127495928809332,0.0009410391346816726,0.0005081611327281032,0.112037430691958,0.003105429144449519,0.019267776282607244,0.14002662324063286,0.002964273274247268,0.07735341687083348,0.027343908570607454,0.08638739256377753,0.006352014159101289,0.005807555802606894,0.01651523681366335,0.022020315751551132,0.3099782909641429,0.0006775481769708043,0.008469352212135052,0.01778563964548361
44,0.0019371196392083776,0.01161984652967504,0.12481860127192222,0.0008160502906336669,0.0018134450902970375,0.11297196210959826,0.0036722263078515006,0.03128192780762389,0.09316574151401032,0.00029144653236916676,0.07723333107782919,0.048963017438020014,0.05304326889118836,0.004335267168991354,0.02040125726584167,0.022441382992425835,0.012240754359505003,0.3437611849294321,0.0010200628632920836,0.0005100314316460418,0.03366207448863876
45,0.0019920483822618274,0.017058129731064353,0.22546093599460054,0.0013982073550052748,0.002396926894294757,0.08703840784907835,0.0044567859440793126,0.04194622065015824,0.08319333762281385,0.0033556976520126595,0.11744941782044307,0.030061458132613406,0.10346734427039034,0.025167732390094944,0.012583866195047472,0.03145966548761868,0.007550319717028482,0.18141740431193437,0.001572983274380934,0.002097311032507912,0.01887579929257121
46,0.00141088628959954,0.005625308627386945,0.0758820041054939,0.000943750125090537,0.0008898215465139349,0.11172203861786072,0.002966071821713116,0.021504020707420093,0.034783933181908366,0.0012358632590471319,0.06500640742587913,0.049434530361885276,0.03686403549843445,0.006673661598854512,0.007415179554282791,0.020762502751991815,0.006920834250663939,0.5294438201757913,0.001483035910856558,0.0019773812144754112,0.017054912974850418
47,0.0018708061835713604,0.01623503791320355,0.10593772214070193,0.0009839416917093058,0.0030923881739435325,0.13873577853101213,0.0032798056390310197,0.021154746371750077,0.07393618997701355,0.0013119222556124078,0.1109886228248097,0.05214890966059321,0.14070366191443073,0.0170549893229613,0.012791241992220974,0.010823358608802364,0.009839416917093058,0.22893043360436516,0.0009839416917093058,0.0019678833834186117,0.04722920120204668
48,0.001265327776995879,0.0077675828939414195,0.09543030412556601,0.001997378458442079,0.0013315856389613861,0.1235711472956166,0.001997378458442079,0.022636955862343558,0.04024347708861078,0.0011413591191097596,0.05668750291578472,0.06458190348962722,0.07412493390218382,0.012650063570133168,0.004993446146105198,0.024634334320785642,0.005770204435499339,0.4407548464962187,0.0004438618796537954,0.006657928194806931,0.011318477931171779
49,0.0019075383278011767,0.00929650724661803,0.15589878083666803,0.001336752675984292,0.0036760698589568025,0.18206571446906056,0.0026066677181693686,0.029074370702658347,0.10065747650161717,0.0020051290139764377,0.13634877295039774,0.04210770929350519,0.10961371943071192,0.015038467604823283,0.02506411267470547,0.023393171829725105,0.006516669295423422,0.11596329464163732,0.0020051290139764377,0.001336752675984292,0.034087193237599435
50,0.001383547343818745,0.014081052143140527,0.07585840027246264,0.0007283302832658894,0.001040471833236985,0.07957008344679842,0.004369981699595337,0.01914468173156052,0.051815497295201844,0.0008323774665895881,0.08419498074553682,0.023549345825597093,0.05214844828183768,0.006797749310481635,0.03641651416329447,0.012017449673887175,0.008739963399190673,0.48652462922161405,0.0029133211330635575,0.005826642266127115,0.03204653246369913
51,0.0017011329727013554,0.01058858408201848,0.0924202096985112,0.0007471783122392074,0.0015173467263934672,0.06703913718429319,0.002049403370713255,0.03631286597482548,0.11521489574728576,0.0010247016853566274,0.1607927727938774,0.02062212141780212,0.07352234592433801,0.014794130582336307,0.00508081252322661,0.013269886825368324,0.021518735392489174,0.32547087281139875,0.0008966139746870488,0.0013449209620305734,0.034071331038107854
52,0.0015267050063940916,0.015197787066978602,0.08936703171092517,0.0010708467852071646,0.0016062701778107465,0.10899690492287209,0.002753606019104137,0.01904577496547028,0.036542646545194485,0.0028912863200593435,0.1504539733216066,0.047117258549115235,0.26664084951658396,0.005782572640118687,0.005220378077884925,0.014054864055844033,0.0025700322844971948,0.18311480027042512,0.0026771169630179113,0.0016062701778107465,0.0417630246230794
53,0.0015918391814327873,0.006991997547145117,0.07705763963416182,0.0021777159027045728,0.000913726952183737,0.08506121090051197,0.0033503321580070355,0.019473805668415892,0.10469787993771985,0.0016751660790035178,0.1281502050437691,0.033503321580070355,0.13066295416227436,0.006281872796263192,0.013401328632028142,0.022335547720046905,0.010050996474021107,0.30655539245764374,0.0011167773860023453,0.0013959717325029315,0.043554318054091455
54,0.0022163016074376028,0.017779527301450927,0.11640769955754504,0.0013324235916778214,0.0011658706427180936,0.11052453692967527,0.0023317412854361873,0.03637516405280451,0.07286691516988085,0.005829353213590468,0.21685193954556542,0.035267586942222325,0.0566280026463074,0.016322188998053308,0.009793313398831986,0.025649154139798055,0.01072600991300646,0.2362831169242003,0.0023317412854361873,0.0034976119281542807,0.01981980092620759
55,0.0021790340866040263,0.011443471931733085,0.13640618542625838,0.0028608679829332712,0.0027048206384096382,0.1655488939457386,0.003719128377813252,0.0430274544633164,0.11489245819460016,0.002288694386346617,0.08370082327210486,0.03471186485959036,0.07781560913578497,0.024412740121030584,0.009917675674168673,0.048062582113278955,0.011443471931733085,0.19167815485652917,0.002288694386346617,0.009154777545386468,0.021742596670292862
56,0.0016991188067766426,0.013364057051163954,0.20125007173504772,0.0007950620117927812,0.002186420532430148,0.12828893461713517,0.0014311116212270061,0.03076889985638063,0.06133335519544311,0.0013010105647518239,0.09552670071690265,0.05128149976063438,0.04114445911027642,0.0029069454806173556,0.010137040650357958,0.01103148541362484,0.009838892395935665,0.31216122238014066,0.0035777790530675153,0.0011925930176891718,0.018783340028604455
57,0.0019674431426935104,0.01526628250972309,0.07954536676118873,0.003787874607675654,0.004132226844737077,0.07056571996397164,0.003305781475789662,0.02190080227710651,0.04115009232884005,0.00183654526432759,0.19628077512501116,0.06749303846403892,0.10950401138553253,0.015151498430702615,0.011019271585965539,0.045454495292107835,0.026859474490790996,0.23278211225352202,0.0010330567111842693,0.003443522370614231,0.04752060871447638
58,0.0017550728904600983,0.01605606382931114,0.08858062758041337,0.0014785440073034719,0.00369636001825868,0.17631637287093901,0.0016633620082164057,0.017249680085207175,0.07515932037125983,0.00184818000912934,0.07916371039104005,0.03474578417163159,0.07762356038343228,0.008778855043364365,0.005280514311798114,0.0369636001825868,0.006160600030431133,0.32990013162958715,0.00184818000912934,0.0006160600030431134,0.03511542017345746
59,0.0016053579065815296,0.012558408421462445,0.135504171539141,0.002363935702863519,0.001313297612701955,0.07598364759204168,0.002412179288636244,0.016161601233862833,0.0339112204994112,0.002363935702863519,0.24399193504555608,0.02786067078374862,0.07091807108590557,0.010131153012272224,0.007767217309408705,0.030956300870831795,0.008442627510226853,0.2828280215925996,0.00028142091700756184,0.0022513673360604947,0.030393459036816672
60,0.0019334898982043712,0.01400022360010997,0.09473655578975512,0.002288498088479514,0.0018081960205270236,0.13454915745600193,0.0036163920410540473,0.034581748892579325,0.06153517082356026,0.0025427756538661268,0.09560836458536637,0.047804182292683184,0.1607034213243392,0.01525665392319676,0.008814955600069238,0.03763307967721868,0.03458174889257932,0.22308618403252153,0.0015256653923196761,0.006102661569278705,0.01729087444628966
61,0.0017605185834360505,0.01600594661744198,0.08667835706676272,0.002594648188511647,0.0026770179722739214,0.0961667225424555,0.004324413647519412,0.021313181548488526,0.08370829274841148,0.0018533201346511764,0.12973240942558234,0.2038652148116294,0.11737694186124116,0.014826561077209411,0.010193260740581469,0.022857614994031175,0.006795507160387647,0.15521556127703603,0.0007413280538604706,0.0037066402693023527,0.017606541279186178
62,0.0017552823630154434,0.01302802000599895,0.0787722979360587,0.0009236282840073883,0.0013194689771534119,0.13977574697978476,0.00554176970404433,0.014778052544118212,0.12145711934697154,0.003694513136029553,0.16933185206802118,0.10529362437684227,0.06502343119412013,0.018472565680147764,0.006280672331250239,0.016255857798530032,0.00554176970404433,0.21428176188971407,0.0009236282840073883,0.007389026272059106,0.01015991112408127
63,0.001353108858573354,0.010403692109763232,0.060797872522924054,0.0010670453445911009,0.0028454542522429356,0.08447442311346215,0.0017072725513457613,0.014760793933510229,0.05951741810941473,0.004268181378364403,0.18210907214354788,0.021747400356428147,0.030080516380853895,0.007824999193668072,0.006757953849076972,0.032011360337733025,0.009959089882850273,0.4481590447282623,0.0007113635630607339,0.0009484847507476452,0.01849545263957908
64,0.001143475152609607,0.010265101200717044,0.09217539603573557,0.000546791612254104,0.0010525738535891499,0.08961914524844763,0.002234034301495339,0.0211717712264789,0.1563824011046737,0.002405883093918057,0.06447766691700393,0.05353089883967677,0.041381189215390586,0.005413236961315629,0.013232357016549314,0.012510592088373896,0.01563824011046737,0.38614423657384817,0.006014707734795143,0.0042102954143565996,0.020450006298303482
65,0.0018420136735042094,0.011883298908312028,0.0812054766880108,0.0017604887271573378,0.006455125332910238,0.08714419199428822,0.0019365375998730712,0.0392148863974297,0.09179188223398357,0.003227562666455119,0.058526469685052825,0.08327111679454206,0.08181871359463727,0.013555763199111498,0.01549230079898457,0.0406672895973345,0.027111526398222997,0.3350210047780413,0.0038730751997461425,0.0012910250665820477,0.012910250665820477
66,0.0012540623686215307,0.008537280206786313,0.11341395006413688,0.0015825202334530726,0.0021100269779374303,0.06901546573670345,0.001318766861210894,0.013941249675658024,0.04691042120593037,0.004615684014238128,0.08967614656234077,0.017143969195741623,0.03494732182208869,0.01230849070463501,0.002637533722421788,0.05275067444843576,0.01978150291816341,0.4773936037583436,0.0009890751459081704,0.000659383430605447,0.029012870946639662
67,0.001436565452635574,0.013613945682109992,0.09405998834912359,0.001134495473509166,0.0020799083681001373,0.05022033296067242,0.0020627190427439383,0.028362386837729146,0.17698129386742992,0.002420257010152888,0.20874716712568656,0.038194680941475254,0.062397251043004136,0.010084404208970365,0.015882936629128326,0.02949688231123831,0.016639266944801098,0.2306807462801971,0.0007563303156727774,0.001134495473509166,0.013613945682109992
68,0.0021097692554178952,0.011835040668888894,0.11436746030993593,0.0017752561003333339,0.0025360801433333344,0.0835849747240278,0.004438140250833334,0.030327291714027784,0.05214814794729168,0.0019020601075000008,0.1300375093494167,0.056586288198125015,0.052887837989097235,0.012759653221145835,0.005177830292638891,0.012574730710694447,0.013314420752500004,0.3883372719479168,0.0014793800836111117,0.0029587601672222234,0.018862096066041667
69,0.001255934407576485,0.010760356243680281,0.1404579288365643,0.0009159193523939708,0.005291978480498499,0.0484419568599478,0.0018899923144637494,0.015497936978602744,0.038954841592558395,0.0026459892402492494,0.17926577102688662,0.04057183501715515,0.23284705314193388,0.005027379556473573,0.014552940821370867,0.012788947994538037,0.0029767378952804055,0.22953956659162236,0.00044099820670820823,0.0019844919301869367,0.013891443511308558
70,0.0015854019063429347,0.011667585420164847,0.0672275159923784,0.0016667979171664064,0.0005555993057221356,0.18918156359838711,0.0038891951400549488,0.020001575005996877,0.12889903892753543,0.001428683928999777,0.11959275055668966,0.020186774774570922,0.051337375848725324,0.005667112918365781,0.004583694272207617,0.01500118125449766,0.010834186461581642,0.3008570240485363,0.0008333989585832032,0.006667191668665626,0.038336352094827345
71,0.0012869479904350455,0.007677608740969031,0.1431648218168931,0.0017419784538333094,0.0013548721307592407,0.08383271309072801,0.002258120217932068,0.012809700145360094,0.04664631193042529,0.0020323081961388613,0.06254993003671828,0.042904284140709285,0.07858258358403596,0.01625846556911089,0.0063227366102097905,0.02167795409214785,0.008129232784555445,0.4484626752813086,0.0010161540980694306,0.0027097442615184814,0.008580856828141857
72,0.0011799322173065407,0.007618577881001811,0.0631729596161084,0.0018641201198195923,0.0010874034032280953,0.18765475872850562,0.0018641201198195923,0.013315143712997086,0.3293278878347946,0.0015534334331829935,0.059444719376469224,0.06897244443332491,0.046913689682126405,0.005903047046095376,0.005281673672822177,0.01677708107837633,0.004349613612912381,0.15700033898036123,0.0037282402396391847,0.0006213733732731974,0.022369441437835105
73,0.0019474650617012938,0.008250757287335049,0.1106958743935445,0.002626771707804627,0.002043044661625821,0.13892703699055584,0.0014301312631380748,0.032688714586013135,0.05005459420983262,0.000875590569268209,0.12339989756219959,0.022700496240286902,0.05345966864587565,0.017365879623819476,0.03473175924763895,0.014709921563705911,0.013279790300567836,0.3493606371380154,0.0010215223308129105,0.006129133984877464,0.014301312631380746
74,0.0017072737677742153,0.013032905311801025,0.15742208780559663,0.0017976421119725553,0.0020223473759691246,0.08341059399552656,0.0035952842239451105,0.02456777553029159,0.07498735667085517,0.0010272240639843174,0.07062165439892182,0.06591354410566036,0.05572690547114922,0.03415520012747855,0.007639978975883359,0.011984280746483703,0.012583494783807886,0.317283832763156,0.0035952842239451105,0.0011984280746483702,0.05572690547114921
75,0.002234303830524572,0.014519370713079275,0.11671340303975263,0.0029359021662476474,0.0008807706498742943,0.1871148313955167,0.0028184660795977415,0.02348721732998118,0.07134242263981783,0.0005219381628884707,0.06837389933838967,0.06967874474561084,0.05133634644981601,0.02192140284131577,0.014092330397988708,0.01811871051169977,0.016441052130986823,0.2520961326751313,0.0011743608664990589,0.0031316289773308244,0.061066765057951056
76,0.0017600576454547914,0.009170170048068478,0.10571346380588034,0.0010580965440079016,0.006172229840046092,0.1478249046691039,0.004629172380034569,0.02222002742416593,0.1543057460011523,0.002160280444016132,0.06851175122451161,0.02698146187220149,0.0675859167485047,0.01573918609211753,0.008332510284062223,0.017127937806127903,0.009258344760069138,0.3073770460342954,0.0018516689520138275,0.004629172380034569,0.01759085504413136
77,0.0017127972639595572,0.014657779238698753,0.12220530566065217,0.0011455042786223904,0.0011077404013051689,0.11494784771400599,0.00660028655777663,0.01957584990431478,0.09828426710580108,0.001800078152120899,0.06788866173713105,0.05460237061433394,0.09180398575816585,0.007200312608483596,0.009600416811311463,0.01890082059726944,0.00840036470989753,0.30691332493661333,0.00045001953803022477,0.003600156304241798,0.04860211010726428
78,0.0012307210393046161,0.00590824380859689,0.11740122561164294,0.0008627911593506568,0.001035349391220788,0.05733247253885113,0.0019412801085389776,0.012366673284026079,0.1455960081404233,0.0015098845288636492,0.0631994524224356,0.04313955796753284,0.056620669832386845,0.003882560217077955,0.006212096347324728,0.013588960759772842,0.006147387010373429,0.4426118647468869,0.001294186739025985,0.00517674695610394,0.01294186739025985
79,0.0018876873659608175,0.014259785054893056,0.15619438978731695,0.0019897374495199613,0.0031267302778170817,0.10893812536121787,0.0028424820707428017,0.018791964801021858,0.14724057126447712,0.0019897374495199613,0.19831049913548948,0.02842482070742802,0.08854331650363828,0.013928162146639729,0.006466646710939873,0.032499045008826034,0.011938424697119768,0.14604672879476516,0.0006632458165066538,0.0019897374495199613,0.013928162146639729
80,0.0016933911762115686,0.011473792077734577,0.10301346798473468,0.001617165902429116,0.0016009942434048246,0.11766037058673555,0.0020753629081173655,0.017121743991968263,0.04961105618451988,0.0015247564222903094,0.11785096513952181,0.14053171692109018,0.06403976973619299,0.008894412463360138,0.005336647478016082,0.010673294956032165,0.017788824926720275,0.3032994650005807,0.0010673294956032163,0.0035577649853440548,0.0195677074193923
81,0.0017845401518657889,0.008215247811366382,0.09361673279357227,0.0009376098045581197,0.008125951639503705,0.14751727591714417,0.0015001756872929917,0.021966858278218804,0.08000936998895956,0.001586724284636818,0.11954525008116026,0.02544940898086325,0.09063561444061825,0.008438488241023077,0.011251317654697437,0.026253074527627353,0.011876390857736183,0.3140992845269701,0.003750439218232479,0.003750439218232479,0.019689805895720516
82,0.0019732551651104706,0.017940476441959282,0.1600928052744259,0.0014826840034677091,0.0013209366576348682,0.07329021081756537,0.002490909125825751,0.02055000028806245,0.09839091047011718,0.0015568182036410946,0.18751010363854964,0.06123484934321638,0.04177462179770271,0.014011363832769852,0.00830303041941917,0.03632575808495887,0.013146464830747022,0.24217172056639252,0.0020757576048547927,0.0013838384032365287,0.012973485030342456
83,0.0015840084019373972,0.01138426552518944,0.09650354314429818,0.0014261607361226332,0.0012941088161112784,0.059386795781106574,0.001663854192143072,0.028285521266432224,0.06877263994191364,0.001901547648163511,0.05781893317697175,0.03327708384286144,0.042705590931672185,0.008735234508751128,0.005823489672500752,0.05157947995643523,0.005407526124464984,0.49915625764292154,0.000831927096071536,0.0024957812882146083,0.019966250305716866
84,0.0020911430338667264,0.01271229546479868,0.1619788898944252,0.0006775784378572283,0.00264255590764319,0.12414507441115405,0.003963833861464785,0.03156386223018255,0.07581618735023916,0.004404259846071984,0.12948523947451632,0.05285111815286381,0.10350010638269162,0.010276606307501296,0.02422342915339591,0.03303194884553988,0.01101064961517996,0.1893831733810953,0.001651597442276994,0.0014680866153573282,0.023122364191877916
85,0.0022426854721071168,0.02909258674853064,0.09391204945344939,0.0020967630089031093,0.0037067774621679962,0.11768082387468701,0.004245945093028796,0.039157049191265565,0.08626682093772793,0.0035382875775239967,0.09300641632348791,0.04859248273132955,0.0908160478231159,0.035382875775239964,0.010025148136317987,0.020050296272635975,0.006065635847183994,0.27520014491853306,0.0035382875775239967,0.0023588583850159975,0.03302401739022396
86,0.002266288789622505,0.018006359227721962,0.09524024715489303,0.0030953080325340234,0.001360574959355615,0.10166896383784832,0.005357263902462733,0.022619558699287095,0.09960542514949229,0.0020408624390334225,0.22619558699287096,0.08016054135536829,0.09464499561017493,0.00833352162605314,0.027381571057031744,0.019841718157269383,0.006462731056939171,0.1452413769112119,0.002381006178872326,0.002381006178872326,0.03571509268308489
87,0.0019402153312503393,0.008319496852417908,0.12517817491306255,0.0020420583183207593,0.0013613722122138398,0.20747312514138913,0.0022689536870230662,0.022235746132826046,0.05604315606946973,0.0010210291591603797,0.047307684374430926,0.052072487117179364,0.1136745797198556,0.011571663803817635,0.010210291591603797,0.04594631216221708,0.020420583183207594,0.23824013713742193,0.0010210291591603797,0.0020420583183207593,0.02960984561565101
88,0.0013971500470191381,0.01343857737565747,0.08354709143094002,0.0013049598945549738,0.001284569896202552,0.06268701093468455,0.0016148878695117796,0.01335952692050654,0.07252314613989266,0.0012233999011452877,0.049180676026040565,0.047957276124895275,0.026058417894394628,0.010765919130078532,0.010276559169620418,0.020553118339240832,0.007829759367329842,0.5358491567016359,0.0014680798813743452,0.0009787199209162303,0.036701997034358634
89,0.00147042707497179,0.010432982919516252,0.08742810047398598,0.0012045023683122061,0.0023229688531735404,0.09001504306047467,0.0017035104923272626,0.012733310750729037,0.05287519580080725,0.0019358073776446169,0.21758474924725493,0.0562674677768702,0.054202606574049274,0.014712136070099089,0.005884854428039635,0.025294549734556325,0.023229688531735404,0.2872738148424611,0.004645937706347081,0.0007743229510578468,0.0480080229655865
90,0.001205109023716715,0.006669698315261788,0.07961745658317458,0.0013734433858562495,0.0015495258712224353,0.18678830047644995,0.00199224754871456,0.0633896947318269,0.10100091360604418,0.0008451959297576921,0.17558945440716053,0.0633896947318269,0.04031584584944191,0.007289814894160093,0.0029581857541519222,0.021975094173699992,0.008874557262455765,0.21615885903552975,0.006338969473182691,0.0012677938946365382,0.011410145051728843
