,0,1,2,3,4,5,6,7,8,9,10,11,12,13,14,15,16,17,18,19,20
0,0.040537565907601825,0.06589334745711888,0.08109950456260785,0.03317707004833958,0.027033168187535955,0.06487960365008628,0.03317707004833958,0.07096206649228187,0.040549752281303926,0.033791460234419944,0.06758292046883989,0.03243980182504314,0.033791460234419944,0.040549752281303926,0.06758292046883989,0.010137438070325982,0.08109950456260785,0.040549752281303926,0.08109950456260785,0.013516584093767978,0.040549752281303926
1,0.043594224368548595,0.04871709852765178,0.07628072006303369,0.048432203214624575,0.021794491446581056,0.024216101607312288,0.027243114308226322,0.04358898289316211,0.01868099266849805,0.07628072006303369,0.01868099266849805,0.03814036003151684,0.15256144012606737,0.04358898289316211,0.04358898289316211,0.021794491446581056,0.04358898289316211,0.03487118631452969,0.04358898289316211,0.08717796578632422,0.04358898289316211
2,0.0346210634057456,0.0787220859609308,0.0371118405244388,0.047626862006363124,0.025978288367107163,0.04156526138737146,0.029689472419551045,0.05542034851649528,0.025978288367107163,0.015394541254582023,0.0692754356456191,0.051956576734214326,0.03463771782280955,0.02771017425824764,0.1385508712912382,0.057729529704682585,0.04618362376374607,0.025978288367107163,0.0692754356456191,0.051956576734214326,0.03463771782280955
3,0.03700704986896027,0.03861527819941317,0.017414733305617706,0.03700630827443763,0.03171969280666082,0.04229292374221443,0.03700630827443763,0.06167718045739604,0.013877365602914108,0.03700630827443763,0.09251577068609405,0.04934174436591684,0.0296050466195501,0.055509462411656434,0.01233543609147921,0.03700630827443763,0.1480252330977505,0.09251577068609405,0.03700630827443763,0.055509462411656434,0.03700630827443763
4,0.03669955053171876,0.04965929958595522,0.0367046996939669,0.026916779775575723,0.0367046996939669,0.059645137002696205,0.024469799795977937,0.01835234984698345,0.024469799795977937,0.05872751951034704,0.0734093993879338,0.05505704954095035,0.02202281981638014,0.01835234984698345,0.006117449948994484,0.0734093993879338,0.0367046996939669,0.0734093993879338,0.2202281981638014,0.0367046996939669,0.012234899897988968
5,0.03609705634740354,0.037607128715210325,0.025271990496621335,0.054154265349902864,0.05054398099324267,0.14441137426640763,0.018051421783300953,0.05054398099324267,0.030945294485658782,0.043323412279922285,0.04813712475546922,0.09025710891650476,0.054154265349902864,0.021661706139961143,0.054154265349902864,0.04211998416103556,0.03610284356660191,0.018051421783300953,0.054154265349902864,0.054154265349902864,0.03610284356660191
6,0.04106739733474254,0.026778792025200098,0.03336191173139512,0.06843469073106692,0.0287425701070481,0.02737387629242677,0.05474775258485354,0.07390946598955227,0.02932915317045725,0.04106081443864015,0.03284865155091212,0.07185642526762025,0.04106081443864015,0.025663009024150092,0.06159122165796022,0.04106081443864015,0.020530407219320077,0.06159122165796022,0.05474775258485354,0.12318244331592045,0.04106081443864015
7,0.03284550632029013,0.07121805691628684,0.038846212863429194,0.06984847889866594,0.018261040234945347,0.053413542687215126,0.04930480863435244,0.020917191541846486,0.06573974484580325,0.032869872422901625,0.032869872422901625,0.0262958979383213,0.1314794896916065,0.04930480863435244,0.016434936211450812,0.06573974484580325,0.016434936211450812,0.04382649656386883,0.016434936211450812,0.08217468105725406,0.06573974484580325
8,0.03336443596542712,0.04292724607429766,0.08346964514446767,0.040065429669344475,0.02825126451043521,0.042927246074297654,0.042927246074297654,0.033387858057787066,0.03815755206604236,0.025968334044945494,0.05342057289245931,0.025968334044945494,0.10016357417336119,0.0751226806300209,0.022258572038524712,0.044517144077049424,0.033387858057787066,0.06677571611557413,0.050081787086680596,0.10016357417336119,0.016693929028893533
9,0.03941450004380883,0.041498094374521975,0.04548829575668756,0.08447826354813402,0.06570531609299314,0.07884637931159176,0.03942318965579588,0.0229968606325476,0.026282126437197257,0.04730782758695506,0.03942318965579588,0.01576927586231835,0.052564252874394514,0.0985579741394897,0.029567392241846912,0.06570531609299314,0.06899058189764279,0.03942318965579588,0.01971159482789794,0.059134784483693824,0.01971159482789794
10,0.047035001791499546,0.05823497910302209,0.07696790944385438,0.056443133592159876,0.03618149589241018,0.04703594466013323,0.02939746541258327,0.04703594466013323,0.05879493082516654,0.04115645157761657,0.07055391699019985,0.023517972330066615,0.06271459288017765,0.03762875572810659,0.11758986165033308,0.03762875572810659,0.04703594466013323,0.018814377864053294,0.015678648220044413,0.04703594466013323,0.023517972330066615
11,0.0382683868561484,0.03521961987057726,0.035547752974961516,0.0701840251044112,0.0556831934712684,0.07656439102299403,0.027344425365355012,0.047852744389371274,0.028711646633622762,0.060157735803781025,0.047852744389371274,0.061251512818395235,0.02296931730689821,0.012760731837165674,0.06699384214511978,0.019141097755748508,0.019141097755748508,0.02552146367433135,0.09570548877874255,0.11484658653449105,0.038282195511497016
12,0.03432919323931669,0.05953852471148873,0.049615437259573944,0.05581736691702068,0.057248581453354555,0.04121897864641528,0.024981199179645627,0.027479319097610186,0.02060948932320764,0.02060948932320764,0.06869829774402546,0.045798865162683645,0.027479319097610186,0.011449716290670911,0.02576186165400955,0.0515237233080191,0.17174574436006365,0.03434914887201273,0.06869829774402546,0.03434914887201273,0.06869829774402546
13,0.04377443861669337,0.09949134828150578,0.04085778036093837,0.0583682576584834,0.0291841288292417,0.043776193243862546,0.032832144932896906,0.05472024155482818,0.015918615725040927,0.01250748378396073,0.02501496756792146,0.05472024155482818,0.043776193243862546,0.021888096621931273,0.0291841288292417,0.17510477297545018,0.08755238648772509,0.021888096621931273,0.021888096621931273,0.043776193243862546,0.043776193243862546
14,0.04391743118325362,0.04391215254010974,0.12075841948530176,0.07025944406417559,0.03136582324293553,0.018296730225045726,0.04391215254010974,0.04391215254010974,0.04391215254010974,0.0329341144050823,0.01646705720254115,0.05123084463012803,0.029274768360073162,0.08782430508021948,0.0658682288101646,0.02195607627005487,0.029274768360073162,0.058549536720146324,0.04391215254010974,0.08782430508021948,0.014637384180036581
15,0.03563395729137822,0.06111127693500467,0.039609160976391916,0.029706870732293937,0.07129648975750544,0.02592599627545653,0.019804580488195958,0.062384428537817255,0.07129648975750544,0.042777893854503264,0.10694473463625817,0.04901633670828499,0.03564824487875272,0.14259297951501088,0.010185212822500778,0.0445603060984409,0.00891206121968818,0.03564824487875272,0.023765496585835152,0.07129648975750544,0.011882748292917576
16,0.03929230730802307,0.07861611903178381,0.04585940276854056,0.03275671626324326,0.05896208927383786,0.049135074394864885,0.06738524488438613,0.039308059515891905,0.04492349658959076,0.07861611903178381,0.06551343252648652,0.019654029757945952,0.03144644761271353,0.007861611903178382,0.05241074602118921,0.07861611903178381,0.05241074602118921,0.013102686505297303,0.039308059515891905,0.07861611903178381,0.026205373010594606
17,0.03874209321754045,0.06243908697870077,0.05366117819920173,0.09042902252087699,0.04429176613267445,0.03875529536609014,0.0048444119207612674,0.030143007506958995,0.022145883066337226,0.033218824599505835,0.12918431788696713,0.03875529536609014,0.03875529536609014,0.0581329430491352,0.01937764768304507,0.03875529536609014,0.1162658860982704,0.01937764768304507,0.0581329430491352,0.03875529536609014,0.025836863577393426
18,0.030604149451213807,0.029087343062151962,0.043740365506995435,0.061236511709793606,0.05103042642482801,0.0267909738730347,0.038272819818621004,0.043740365506995435,0.01312210965209863,0.07144259699475922,0.0535819477460694,0.04286555819685552,0.15309127927448402,0.030618255854896803,0.061236511709793606,0.012247302341958722,0.007654563963724201,0.030618255854896803,0.15309127927448402,0.030618255854896803,0.015309127927448402
19,0.045777857912865864,0.03814745044942331,0.048637999323014706,0.034332705404480975,0.06612224744566707,0.07193519227605538,0.034332705404480975,0.034332705404480975,0.04577694053930797,0.05493232864716956,0.04577694053930797,0.022888470269653984,0.05722117567413496,0.018310776215723187,0.0610359207190773,0.06866541080896195,0.022888470269653984,0.06866541080896195,0.04577694053930797,0.06866541080896195,0.04577694053930797
20,0.03588528855048148,0.034269246545745945,0.1025746155110763,0.027616242637597467,0.0359011154288767,0.06282695200053423,0.030772384653322892,0.05744178468620273,0.05385167314331506,0.0359011154288767,0.05385167314331506,0.02692583657165753,0.02393407695258447,0.0359011154288767,0.04786815390516894,0.04786815390516894,0.050261561600427385,0.10770334628663011,0.10770334628663011,0.008975278857219176,0.011967038476292236
21,0.028164100939169615,0.030990446854139896,0.020489551639100764,0.08451940051129064,0.03169477519173399,0.02112985012782266,0.035216416879704435,0.06198089370827979,0.03380776020451626,0.2817313350376355,0.009391044501254516,0.02347761125313629,0.02347761125313629,0.0493029836315862,0.0040247333576805076,0.014086566751881774,0.035216416879704435,0.028173133503763548,0.04225970025564532,0.028173133503763548,0.11269253401505419
22,0.0419635954864394,0.07291482205113234,0.0653041840592633,0.06821954941905183,0.07796519933605923,0.04198126118095498,0.03265209202963165,0.03598393815510427,0.04897813804444748,0.018658338302646658,0.0734672070666712,0.013993753726984994,0.06297189177143248,0.04198126118095498,0.03358500894476399,0.04198126118095498,0.05597501490793998,0.08396252236190996,0.05597501490793998,0.010495315295238745,0.02099063059047749
23,0.043113708057995866,0.03316106759539596,0.05968992167171272,0.030792419910010534,0.028739591916009832,0.06158483982002107,0.04310938787401474,0.04310938787401474,0.10777346968503686,0.04310938787401474,0.028739591916009832,0.028739591916009832,0.04310938787401474,0.06466408181102212,0.0172437551496059,0.17243755149605897,0.02155469393700737,0.02155469393700737,0.03233204090551106,0.04310938787401474,0.03233204090551106
24,0.030201992129781956,0.03263384462092476,0.034865218612099104,0.03625982735658306,0.024173218237722043,0.0604330455943051,0.04532478419572883,0.023501739953340872,0.03021652279715255,0.09064956839145766,0.015108261398576276,0.0604330455943051,0.022662392097864414,0.07554130699288138,0.0604330455943051,0.15108261398576275,0.0604330455943051,0.015108261398576276,0.0604330455943051,0.040288697062870076,0.03021652279715255
25,0.03441854843824297,0.06885503002931644,0.029130974243172337,0.01606617367350717,0.02383443347168646,0.03442751501465822,0.03442751501465822,0.028689595845548515,0.03442751501465822,0.030124075637825938,0.10328254504397466,0.10328254504397466,0.13771006005863287,0.01721375750732911,0.05164127252198733,0.011475838338219408,0.05164127252198733,0.04590335335287763,0.08606878753664554,0.022951676676438815,0.03442751501465822
26,0.04031542764699343,0.03190358910951509,0.036269343408711886,0.014223271924985055,0.01611970818164973,0.24179562272474592,0.029308560330272238,0.0537323606054991,0.04029927045412432,0.028785193181517375,0.06716545075687387,0.0179107868684997,0.03223941636329946,0.0503740880676554,0.024179562272474593,0.04029927045412432,0.02014963522706216,0.0537323606054991,0.04029927045412432,0.08059854090824864,0.04029927045412432
27,0.04543177478509949,0.07571658978713741,0.05451594464673894,0.04129995806571132,0.05047772652475828,0.03975120963824714,0.05678744234035306,0.019469980230978193,0.022714976936141225,0.011357488468070612,0.04542995387228245,0.02595997364130426,0.034072465404211834,0.06057327182970994,0.04542995387228245,0.022714976936141225,0.06814493080842367,0.04542995387228245,0.007571658978713742,0.0908599077445649,0.13628986161684734
28,0.03806819040137771,0.034442648458389354,0.040606069761469556,0.05075758720183695,0.026647733280964394,0.05075758720183695,0.03330966660120549,0.01691919573394565,0.07613638080275542,0.004229798933486412,0.03806819040137771,0.05710228560206656,0.11420457120413312,0.13323866640482196,0.031723492001148094,0.06344698400229619,0.07613638080275542,0.025378793600918475,0.03806819040137771,0.03806819040137771,0.012689396800459237
29,0.034456989202030226,0.025522672711391733,0.03132328014579895,0.021534755100236776,0.020673364896227307,0.019142004533543804,0.03132328014579895,0.06891121632075768,0.020673364896227307,0.09188162176101027,0.08039641904088397,0.06891121632075768,0.06891121632075768,0.051683412240568265,0.011485202720126283,0.025841706120284132,0.051683412240568265,0.0861390204009471,0.10336682448113653,0.051683412240568265,0.03445560816037884
30,0.038346711743880185,0.06232839327343362,0.05114124576281734,0.02739709594436643,0.04261770480234778,0.038355934322113004,0.038355934322113004,0.07671186864422601,0.07671186864422601,0.038355934322113004,0.0306847474576904,0.115067802966339,0.021917676755493148,0.02557062288140867,0.02876695074158475,0.0230135605932678,0.0153423737288452,0.038355934322113004,0.07671186864422601,0.0958898358052825,0.038355934322113004
31,0.03181699099541392,0.022276804808961038,0.031824006869944334,0.024336005253486847,0.04455360961792207,0.05171401116365954,0.031824006869944334,0.023868005152458252,0.04455360961792207,0.055692012022402586,0.04455360961792207,0.08486401831985158,0.02545920549595547,0.09547202060983301,0.031824006869944334,0.010608002289981447,0.021216004579962894,0.015912003434972167,0.22276804808961034,0.021216004579962894,0.06364801373988867
32,0.026747105575585357,0.06602645528280358,0.02294355588977731,0.04349715804103614,0.04015122280711029,0.02676748187140686,0.093686186549924,0.015295703926518207,0.02676748187140686,0.019119629908147757,0.01672967616962929,0.02676748187140686,0.08030244561422058,0.01338374093570343,0.05353496374281372,0.187372373099848,0.02676748187140686,0.05353496374281372,0.04015122280711029,0.04015122280711029,0.08030244561422058
33,0.03531901851542546,0.08694957777760948,0.029888917361053258,0.03179093937493846,0.02825861277772308,0.010092361706329673,0.0470976879628718,0.025230904265824177,0.03532326597215385,0.0235488439814359,0.03532326597215385,0.03532326597215385,0.04238791916658462,0.029436054976794874,0.049452572361015384,0.010092361706329673,0.01177442199071795,0.008830816493038463,0.1412930638886154,0.1412930638886154,0.1412930638886154
34,0.028537729458764705,0.048316887607928814,0.01767435931978348,0.042826332197936905,0.02284071050556635,0.05302307795935045,0.014275444065978967,0.03262958643652336,0.03426106575834952,0.03568861016494742,0.03568861016494742,0.17130532879174762,0.07613570168522117,0.020393491522827097,0.038067850842610586,0.11420355252783174,0.038067850842610586,0.042826332197936905,0.028550888131957934,0.08565266439587381,0.019033925421305293
35,0.041185910298815555,0.04447721695715336,0.041182608293660515,0.019007357673997163,0.0764819868310838,0.03706434746429446,0.0566260864037832,0.024709564976196308,0.015443478110122692,0.0343188402447171,0.032946086634928415,0.10982028878309472,0.041182608293660515,0.020591304146830258,0.020591304146830258,0.0686376804894342,0.16473043317464206,0.02745507219577368,0.08236521658732103,0.020591304146830258,0.020591304146830258
36,0.03494947636396777,0.04730543801288933,0.03787862971321934,0.09615344465663371,0.052447333449072944,0.03496488896604863,0.03496488896604863,0.013985955586419452,0.09323970390946303,0.06293680013888753,0.13985955586419452,0.04370611120756079,0.014984952414020841,0.009989968276013896,0.017482444483024315,0.06992977793209726,0.026223666724536472,0.06992977793209726,0.052447333449072944,0.03496488896604863,0.011654962988682878
37,0.03203943011470086,0.0320542016361922,0.05128672261790752,0.04986209143407675,0.022895858311565855,0.03846504196343063,0.014246311838307645,0.0320542016361922,0.11753207266603805,0.0641084032723844,0.1282168065447688,0.0320542016361922,0.021369467757461468,0.0320542016361922,0.09616260490857659,0.019232520981715316,0.0801355040904805,0.024040651227144147,0.048081302454288294,0.048081302454288294,0.0160271008180961
38,0.037606810214258664,0.06718329176934995,0.026335850373585174,0.0877861679119506,0.029262055970650198,0.05643396508625395,0.03386037905175237,0.04232547381469046,0.04702830423854496,0.03135220282569664,0.004702830423854496,0.05643396508625395,0.0689748462165326,0.025081762260557316,0.04702830423854496,0.028216982543126976,0.037622643390835965,0.05643396508625395,0.028216982543126976,0.037622643390835965,0.15049057356334386
39,0.03165776489708195,0.04472646976238106,0.038992306972332205,0.07920312353754978,0.043561717945652376,0.052802082358366524,0.011314731933935684,0.02715535664144564,0.11880468530632467,0.07920312353754978,0.031681249415019916,0.031681249415019916,0.042241665886693223,0.031681249415019916,0.09504374824505973,0.031681249415019916,0.06336249883003983,0.010560416471673306,0.03960156176877489,0.06336249883003983,0.031681249415019916
40,0.03603269879660446,0.029778675596776414,0.04915618698989409,0.044058508339090245,0.044058508339090245,0.027035902844441743,0.054071805688883486,0.030898174679361998,0.04205584886913161,0.0937244631940647,0.060079784098759435,0.03604787045925566,0.01802393522962783,0.07209574091851131,0.04806382727900755,0.01802393522962783,0.07209574091851131,0.04806382727900755,0.05046701864295792,0.07209574091851131,0.054071805688883486
41,0.03891821492064121,0.057549727048805295,0.038930697709485935,0.038930697709485935,0.03503762793853734,0.06488449618247656,0.03114455816758875,0.030279431551822396,0.025953798472990626,0.04866337213685742,0.027807641221061385,0.05190759694598125,0.06488449618247656,0.06488449618247656,0.07786139541897187,0.05839604656422891,0.07786139541897187,0.038930697709485935,0.02335841862569156,0.06488449618247656,0.038930697709485935
42,0.030982398994398707,0.029161658212080794,0.02840224002947452,0.04260336004421177,0.033566283671197156,0.03098426185033584,0.04647639277550376,0.01549213092516792,0.01161909819387594,0.0185905571102015,0.06196852370067168,0.2478740948026867,0.038730327312919796,0.012393704740134336,0.03098426185033584,0.03098426185033584,0.051640436417226404,0.02065617456689056,0.12393704740134336,0.06196852370067168,0.03098426185033584
43,0.03958605983785052,0.036423555075483324,0.05177261172936593,0.05718674106054145,0.0356317386607989,0.039590820734221,0.079181641468442,0.158363282936884,0.09237858171318235,0.02519415864904973,0.015836328293688404,0.0593862311013315,0.02969311555066575,0.039590820734221,0.049488525917776256,0.015836328293688404,0.0197954103671105,0.026393880489480673,0.02969311555066575,0.0197954103671105,0.079181641468442
44,0.04012607578269732,0.04333616184531311,0.04012607578269732,0.057322965403853315,0.04012607578269732,0.025078797364185827,0.01823912535577151,0.026750717188464883,0.04012607578269732,0.04012607578269732,0.06687679297116221,0.04012607578269732,0.10700286875385953,0.053501434376929766,0.06018911367404598,0.06018911367404598,0.04012607578269732,0.03009455683702299,0.12037822734809196,0.04012607578269732,0.01003151894567433
45,0.03460244175191665,0.0363398466658113,0.028501840522204943,0.06921875555392629,0.037271637605960306,0.02307291851797543,0.03460937777696314,0.019776787301121798,0.04614583703595086,0.019227432098312857,0.080755214812914,0.048453128887748394,0.043261722221203926,0.03460937777696314,0.03460937777696314,0.06921875555392629,0.10382813333088943,0.03460937777696314,0.04614583703595086,0.01730468888848157,0.13843751110785257
46,0.03646405927175953,0.05106401127961583,0.036474293771154166,0.0218845762626925,0.028057149054733978,0.058358870033846676,0.036474293771154166,0.09726478338974447,0.018237146885577083,0.026053066979395835,0.07294858754230833,0.029179435016923338,0.036474293771154166,0.04559286721394271,0.09118573442788543,0.04559286721394271,0.060790489618590286,0.0218845762626925,0.05471144065673125,0.058358870033846676,0.07294858754230833
47,0.03126090887091103,0.033359006353591396,0.026061723713743278,0.03518332701355342,0.028667896085117602,0.056293323221685475,0.012509627382596774,0.054729619798860873,0.044677240652131335,0.07297282639848118,0.0938222053694758,0.017374482475828852,0.10945923959772175,0.02345555134236895,0.03127406845649193,0.02501925476519355,0.039092585570614916,0.15637034228245966,0.06254813691298386,0.020849378970994623,0.02501925476519355
48,0.0429358337243386,0.05248975137583959,0.08159770441153245,0.046850356599922954,0.018405497235684017,0.027329374683288384,0.035788466847163365,0.04294616021659604,0.08589232043319207,0.04294616021659604,0.10020770717205742,0.01073654005414901,0.10020770717205742,0.036810994471368035,0.035788466847163365,0.02147308010829802,0.060124624303234446,0.06441924032489404,0.028630773477730694,0.02147308010829802,0.04294616021659604
49,0.039206534889384276,0.05491115997271754,0.05229634283115956,0.07844451424673933,0.04278791686185782,0.036205160421572,0.08825007852758175,0.02614817141557978,0.050428616301475285,0.044825436712422485,0.07844451424673933,0.034319474982948454,0.01680953876715843,0.01307408570778989,0.02614817141557978,0.05229634283115956,0.031377805698695735,0.031377805698695735,0.06537042853894945,0.0588333856850545,0.07844451424673933
50,0.03813280803912727,0.045401660258276806,0.026002769057013084,0.0953434865423813,0.049033793078938945,0.04195113407864776,0.02179279692397287,0.038137394616952515,0.025424929744635016,0.023835871635595324,0.02288243677017151,0.08580913788814316,0.07627478923390503,0.019068697308476257,0.012712464872317508,0.07627478923390503,0.012712464872317508,0.11441218385085755,0.11441218385085755,0.05084985948927003,0.009534348654238129
51,0.0398060879243341,0.035606696368689704,0.0238774316825331,0.02785700362962195,0.0397957194708885,0.026530479647259003,0.079591438941777,0.0238774316825331,0.06964250907405486,0.009948929867722126,0.026530479647259003,0.04974464933861063,0.053060959294518005,0.079591438941777,0.0397957194708885,0.06632619911814751,0.05969357920633275,0.029846789603166377,0.01989785973544425,0.079591438941777,0.1193871584126655
52,0.04215460231098622,0.04581287441781965,0.08429568892878816,0.03161088334829556,0.024586242604229883,0.06322176669659112,0.04214784446439408,0.00936618765875424,0.04214784446439408,0.02107392223219704,0.05619712595252545,0.03161088334829556,0.03161088334829556,0.03161088334829556,0.05619712595252545,0.08429568892878816,0.028098562976262724,0.04214784446439408,0.02107392223219704,0.12644353339318223,0.08429568892878816
53,0.03645304628415556,0.05591819754825664,0.024312259803589847,0.04688792962120898,0.03646838970538477,0.07293677941076954,0.04376206764646172,0.04376206764646172,0.08509290931256445,0.06381968198442334,0.10940516911615429,0.05834942352861563,0.05105574558753867,0.01041953991582422,0.03646838970538477,0.012156129901794923,0.018234194852692384,0.054702584558077146,0.04862451960717969,0.018234194852692384,0.07293677941076954
54,0.03381988545859636,0.07168320701425222,0.05641733885380962,0.04231300414035721,0.03385040331228577,0.1015512099368573,0.09478112927440015,0.07898427439533347,0.027080322649828615,0.039492137197666734,0.04231300414035721,0.03385040331228577,0.012693901242107163,0.04062048397474292,0.06770080662457154,0.0451338710830477,0.08462600828071443,0.02256693554152385,0.025387802484214326,0.03385040331228577,0.011283467770761925
55,0.027529030802225078,0.01651477082268612,0.01966044145557871,0.05504923607562039,0.01651477082268612,0.04403938886049632,0.018349745358540132,0.01720288627363137,0.024084040783083918,0.01100984721512408,0.13762309018905097,0.16514770822686117,0.027524618037810197,0.08257385411343059,0.020643463528357647,0.027524618037810197,0.13762309018905097,0.11009847215124079,0.013762309018905098,0.013762309018905098,0.013762309018905098
56,0.032659259591040726,0.03994167735286477,0.05310427557142247,0.04493438702197286,0.02334253871271318,0.04901933129669767,0.03734806194034109,0.04575137587691783,0.052287286716477525,0.08714547786079588,0.018674030970170546,0.026143643358238763,0.05718921984614728,0.04575137587691783,0.010893184732599485,0.08169888549449612,0.04084944274724806,0.04901933129669767,0.04084944274724806,0.1307182167911938,0.03267955419779845
57,0.034495647825203125,0.05750887789789054,0.07886931825996418,0.031368478853394846,0.031054794064860888,0.019169625965963513,0.08051242905704677,0.014787997173743283,0.009858664782495523,0.04600710231831244,0.04025621452852338,0.04313165842341791,0.03450532673873433,0.02760426139098746,0.17252663369367163,0.01380213069549373,0.03450532673873433,0.02300355115915622,0.10351598021620297,0.03450532673873433,0.06901065347746865
58,0.03391726136459435,0.05331564568720186,0.033928138164583004,0.0462656429517041,0.08482034541145751,0.16964069082291502,0.015659140691346003,0.03958282785868017,0.06785627632916601,0.056546896940971675,0.027142510531666404,0.015079172517592446,0.056546896940971675,0.033928138164583004,0.06785627632916601,0.06785627632916601,0.033928138164583004,0.04523751755277734,0.016964069082291502,0.016964069082291502,0.016964069082291502
59,0.041606397522131904,0.05385004627360467,0.052014249241549966,0.018914272451472716,0.058255959150535955,0.04161139939323997,0.01664455975729599,0.049933679271887965,0.10402849848309993,0.08322279878647994,0.062417099089859956,0.04161139939323997,0.0554818658576533,0.02774093292882665,0.04161139939323997,0.04161139939323997,0.008322279878647995,0.12483419817971991,0.020805699696619984,0.04161139939323997,0.013870466464413325
60,0.02908633490183574,0.03274377836329058,0.03153104583131685,0.014552790383684702,0.07761488204631842,0.058211161534738806,0.024254650639474504,0.034926696920843284,0.04850930127894901,0.034926696920843284,0.03395651089526431,0.07276395191842351,0.07761488204631842,0.11642232306947761,0.11642232306947761,0.009701860255789802,0.029105580767369403,0.04850930127894901,0.04365837115105411,0.021829185575527054,0.04365837115105411
61,0.04189198842153934,0.044358889741366744,0.08378901395591495,0.03665769360571279,0.0299246478413982,0.04189450697795748,0.05585934263727665,0.03142088023346811,0.01196985913655928,0.053864366114516754,0.02094725348897874,0.06284176046693622,0.027929671318638324,0.02094725348897874,0.08378901395591495,0.027929671318638324,0.05585934263727665,0.016757802791182993,0.08378901395591495,0.04189450697795748,0.12568352093387244
62,0.036325504294033355,0.047225994820408915,0.03632768832339148,0.03935499568367409,0.026420136962466534,0.16347459745526163,0.012109229441130494,0.03632768832339148,0.03632768832339148,0.1453107532935659,0.029062150658713183,0.021796612994034886,0.00908192208084787,0.03027307360282623,0.09081922080847869,0.07265537664678295,0.01816384416169574,0.021796612994034886,0.054491532485087216,0.03632768832339148,0.03632768832339148
63,0.03131993917442498,0.04028463710672475,0.02506599642196207,0.03615287945475299,0.03133249552745259,0.026856424737816506,0.013925553567756706,0.1044416517581753,0.037598994632943104,0.0430821813502473,0.10966373434608405,0.03133249552745259,0.06266499105490518,0.15666247763726296,0.06266499105490518,0.04177666070327012,0.025065996421962073,0.015666247763726295,0.03133249552745259,0.04177666070327012,0.03133249552745259
64,0.05006631924816103,0.038031343502042805,0.021446246335738425,0.050041241450056326,0.025020620725028163,0.0417010345417136,0.03892096557226603,0.10008248290011265,0.025020620725028163,0.050041241450056326,0.03753093108754224,0.050041241450056326,0.025020620725028163,0.0417010345417136,0.050041241450056326,0.08006598632009013,0.07506186217508448,0.10008248290011265,0.033360827633370886,0.050041241450056326,0.016680413816685443
65,0.03377161349267325,0.026536434805469557,0.06416992416595366,0.02533023322340276,0.0225157628652469,0.026268390009454714,0.061918347879428966,0.018421987798838375,0.016886822148935172,0.042217055372337935,0.0591038775212731,0.033773644297870345,0.020264186578722206,0.0225157628652469,0.042217055372337935,0.01125788143262345,0.2364155100850924,0.033773644297870345,0.06754728859574069,0.06754728859574069,0.06754728859574069
66,0.0568228995000587,0.04968815821933667,0.05678646653638477,0.052418276802816716,0.05678646653638477,0.14196616634096193,0.08517969980457715,0.028393233268192385,0.04416725175052149,0.014196616634096193,0.01703593996091543,0.02271458661455391,0.03407187992183086,0.05678646653638477,0.028393233268192385,0.0757152887151797,0.0757152887151797,0.02271458661455391,0.014196616634096193,0.009464411089397462,0.05678646653638477
67,0.050473794032033545,0.05651932166347483,0.0648818743585808,0.05767277720762739,0.0448566044948213,0.05046368005667396,0.02162729145286027,0.05046368005667396,0.030278208034004377,0.05046368005667396,0.04205306671389497,0.02523184002833698,0.1261592001416849,0.02523184002833698,0.008410613342778994,0.08410613342778994,0.016821226685557987,0.030278208034004377,0.10092736011334792,0.01261592001416849,0.05046368005667396
68,0.02826091066066024,0.02984650848952539,0.03598717770028899,0.03262573802498727,0.028275639621655635,0.033930767545986756,0.032315016710463586,0.04241345943248345,0.017672274763534772,0.1696538377299338,0.14137819810827817,0.05655127924331127,0.049482369337897354,0.04241345943248345,0.0848269188649669,0.037700852828874185,0.05655127924331127,0.018850426414437092,0.018850426414437092,0.014137819810827817,0.028275639621655635
69,0.05087046930347374,0.027121131434955828,0.0739667220953341,0.055475041571500565,0.03390141429369479,0.05085212144054218,0.043587532663321875,0.06356515180067773,0.061022545728650616,0.07119297001675905,0.03813909108040663,0.06356515180067773,0.05085212144054218,0.06356515180067773,0.021793766331660937,0.010170424288108437,0.02542606072027109,0.07627818216081327,0.05085212144054218,0.016950707146847394,0.05085212144054218
70,0.04095611004434794,0.03723506629800869,0.07782128856283815,0.02891193383139498,0.06655768100769052,0.03583875131183335,0.07509071703431751,0.024575143756685732,0.08191714585561911,0.06143785939171433,0.04095857292780956,0.013652857642603187,0.0716775026236667,0.030718929695857166,0.006826428821301593,0.03276685834224764,0.04095857292780956,0.04095857292780956,0.027305715285206374,0.04095857292780956,0.12287571878342866
71,0.035958597596049476,0.04019546578043652,0.029617711627690068,0.04045990963425518,0.02247772757458621,0.061653195633150755,0.1618396385370207,0.026973273089503452,0.035964364119337934,0.023976242746225295,0.06473585541480828,0.06293763720884138,0.023976242746225295,0.02157861847160276,0.011988121373112648,0.09590497098490118,0.017982182059668967,0.08391684961178852,0.017982182059668967,0.011988121373112648,0.10789309235801381
72,0.05462720006253992,0.04805459790910388,0.058247997465580466,0.04368599809918535,0.04368599809918535,0.14197949382235237,0.03412968601498856,0.04550624801998474,0.046806426534841454,0.04368599809918535,0.06552899714877802,0.04368599809918535,0.040955623217986264,0.009101249603996948,0.09101249603996948,0.036404998415987794,0.05460749762398169,0.027303748811990845,0.03276449857438901,0.027303748811990845,0.010921499524796338
73,0.029499293416601277,0.04039092312861116,0.06272244312760289,0.022137332868565732,0.023613155059803447,0.03488306997470964,0.06887170225776006,0.022137332868565732,0.16234044103614867,0.016866539328431036,0.022137332868565732,0.02459703652062859,0.08854933147426293,0.02951644382475431,0.02951644382475431,0.04919407304125718,0.044274665737131465,0.02951644382475431,0.022137332868565732,0.08854933147426293,0.08854933147426293
74,0.03197013771631501,0.05178400185527983,0.02132282429335052,0.0533070607333763,0.01722228116001388,0.03198423644002578,0.0533070607333763,0.019990147775016114,0.03198423644002578,0.07996059110006445,0.04477793101603609,0.023988177330019334,0.04797635466003867,0.06396847288005156,0.04264564858670104,0.06396847288005156,0.03198423644002578,0.06396847288005156,0.03198423644002578,0.12793694576010312,0.06396847288005156
75,0.04205155225885603,0.05534318971582482,0.07570948353124833,0.028040549456017902,0.016824329673610743,0.05047298902083223,0.05608109891203582,0.048069513353173554,0.11216219782407164,0.03154561813802014,0.04206082418402686,0.02804054945601791,0.04907096154803134,0.04206082418402686,0.04206082418402686,0.08412164836805372,0.033648659347221485,0.04206082418402686,0.05047298902083223,0.02804054945601791,0.04206082418402686
76,0.03442734596390667,0.04768487496635796,0.04768487496635796,0.037569901488645675,0.03061251232408166,0.038743960910165846,0.08035784485071436,0.04304884545573983,0.028699230303826553,0.028699230303826553,0.08035784485071436,0.027551261091673492,0.06887815272918373,0.04591876848612249,0.0516586145468878,0.01967947220833821,0.03443907636459186,0.01291465363672195,0.06887815272918373,0.06887815272918373,0.1033172290937756
77,0.036104605690942856,0.07025267636641946,0.048173263794116204,0.048173263794116204,0.04415882514460651,0.10838984353676145,0.051614211207981646,0.018064973922793576,0.024086631897058102,0.009032486961396788,0.042151605819851674,0.04516243480698394,0.03612994784558715,0.06021657974264525,0.03612994784558715,0.03612994784558715,0.009032486961396788,0.06021657974264525,0.10838984353676145,0.03612994784558715,0.0722598956911743
78,0.04100067827001231,0.10663595265004418,0.038450463695929395,0.08788677416212433,0.046140556435115276,0.03645673594873306,0.020506913971162347,0.08202765588464939,0.023436473109899828,0.04101382794232469,0.04101382794232469,0.04101382794232469,0.08202765588464939,0.0068356379903874494,0.030760370956743516,0.016405531176929878,0.04101382794232469,0.032811062353859756,0.08202765588464939,0.06152074191348703,0.04101382794232469
79,0.03660114962142825,0.04574226895331742,0.03992052563198612,0.016009794133661097,0.020329897312585523,0.025615670613857756,0.01829690758132697,0.09758350710041051,0.01829690758132697,0.03136612728227481,0.14637526065061576,0.05489072274398091,0.02195628909759236,0.027445361371990454,0.12807835306928878,0.01045537576075827,0.03659381516265394,0.02927505213012315,0.0853855687128592,0.07318763032530788,0.03659381516265394
80,0.03339669149338977,0.05109162403644567,0.033406061869983704,0.04825320047886535,0.11692121654494296,0.06681212373996741,0.02505454640248778,0.07516363920746334,0.014847138608881648,0.016703030934991852,0.05344969899197393,0.033406061869983704,0.006681212373996741,0.026724849495986965,0.033406061869983704,0.13362424747993482,0.06681212373996741,0.10021818560995112,0.033406061869983704,0.0055676769783306185,0.02505454640248778
81,0.03965259009983832,0.03965894697372711,0.07931789394745423,0.04686966460531387,0.02379536818423627,0.026439297982484747,0.0356930522763544,0.03965894697372711,0.04759073636847254,0.019829473486863557,0.026439297982484747,0.06609824495621186,0.10575719192993899,0.026439297982484747,0.07931789394745423,0.03965894697372711,0.07931789394745423,0.019829473486863557,0.07931789394745423,0.019829473486863557,0.05948842046059067
82,0.05208118235357173,0.04945927971005222,0.05206239969479182,0.043385333078993185,0.040906171188764995,0.02839767256079554,0.07809359954218772,0.05206239969479182,0.043385333078993185,0.04164991975583346,0.03904679977109386,0.03718742835342273,0.10412479938958363,0.022312457012053637,0.02082495987791673,0.05206239969479182,0.02603119984739591,0.03470826646319455,0.05206239969479182,0.10412479938958363,0.02603119984739591
83,0.0429593440289532,0.07877773851651496,0.050131288146873156,0.047744083949403,0.029748236922320332,0.0716161259241045,0.05156361066535524,0.08593935110892541,0.05156361066535524,0.05729290073928361,0.036831150475253746,0.018415575237626873,0.01718787022178508,0.042969675554462704,0.05729290073928361,0.05729290073928361,0.03437574044357016,0.032227256665847026,0.028646450369641804,0.06445451333169405,0.042969675554462704
84,0.03281222718390488,0.03567046679993109,0.035800177588294485,0.06016418733588377,0.014585257535971825,0.1804925620076513,0.03281682945593661,0.00937623698741046,0.03281682945593661,0.023440592468526145,0.019690097673561963,0.02187788630395774,0.164084147279683,0.03281682945593661,0.06563365891187321,0.024612622091952453,0.03281682945593661,0.03281682945593661,0.03281682945593661,0.016408414727968303,0.09845048836780981
85,0.03349102048065794,0.037227161798495,0.052118026517893,0.030458586926041364,0.04690622386610369,0.06030800211356189,0.067008891237291,0.02792037134887125,0.06142481696751674,0.01675222280932275,0.0335044456186455,0.022336297079097,0.067008891237291,0.019145397496368857,0.01675222280932275,0.067008891237291,0.134017782474582,0.067008891237291,0.01675222280932275,0.0558407426977425,0.067008891237291
86,0.03562743907525869,0.06499503454308352,0.044553047872274994,0.035642438297819996,0.029702031914849995,0.035642438297819996,0.04989941361694799,0.035642438297819996,0.017821219148909998,0.04989941361694799,0.05940406382969999,0.06237426702118498,0.01188081276594,0.028513950638255996,0.028513950638255996,0.035642438297819996,0.035642438297819996,0.10692731489345998,0.07128487659563999,0.10692731489345998,0.05346365744672999
87,0.0401386873191727,0.058219763898473546,0.04015156130929211,0.07026523229126118,0.05520839680027664,0.04588749863919099,0.04015156130929211,0.09034101294590724,0.022943749319595495,0.026767707539528077,0.18068202589181448,0.04015156130929211,0.04015156130929211,0.024090936785575265,0.026767707539528077,0.024090936785575265,0.05353541507905615,0.020075780654646054,0.05353541507905615,0.006691926884882019,0.04015156130929211
88,0.04355561738513009,0.04899123293289516,0.03167110007783122,0.03167110007783122,0.026798623142780257,0.031105544719298512,0.035629987587560114,0.0580636834760239,0.09798246586579032,0.0580636834760239,0.02177388130350896,0.0580636834760239,0.02612865756421075,0.13064328782105375,0.012442217887719407,0.02903184173801195,0.02612865756421075,0.04354776260701792,0.1161273669520478,0.02903184173801195,0.04354776260701792
89,0.03353463150645412,0.0743192737636355,0.05492216125641098,0.0755179717275651,0.04315312670146576,0.057537502268621026,0.027969619158357443,0.03729282554447659,0.03356354299002893,0.050345314485043396,0.03356354299002893,0.03356354299002893,0.050345314485043396,0.041954428737536166,0.011187847663342979,0.044751390653371914,0.044751390653371914,0.03356354299002893,0.050345314485043396,0.10069062897008679,0.06712708598005786
90,0.03496122452651186,0.032912596284304894,0.04079790581075294,0.04768586393464629,0.043712041940092435,0.017484816776036975,0.0699392671041479,0.04808324613410167,0.04895748697290352,0.008742408388018487,0.0699392671041479,0.08742408388018487,0.02622722516405546,0.020981780131244368,0.0699392671041479,0.017484816776036975,0.03496963355207395,0.0699392671041479,0.1398785342082958,0.03496963355207395,0.03496963355207395
91,0.03224598839307464,0.029032443104965357,0.05069156732613,0.024814053935867834,0.021505513411085454,0.04838740517494227,0.11290394540819862,0.03686659441900364,0.08602205364434182,0.1612913505831409,0.021505513411085454,0.040322837645785224,0.03870992413995381,0.01612913505831409,0.040322837645785224,0.03225827011662818,0.008064567529157044,0.03225827011662818,0.01612913505831409,0.1290330804665127,0.021505513411085454
92,0.036797207137783665,0.05037930496770312,0.05726878257012406,0.04601955742242112,0.032725018611499464,0.04601955742242112,0.036815645937936896,0.02761173445345267,0.0245437639586246,0.11044693781381068,0.05522346890690534,0.0245437639586246,0.05522346890690534,0.11044693781381068,0.022089387562762137,0.036815645937936896,0.05522346890690534,0.07363129187587379,0.0245437639586246,0.036815645937936896,0.036815645937936896
