,0,1,2,3,4,5,6,7,8,9,10,11,12,13,14,15,16,17,18,19,20
0,0.028962465249975197,0.07925300045127948,0.028995000165102244,0.04059300023114314,0.043492500247653366,0.039538636588775794,0.033137143045831145,0.043492500247653366,0.021746250123826683,0.028995000165102244,0.08698500049530673,0.03866000022013633,0.050741250288928924,0.03624375020637781,0.028995000165102244,0.03866000022013633,0.028995000165102244,0.01739700009906135,0.2029650011557157,0.06765500038523858,0.014497500082551122
1,0.040575114546393815,0.09401429669724373,0.04929645752144435,0.04567171799780874,0.04059708266471888,0.06766180444119814,0.0253731766654493,0.07104489466325803,0.01804314785098617,0.10825888710591702,0.03383090222059907,0.04059708266471888,0.0473632631088387,0.0253731766654493,0.008119416532943777,0.08119416532943775,0.03044781199853916,0.0507463533308986,0.027064721776479256,0.04059708266471888,0.05412944355295851
2,0.025491018506880424,0.0388396908826776,0.08021585137401985,0.08295048267086143,0.01531393526231288,0.08295048267086143,0.012761612718594068,0.08933128903015847,0.021269354530990114,0.0382848381557822,0.05104645087437627,0.03403096724958418,0.05104645087437627,0.025523225437188136,0.05104645087437627,0.06380806359297034,0.025523225437188136,0.10209290174875255,0.0191424190778911,0.0382848381557822,0.05104645087437627
3,0.0386978208767323,0.11099160302517992,0.0548505014950017,0.042237819333049445,0.021778875593603617,0.04839750131911915,0.05162400140706044,0.028158546222032968,0.02765571503949666,0.027102600738706725,0.09034200246235576,0.01290600035176511,0.07743600211059064,0.05807700158294298,0.01935900052764766,0.05162400140706044,0.03871800105529532,0.07743600211059064,0.07743600211059064,0.03871800105529532,0.006453000175882555
4,0.02892968894001909,0.120367219492285,0.06278413609319802,0.034772752297771214,0.028977293581476014,0.031611592997973836,0.08693188074442805,0.03622161697684502,0.043465940372214025,0.04056821101406642,0.06519891055832104,0.043465940372214025,0.028977293581476014,0.019318195720984012,0.05795458716295203,0.014488646790738007,0.024147744651230013,0.028977293581476014,0.13039782111664208,0.043465940372214025,0.028977293581476014
5,0.03203974391833022,0.05746440713987271,0.04581879639059618,0.06872819458589427,0.03848778896810079,0.07697557793620158,0.037418683718986885,0.06414631494683465,0.037418683718986885,0.04810973621012599,0.04009144684177166,0.025658525978733863,0.04009144684177166,0.016036578736708662,0.032073157473417324,0.04009144684177166,0.04276420996455644,0.09621947242025199,0.06414631494683465,0.032073157473417324,0.06414631494683465
6,0.03751106706405735,0.10456007906546452,0.03127865613069452,0.0325298023759223,0.05630158103525013,0.03753438735683342,0.05254814229956679,0.11260316207050027,0.01501375494273337,0.10009169961822247,0.026274071149783394,0.01876719367841671,0.032172332020142934,0.03753438735683342,0.012511462452277808,0.07506877471366684,0.03002750988546674,0.01876719367841671,0.07506877471366684,0.03753438735683342,0.05630158103525013
7,0.02827193908243776,0.10918671466526449,0.04812303350061656,0.07784608360393855,0.038923041801969274,0.032351619160078365,0.04529226682410971,0.04852742874011755,0.021230750073801426,0.04246150014760285,0.011323066706027427,0.022646133412054854,0.016175809580039183,0.014153833382534283,0.014153833382534283,0.04246150014760285,0.028307666765068566,0.018871777843379046,0.19815366735547996,0.0849230002952057,0.05661533353013713
8,0.0214371204455911,0.037551822756968375,0.023604002875808692,0.03316264866849155,0.019507440393230328,0.04291636886510672,0.025034548504645586,0.015605952314584262,0.012261819675744778,0.035763640720922266,0.19312365989298022,0.035763640720922266,0.23604002875808688,0.06437455329766008,0.02145818443255336,0.02145818443255336,0.05364546108138339,0.02145818443255336,0.02145818443255336,0.04291636886510672,0.02145818443255336
9,0.029839383302763423,0.09161943061193964,0.04481385192975308,0.059751802573004116,0.04107936426894032,0.15933814019467765,0.04107936426894032,0.01327817834955647,0.012803957694215167,0.08962770385950616,0.059751802573004116,0.029875901286502058,0.08215872853788064,0.005975180257300412,0.029875901286502058,0.014937950643251029,0.03734487660812757,0.029875901286502058,0.059751802573004116,0.059751802573004116,0.0074689753216255145
10,0.035449847562169505,0.08448396825213496,0.03339601568554982,0.03903159333248635,0.02759809629569742,0.08515983999815203,0.03548326666589668,0.0780631866649727,0.04139714444354613,0.062095716665319184,0.05913877777649447,0.01774163333294834,0.02365551111059779,0.03548326666589668,0.07096653333179335,0.03548326666589668,0.07096653333179335,0.028386613332717345,0.04731102222119558,0.05322489999884502,0.03548326666589668
11,0.04045763636302714,0.06070105491854397,0.04046736994569598,0.04046736994569598,0.022481872192053325,0.045525791188907976,0.028905264246925702,0.03642063295112638,0.04046736994569598,0.02697824663046399,0.05395649326092798,0.06744561657615997,0.08093473989139197,0.030350527459271984,0.013489123315231995,0.02023368497284799,0.16186947978278393,0.013489123315231995,0.05395649326092798,0.04046736994569598,0.08093473989139197
12,0.041561059287825136,0.07153091005335817,0.11090063574164058,0.048519028136967755,0.02911141688218065,0.062381607604672824,0.04990528608373825,0.05545031787082029,0.02970552743079658,0.041587738403115214,0.04752884388927454,0.011882210972318634,0.033270190722492175,0.05198467300389402,0.08317547680623043,0.062381607604672824,0.024952643041869126,0.041587738403115214,0.033270190722492175,0.041587738403115214,0.027725158935410145
13,0.03121845343712981,0.08059312466778848,0.04017907964487414,0.02884651871939682,0.014204725126975707,0.1250015811173862,0.04166719370579541,0.04166719370579541,0.0625007905586931,0.015625197639673277,0.04166719370579541,0.023437796459509917,0.019531497049591597,0.03125039527934655,0.025000316223477245,0.09375118583803967,0.09375118583803967,0.03906299409918319,0.10937638347771293,0.010416798426448853,0.03125039527934655
14,0.03623411693561173,0.07911334233055808,0.05933500674791856,0.031994366383681576,0.046620362444793145,0.06043380316917631,0.041440322173149476,0.046620362444793145,0.07252056380301157,0.036260281901505785,0.024173521267670525,0.024173521267670525,0.043512338281806937,0.025900201358218418,0.018130140950752893,0.04532535237688223,0.036260281901505785,0.018130140950752893,0.18130140950752893,0.054390422852258674,0.018130140950752893
15,0.0309314132026927,0.06533107248258892,0.03570726633663767,0.02813299771977513,0.017683598566715798,0.037135556990103166,0.02320972311881448,0.02320972311881448,0.037135556990103166,0.15473148745876322,0.021662408244226848,0.04951407598680423,0.020630864994501764,0.008841799283357899,0.007736574372938161,0.05157716248625441,0.21662408244226847,0.04641944623762896,0.05415602061056712,0.061892594983505286,0.007736574372938161
16,0.030267069047054156,0.07297609201860918,0.02423357017976456,0.15145981362352848,0.03534062317882331,0.016522888758930383,0.018175177634823417,0.041651448746470324,0.025243302270588082,0.018175177634823417,0.09087588817411708,0.03786495340588212,0.060583925449411394,0.010097320908235233,0.018175177634823417,0.07572990681176424,0.025243302270588082,0.020194641816470467,0.18175177634823417,0.030291962724705697,0.015145981362352848
17,0.03028207742277336,0.09092458568591351,0.030308195228637834,0.03333901475150161,0.07577048807159459,0.037885244035797294,0.01010273174287928,0.021648710877598454,0.017318968702078764,0.037885244035797294,0.030308195228637834,0.04849311236582054,0.036369834274365395,0.004329742175519691,0.01010273174287928,0.030308195228637834,0.12123278091455134,0.181849171371827,0.030308195228637834,0.06061639045727567,0.06061639045727567
18,0.03259775511303868,0.0570964119372524,0.06887821122589179,0.03534539786591815,0.036251690118890414,0.07612854924966987,0.016313260553500686,0.02718876758916781,0.02718876758916781,0.006525304221400275,0.06525304221400274,0.0261012168856011,0.07612854924966987,0.013982794760143446,0.08156630276750343,0.06525304221400274,0.11419282387450479,0.07612854924966987,0.03262652110700137,0.03262652110700137,0.03262652110700137
19,0.03202775029323247,0.08417235497827164,0.0553861383406809,0.06413131807868315,0.024939957030599005,0.02565252723147326,0.03847879084720989,0.07054444988655145,0.032065659039341575,0.04008207379917697,0.09619697711802473,0.04008207379917697,0.027484850605149925,0.01068855301311386,0.06413131807868315,0.032065659039341575,0.04275421205245544,0.016032829519670787,0.07481987109179701,0.032065659039341575,0.09619697711802473
20,0.02945363979686779,0.06388406421590238,0.022932741000580344,0.04586548200116069,0.06879822300174103,0.04422742907254781,0.041278933801044616,0.10319733450261154,0.04422742907254781,0.024570793929193226,0.14742476357515935,0.01179398108601275,0.03538194325803824,0.009828317571677292,0.019656635143354584,0.04422742907254781,0.02948495271503187,0.03685619089378984,0.07371238178757968,0.05896990543006374,0.04422742907254781
21,0.03960257959030611,0.11890066901183423,0.05764880921785902,0.051523623238461484,0.0346793617951183,0.11097395774437858,0.019816778168639033,0.04954194542159759,0.027743489436094646,0.0924782981203155,0.019816778168639033,0.03963355633727807,0.06605592722879679,0.011323873239222307,0.013211185445759357,0.0594503345059171,0.02378013380236684,0.03170684506982246,0.07926711267455613,0.013211185445759357,0.03963355633727807
22,0.03157245888413663,0.06609197086807929,0.05478928599498747,0.05268200576441104,0.05268200576441104,0.04425288484210527,0.035121337176274026,0.022578002470461874,0.014367819753930283,0.06321840691729325,0.03160920345864662,0.04425288484210527,0.05689656622556391,0.023706902593984964,0.023706902593984964,0.018965522075187972,0.03160920345864662,0.1264368138345865,0.07902300864661656,0.04741380518796993,0.07902300864661656
23,0.030138116715871386,0.10185900366875704,0.07545111382870892,0.051737906625400405,0.010060148510494523,0.02553730006510148,0.048288712850373706,0.04024059404197809,0.06790600244583803,0.04024059404197809,0.07545111382870892,0.030180445531483566,0.07545111382870892,0.01810826731889014,0.007545111382870891,0.04527066829722535,0.03772555691435446,0.007545111382870891,0.13581200489167605,0.06036089106296713,0.015090222765741783
24,0.033485898866224995,0.07444444545327158,0.03547058871597058,0.01773529435798529,0.020615384894752134,0.027409091280522723,0.10050000136191664,0.028714286103404756,0.02512500034047916,0.04466666727196296,0.09212500124842357,0.055833334089953696,0.033500000453972216,0.05025000068095832,0.008375000113493054,0.13400000181588886,0.04466666727196296,0.033500000453972216,0.02233333363598148,0.10050000136191664,0.016750000226986108
25,0.030774032245726664,0.06022646909455744,0.06778979312038558,0.030813542327447995,0.069330470236758,0.07395250158587519,0.038516927909309995,0.030813542327447995,0.04622031349117199,0.05135590387907999,0.04622031349117199,0.020542361551632,0.04313895925842719,0.05135590387907999,0.025677951939539995,0.04622031349117199,0.06162708465489599,0.06162708465489599,0.05135590387907999,0.030813542327447995,0.06162708465489599
26,0.03521142373279395,0.07201439346409533,0.05873514360546782,0.052861629244921035,0.026430814622460518,0.04405135770410086,0.014096434465312276,0.02202567885205043,0.03964622193369077,0.056385737861249105,0.052861629244921035,0.052861629244921035,0.02349405744218713,0.008810271540820171,0.10572325848984207,0.08810271540820172,0.04698811488437426,0.017620543081640343,0.05873514360546782,0.07048217232656137,0.052861629244921035
27,0.025897648160691924,0.04469949165265302,0.04478076345565784,0.03456760687805167,0.056172361176833954,0.041481128253662,0.02592570515853875,0.02592570515853875,0.006481426289634687,0.022222032993033217,0.05703655134878524,0.0074073443310110725,0.011111016496516609,0.07777711547561625,0.02592570515853875,0.07777711547561625,0.103702820634155,0.02592570515853875,0.07777711547561625,0.1555542309512325,0.0518514103170775
28,0.032911865966299456,0.1035493459542898,0.03294751916727403,0.0768775447236394,0.03294751916727403,0.04118439895909253,0.06040378514000238,0.04118439895909253,0.03294751916727403,0.03765430761974175,0.06589503833454806,0.02635801533381922,0.027456265972728357,0.019768511500364416,0.016473759583637015,0.06589503833454806,0.021965012778182687,0.09884255750182208,0.0768775447236394,0.06589503833454806,0.021965012778182687
29,0.02999987789985144,0.11263498311261368,0.034326851996225115,0.05578113449386581,0.022526996622522735,0.03303959504636667,0.010922180180617086,0.05149027799433768,0.052562992119219706,0.0675809898675682,0.03754499437087123,0.05005999249449497,0.05406479189405456,0.012014398198678793,0.007508998874174245,0.06007199099339396,0.12014398198678793,0.052562992119219706,0.06007199099339396,0.04505399324504547,0.03003599549669698
30,0.03245370778506548,0.11972701211804854,0.048745997790919766,0.03574706504667449,0.021664887907075454,0.03791355383738204,0.03791355383738204,0.048745997790919766,0.019498399116367904,0.039718961162971654,0.06499466372122635,0.032497331860613175,0.016248665930306588,0.048745997790919766,0.06499466372122635,0.048745997790919766,0.048745997790919766,0.021664887907075454,0.06499466372122635,0.1299893274424527,0.016248665930306588
31,0.028238918158318065,0.06428111491255295,0.06363830376342741,0.05091064301074193,0.021998425992295897,0.06868896279227085,0.01212158166922427,0.047139484269205494,0.028283690561523297,0.05185343269612604,0.056567381123046594,0.014141845280761648,0.047139484269205494,0.11313476224609319,0.0188557937076822,0.08485107168456989,0.056567381123046594,0.0188557937076822,0.12727660752685482,0.011313476224609318,0.014141845280761648
32,0.03381661616926626,0.07521131721947913,0.040614111298518725,0.05076763912314841,0.021153182967978502,0.08461273187191401,0.025383819561574206,0.016922546374382803,0.033845092748765605,0.05076763912314841,0.05076763912314841,0.08461273187191401,0.033845092748765605,0.033845092748765605,0.008461273187191401,0.06769018549753121,0.05640848791460935,0.08461273187191401,0.07897188308045308,0.05076763912314841,0.016922546374382803
33,0.036733133278767885,0.10539880411369211,0.03151459259213386,0.053107924553410756,0.02626216049344488,0.04779713209806967,0.05882723950531653,0.10294766913430392,0.07353404938164566,0.02451134979388189,0.07353404938164566,0.04412042962898739,0.06127837448470472,0.04902269958776378,0.009191756172705708,0.03676702469082283,0.03676702469082283,0.018383512345411416,0.03676702469082283,0.03676702469082283,0.03676702469082283
34,0.02678569782619881,0.046937029851447015,0.05960257758913907,0.07152309310696689,0.023468514925723504,0.02682115991511258,0.021456927932090065,0.09387405970289402,0.02682115991511258,0.12069521961800661,0.05900655181324767,0.01341057995755629,0.06258270646859602,0.02682115991511258,0.05364231983022516,0.032185391898135095,0.08046347974533774,0.017880773276741722,0.10728463966045032,0.015326377094350047,0.01341057995755629
35,0.03431886587122265,0.0716837488022445,0.14426354446451706,0.02113751567245671,0.022898975311828107,0.04906923281106022,0.029441539686636136,0.025761347225806617,0.03925538624884818,0.04121815556129058,0.034348462967742154,0.034348462967742154,0.1545680833548397,0.034348462967742154,0.017174231483871077,0.034348462967742154,0.045797950623656214,0.034348462967742154,0.051522694451613234,0.045797950623656214,0.034348462967742154
36,0.03506725011703296,0.13400858970378482,0.03509748777956269,0.05615598044730031,0.027298046050770984,0.04786021060849458,0.03509748777956269,0.03509748777956269,0.05615598044730031,0.04094706907615648,0.029247906482968912,0.02632311583467202,0.017548743889781344,0.02339832518637513,0.017548743889781344,0.043871859724453365,0.02339832518637513,0.14038995111825076,0.10529246333868808,0.03509748777956269,0.03509748777956269
37,0.0396782762422783,0.0983258696735771,0.06618087381875383,0.04412058254583588,0.025269060912615094,0.05294469905500306,0.03573767186212706,0.028878926757274402,0.03176681943300184,0.039708524291252295,0.05559193400775321,0.05956278643687844,0.046326611673127675,0.039708524291252295,0.11912557287375689,0.039708524291252295,0.02647234952750153,0.03176681943300184,0.039708524291252295,0.05294469905500306,0.02647234952750153
38,0.037327495203108844,0.08717261803531237,0.05773770804936275,0.05603954016555796,0.02905753934510413,0.053964001640907665,0.01400988504138949,0.02801977008277898,0.03268973176324214,0.09962584918321417,0.02801977008277898,0.04669961680463164,0.08717261803531239,0.031133077869754423,0.018679846721852654,0.049812924591607084,0.03735969344370531,0.09339923360926328,0.05603954016555796,0.03735969344370531,0.018679846721852654
39,0.029809673000082644,0.07295287428521981,0.04775097225941661,0.04775097225941661,0.018652723538834612,0.05968871532427076,0.03481841727249128,0.04178210072698953,0.026528317921898116,0.02984435766213538,0.05968871532427076,0.03581322919456245,0.02984435766213538,0.04476653649320307,0.05968871532427076,0.049740596103558965,0.022383268246601536,0.06963683454498255,0.17906614597281229,0.01989623844142359,0.01989623844142359
40,0.03052801522498896,0.06915623369969329,0.039288092899161305,0.0407432074509821,0.0407432074509821,0.0213901839117656,0.030557405588236573,0.036668886705883884,0.1222296223529463,0.05500333005882582,0.01909837849264786,0.0427803678235312,0.008730687310924736,0.045836108382354857,0.030557405588236573,0.09167221676470971,0.030557405588236573,0.0407432074509821,0.1222296223529463,0.050929009313727625,0.030557405588236573
41,0.03355357503100526,0.07746859390690987,0.02826924128532851,0.04795674860903944,0.048489601371362094,0.024414344746420083,0.021362551653117567,0.03356972402632761,0.037765939529618556,0.03356972402632761,0.15106375811847422,0.02014183441579656,0.16784862013163804,0.014919877345034492,0.013427889610531043,0.07832935606143109,0.03356972402632761,0.03356972402632761,0.06713944805265522,0.016784862013163804,0.016784862013163804
42,0.027266515478933776,0.07797462801772075,0.042452853031870186,0.039420506386736595,0.02729111980620226,0.02729111980620226,0.01819407987080151,0.03508858260797433,0.023879729830426973,0.04548519967700377,0.19103783864341578,0.02729111980620226,0.03411389975775282,0.01819407987080151,0.010234169927325848,0.03638815974160302,0.02729111980620226,0.03638815974160302,0.21832895844961808,0.02729111980620226,0.009097039935400755
43,0.0318471933378802,0.09565084268489732,0.037510134386234247,0.05217318691903491,0.04099321829352742,0.06376722845659821,0.003985451778537388,0.05739050561093839,0.035869066006836495,0.06376722845659821,0.021255742818866073,0.05579632489952343,0.019130168536979464,0.012753445691319644,0.04782542134244866,0.02550689138263929,0.021255742818866073,0.07970903557074777,0.15941807114149553,0.06376722845659821,0.010627871409433037
44,0.02718369669541821,0.0768879719791844,0.08471915431039763,0.06353936573279823,0.025136452377810287,0.05990854483378117,0.06353936573279823,0.07488568104222645,0.03403894592828476,0.04084673511394171,0.047654524299598655,0.018154104495085206,0.09530904859919731,0.03403894592828476,0.013615578371313903,0.013615578371313903,0.04084673511394171,0.027231156742627806,0.06353936573279823,0.05446231348525561,0.04084673511394171
45,0.03395674053604516,0.055221766133923954,0.04966691391926888,0.04443881771724058,0.014563982277078846,0.07281991138539422,0.011327541771061326,0.040779150375820764,0.048546607590262816,0.027186100250547178,0.045310167084245304,0.05097393796977596,0.05097393796977596,0.011327541771061326,0.05097393796977596,0.040779150375820764,0.08495656328295993,0.07929279239742927,0.08495656328295993,0.06796525062636795,0.033982625313183974
46,0.03317404282830522,0.12178946041839471,0.031261465775844634,0.0806657465108848,0.018980175649619957,0.04151913423354365,0.04982296108025238,0.033215307386834925,0.016607653693417462,0.033215307386834925,0.0442870765157799,0.033215307386834925,0.09964592216050476,0.04151913423354365,0.011071769128944975,0.033215307386834925,0.04982296108025238,0.0442870765157799,0.1328612295473397,0.033215307386834925,0.016607653693417462
47,0.024373928235062438,0.044150323433195617,0.03565987661911954,0.034565055845725515,0.021349005081183405,0.0383410703498804,0.04473124874152714,0.024398862949923893,0.006971103699978256,0.03659829442488584,0.04879772589984779,0.21958976654931503,0.03415840812989345,0.024398862949923893,0.0081329543166413,0.04066477158320649,0.012199431474961947,0.024398862949923893,0.12199431474961947,0.14639317769954335,0.0081329543166413
48,0.0292729462140303,0.11513695035956337,0.036070876756003074,0.0358203845563086,0.03516910483710299,0.019538391576168334,0.03663448420531562,0.029307587364252496,0.03516910483710299,0.04103062230995349,0.025120789169359285,0.05861517472850499,0.05861517472850499,0.04884597894042083,0.009769195788084167,0.04884597894042083,0.007326896841063124,0.02198069052318937,0.11723034945700998,0.14653793682126248,0.04396138104637874
49,0.029108968606635047,0.13117960557608432,0.052471842230433725,0.06121714926883936,0.03643877932669009,0.03279490139402108,0.04858503910225346,0.02550714552868306,0.02429251955112673,0.08745307038405623,0.035629028674985866,0.06801905474315484,0.06801905474315484,0.014575511730676036,0.021863267596014056,0.017490614076811243,0.14575511730676036,0.03643877932669009,0.04372653519202811,0.009717007820450691,0.009717007820450691
50,0.040618219711434596,0.10161480108232677,0.06253218528143187,0.04645248049477796,0.022170502054325844,0.04434100410865169,0.0522590405566252,0.07113036075762874,0.04064592043293071,0.06774320072155118,0.0745175207937063,0.020322960216465354,0.030484440324698034,0.027097280288620476,0.010161480108232677,0.04064592043293071,0.020322960216465354,0.030484440324698034,0.09484048101017166,0.020322960216465354,0.08129184086586141
51,0.029342937859899405,0.037280306375060746,0.06608781584669858,0.05874472519706541,0.05287025267735886,0.03304390792334929,0.037764466198113474,0.011748945039413082,0.03524683511823924,0.07832630026275389,0.023497890078826165,0.04112130763794578,0.14686181299266352,0.022029271948899528,0.01762341755911962,0.05874472519706541,0.05874472519706541,0.05874472519706541,0.05874472519706541,0.044058543897799056,0.029372362598532705
52,0.034244228500368894,0.055904657831899233,0.05007836594867401,0.022026950436070895,0.015814220825897056,0.02741131609822156,0.039159022997459374,0.04894877874682422,0.047969803171887725,0.08223394829466468,0.03426414512277695,0.07994967195314623,0.0685282902455539,0.017132072561388476,0.04283018140347119,0.0685282902455539,0.05139621768416543,0.07994967195314623,0.01370565804911078,0.08566036280694238,0.03426414512277695
53,0.04014674178352107,0.16434205640420924,0.05222425347955982,0.04820700321190138,0.023433959894674283,0.05738928953797783,0.03012937700743836,0.051650360584180044,0.033477085563820404,0.08034500535316896,0.05356333690211265,0.02410350160595069,0.022955715815191135,0.04017250267658448,0.016069001070633793,0.03012937700743836,0.02410350160595069,0.026781668451056326,0.1004312566914612,0.04017250267658448,0.04017250267658448
54,0.02782777704803529,0.08357541511845411,0.06268156133884058,0.02188879919769036,0.01547692872563965,0.034049243196407224,0.02785847170615137,0.03250155032384326,0.03482308963268921,0.048752325485764886,0.00928615723538379,0.02785847170615137,0.07428925788307032,0.041787707559227054,0.08357541511845411,0.11143388682460548,0.041787707559227054,0.020893853779613527,0.09750465097152977,0.046430786176918946,0.05571694341230274
55,0.030802540231416486,0.09250028778279164,0.039642980478339265,0.03854178657616318,0.022424312189767672,0.052857307304452365,0.07194466827550461,0.08222247802914812,0.008409117071162877,0.030833429260930544,0.04625014389139581,0.030833429260930544,0.09250028778279162,0.015416714630465272,0.02055561950728703,0.03854178657616318,0.015416714630465272,0.05138904876821757,0.18500057556558325,0.018500057556558324,0.015416714630465272
56,0.0345349794926415,0.05497396675038736,0.04895300848724969,0.021116984053323396,0.05528810370324672,0.050261912457497025,0.0345550648145292,0.0518325972217938,0.0172775324072646,0.1036651944435876,0.023036709876352802,0.046073419752705604,0.0518325972217938,0.0345550648145292,0.011518354938176401,0.1036651944435876,0.057591774690882,0.0172775324072646,0.09214683950541121,0.02073303888871752,0.0691101296290584
57,0.0405944420189701,0.09545242655443156,0.06498888616471936,0.029929092312699704,0.01740773736554983,0.0812361077058992,0.0406180538529496,0.01740773736554983,0.04642063297479955,0.04874166462353952,0.0406180538529496,0.1624722154117984,0.07108159424266179,0.02707870256863307,0.0406180538529496,0.0101545134632374,0.02707870256863307,0.032494443082359686,0.0609270807794244,0.02437083231176976,0.0203090269264748
58,0.024462046974312375,0.05878665884562976,0.05388777060849394,0.0367416617785186,0.02004090642464651,0.024494441185679065,0.024494441185679065,0.0367416617785186,0.02721604576186563,0.12247220592839533,0.05715369609991783,0.024494441185679065,0.05715369609991783,0.01632962745711938,0.01749602941834219,0.09797776474271626,0.09797776474271626,0.024494441185679065,0.09797776474271626,0.030618051482098833,0.04898888237135813
59,0.03182602131374874,0.0730624231341579,0.029724541377657402,0.023354996796730813,0.0891736241329722,0.06369544580926587,0.014698949032907508,0.06369544580926587,0.05307953817438822,0.04777158435694939,0.023885792178474696,0.04777158435694939,0.02653976908719411,0.03980965363079116,0.003538635878292548,0.03184772290463293,0.012739089161853172,0.05307953817438822,0.14331475307084818,0.09554316871389879,0.03184772290463293
60,0.0297449836856904,0.07310710151430405,0.07658839206260422,0.037230468363765944,0.03574124962921531,0.026805937221911477,0.019856249794008508,0.07446093672753189,0.05956874938202551,0.029784374691012756,0.05956874938202551,0.029784374691012756,0.029784374691012756,0.005956874938202551,0.029784374691012756,0.04964062448502126,0.10424531141854464,0.04964062448502126,0.14892187345506377,0.023827499752810205,0.005956874938202551
61,0.030168073693009983,0.06845364855628015,0.13892063971715676,0.06902888930045058,0.026844568061286336,0.06040027813789425,0.030200139068947127,0.01677785503830396,0.015100069534473563,0.05033356511491188,0.09815045197407815,0.010066713022982376,0.03624016688273655,0.012080055627578851,0.015100069534473563,0.020133426045964752,0.04530020860342069,0.1208005562757885,0.06040027813789425,0.04530020860342069,0.030200139068947127
62,0.020309905342687624,0.06238244182022584,0.04972513478423799,0.047464901384954454,0.026444730771617474,0.027970388316133868,0.026154129334566737,0.011301166996417727,0.020342100593551907,0.03254736094968305,0.020342100593551907,0.040684201187103815,0.24410520712262287,0.008136840237420763,0.020342100593551907,0.016273680474841526,0.040684201187103815,0.14239470415486333,0.020342100593551907,0.10171050296775953,0.020342100593551907
63,0.03166086876062192,0.06703403825887365,0.03366936921638881,0.03520979787334778,0.031688818086012996,0.04929371702268689,0.040742766110588136,0.0760531634064312,0.0190132908516078,0.031688818086012996,0.008642404932549001,0.03961102260751625,0.12675527234405198,0.018107896049150286,0.031688818086012996,0.158444090430065,0.12675527234405198,0.010562939362004335,0.015844409043006498,0.031688818086012996,0.015844409043006498
64,0.029014501914240414,0.098049701609071,0.03449896908467313,0.03631470429965593,0.013205347018056701,0.03550771087077468,0.07989234945924302,0.01936784229314983,0.02905176343972474,0.07989234945924302,0.034862116127669686,0.02905176343972474,0.02905176343972474,0.05810352687944948,0.011620705375889898,0.01936784229314983,0.08715529031917423,0.05810352687944948,0.13073293547876133,0.02905176343972474,0.05810352687944948
65,0.030546280967002484,0.17234262142436296,0.026208785746562113,0.039749991715619194,0.02548076392026872,0.06115383340864492,0.01274038196013436,0.026208785746562113,0.03057691670432246,0.022932687528241846,0.03494504766208282,0.012230766681728985,0.04280768338605144,0.022932687528241846,0.013104392873281056,0.018346150022593474,0.03057691670432246,0.040769222272429954,0.21403841693025719,0.09173075011296739,0.03057691670432246
66,0.03394236922166425,0.12738599350954805,0.03639599814558516,0.04852799752744688,0.030195198461522504,0.02547719870190961,0.010190879480763844,0.06793919653842563,0.16984799134606407,0.033969598269212815,0.008492399567303204,0.033969598269212815,0.15286319221145767,0.020381758961527687,0.027175678615370253,0.033969598269212815,0.020381758961527687,0.016984799134606408,0.08492399567303204,0.008492399567303204,0.008492399567303204
67,0.03425400650779323,0.0907687604841772,0.0754389253801828,0.08229700950565398,0.04572056083647444,0.05143563094103374,0.08001098146383026,0.03429042062735583,0.042863025784194785,0.03429042062735583,0.06858084125471166,0.012858907735258435,0.021431512892097392,0.05715070104559305,0.020574252376413495,0.013716168250942332,0.04572056083647444,0.017145210313677915,0.06858084125471166,0.03429042062735583,0.06858084125471166
68,0.030114988219742986,0.07084973303884443,0.06577924924302771,0.02153487326408645,0.048238116111553646,0.05125299836852574,0.047376721180990185,0.0387627718753556,0.035173626331341204,0.054267880625497845,0.012059529027888411,0.045223233854581546,0.020099215046480687,0.010049607523240344,0.012059529027888411,0.015074411284860515,0.020099215046480687,0.040198430092961375,0.21104175798804717,0.06029764513944206,0.09044646770916309
69,0.025196947069918377,0.14577807139993004,0.028034244499986545,0.06307705012496972,0.028835222914271878,0.05676934511247275,0.00970416155768765,0.10092328019995156,0.029435956724985873,0.046857237235691795,0.018923115037490917,0.10092328019995156,0.05676934511247275,0.010813208592851955,0.018923115037490917,0.016820546699991928,0.010092328019995156,0.02523082004998789,0.15138492029992734,0.05046164009997578,0.005046164009997578
70,0.030661349759549348,0.07161631661271496,0.0424975944734792,0.037775639531981514,0.12277082847893993,0.05524687281552296,0.010230902373244994,0.1381171820388074,0.030692707119734982,0.04603906067960247,0.03683124854368198,0.04603906067960247,0.040923609492979976,0.061385414239469964,0.020461804746489988,0.040923609492979976,0.024554165695787986,0.040923609492979976,0.040923609492979976,0.030692707119734982,0.030692707119734982
71,0.03343660791879471,0.04889437064945986,0.06082553286535676,0.07359889476708166,0.021288936502874865,0.07646638417359136,0.04014485169113546,0.022302695383964146,0.04014485169113546,0.02867489406509676,0.03345404307594622,0.06690808615189243,0.0468356603063247,0.013381617230378487,0.026763234460756975,0.0055756738459910365,0.010036212922783864,0.10036212922783865,0.05018106461391932,0.16727021537973108,0.03345404307594622
72,0.029418829535266155,0.06236993062863601,0.04581494904202275,0.051541817672275586,0.02524497192111458,0.047123947586080545,0.029452467241300337,0.051541817672275586,0.019634978160866894,0.0706859213791208,0.07853991264346757,0.02524497192111458,0.029452467241300337,0.036815584051625425,0.022089350430975253,0.029452467241300337,0.011780986896520136,0.07363116810325085,0.1472623362065017,0.09817489080433446,0.014726233620650168
73,0.03634300559715257,0.11694569918729396,0.07276621282764957,0.05760658515522257,0.018191553206912393,0.041980507400567066,0.050936348979354694,0.10914931924147435,0.04365972769658974,0.03118551978327839,0.028297971655197054,0.029106485131059828,0.058212970262119655,0.009095776603456196,0.027287329810368587,0.048510808551766385,0.014553242565529914,0.036383106413824785,0.07276621282764957,0.07276621282764957,0.024255404275883193
74,0.038989417136621324,0.12357050943395154,0.041809570861111416,0.039022266137037326,0.02483235117811466,0.03512003952333359,0.039022266137037326,0.06341118247268564,0.09755566534259331,0.030350651439917917,0.04552597715987688,0.07804453227407465,0.032518555114197774,0.007804453227407465,0.009755566534259331,0.06503711022839555,0.01300742204567911,0.07804453227407465,0.039022266137037326,0.05853339920555598,0.039022266137037326
75,0.03441282562042435,0.09349803611227273,0.056367237082040014,0.05323572391081557,0.039367594152535886,0.034446644883468894,0.031315131712244454,0.06889328976693779,0.06889328976693779,0.034446644883468894,0.04305830610433612,0.04305830610433612,0.028705537402890748,0.017223322441734447,0.008611661220867223,0.0229644299223126,0.0459288598446252,0.06889328976693779,0.05166996732520335,0.05166996732520335,0.1033399346504067
76,0.032096348738645336,0.07496507421616151,0.040695326003059105,0.04283718526637801,0.03569765438864834,0.11244761132424225,0.027538190528385863,0.07228775013701288,0.0321278889497835,0.0449790445296969,0.03614387506850644,0.04819183342467526,0.0385534667397402,0.02409591671233763,0.04819183342467526,0.09638366684935051,0.02409591671233763,0.064255777899567,0.04015986118722938,0.0321278889497835,0.0321278889497835
77,0.033527355598537804,0.07382675421361734,0.05704794643779521,0.05273339586686953,0.019175780315225287,0.05273339586686953,0.020973509719777655,0.07550463499119955,0.014914495800730777,0.04474348740219233,0.134230462206577,0.0671152311032885,0.08948697480438467,0.02013456933098655,0.00671152311032885,0.016778807775822125,0.03355761555164425,0.05033642332746637,0.046980661772301945,0.0671152311032885,0.022371743701096167
78,0.03203020202059512,0.06892294447770494,0.04525720020423855,0.0320571834780023,0.021371455652001537,0.048085775217003454,0.024042887608501727,0.048085775217003454,0.018700023695501344,0.02671431956500192,0.025645746782401842,0.0641143669560046,0.07480009478200537,0.01602859173900115,0.09617155043400691,0.19234310086801382,0.0320571834780023,0.021371455652001537,0.04007147934750288,0.04007147934750288,0.0320571834780023
79,0.027934561532093522,0.09324968907487743,0.038147600076086224,0.06793905918312498,0.022379925377970584,0.02797490672246323,0.02486658375330065,0.020981180041847423,0.04662484453743872,0.04475985075594117,0.09324968907487743,0.04196236008369485,0.06527478235241421,0.018649937814975488,0.02797490672246323,0.020981180041847423,0.05594981344492646,0.0839247201673897,0.11189962688985292,0.037299875629950976,0.02797490672246323
80,0.035072078704292915,0.11993296993538857,0.05105793842038717,0.05424905957166135,0.02507309476001155,0.04467569611783876,0.020058475808009242,0.031202073479125486,0.046803110218688236,0.11232746452485175,0.029251943886680145,0.043877915830020216,0.014625971943340072,0.03510233266401617,0.021938957915010108,0.028081866131212937,0.029251943886680145,0.03510233266401617,0.0819054428827044,0.10530699799204851,0.03510233266401617
81,0.03237318969375485,0.045121986502358116,0.034554957184711854,0.03488721638841101,0.05039264589437146,0.05264231758608447,0.04049409045083421,0.03239527236066737,0.009718581708200209,0.038874326832800836,0.03239527236066737,0.038874326832800836,0.04165106446371518,0.04049409045083421,0.016197636180333683,0.06479054472133473,0.09718581708200211,0.06479054472133473,0.048592908541001054,0.16197636180333683,0.021596848240444912
82,0.03346835600941808,0.07178695932259326,0.04652858474612527,0.05955658847504034,0.02512543576290764,0.033500581017210186,0.01256271788145382,0.053600929627536306,0.08375145254302548,0.05025087152581528,0.06700116203442037,0.011166860339070064,0.11166860339070063,0.013400232406884077,0.016750290508605093,0.04466744135628026,0.016750290508605093,0.04187572627151274,0.11725203356023564,0.02233372067814013,0.06700116203442037
83,0.03404269585631819,0.09796698547805817,0.055981134558890394,0.026503145829812846,0.07301887116377008,0.030977702917963066,0.017037736604879686,0.03975471874471927,0.03407547320975937,0.017037736604879686,0.05963207811707889,0.06815094641951874,0.05679245534959895,0.011358491069919792,0.02555660490731953,0.02555660490731953,0.10222641962927811,0.10222641962927811,0.04543396427967917,0.042594341512199214,0.03407547320975937
84,0.0383066006815397,0.1030419129003858,0.057511765339750213,0.09311428674054796,0.04381848787790493,0.05477310984738115,0.017427807678712187,0.07668235378633362,0.03286386590842869,0.019170588446583404,0.028755882669875107,0.03834117689316681,0.0613458830290669,0.02556078459544454,0.007668235378633362,0.05367764765043353,0.06390196148861135,0.02556078459544454,0.05112156919088908,0.03067294151453345,0.07668235378633362
85,0.030773575056512743,0.051750418047337356,0.07529822731755434,0.0280034729693384,0.030803820266272236,0.02566985022189353,0.023102865199704177,0.052806549027895264,0.07700955066568059,0.05133970044378706,0.024643056213017787,0.046205730399408354,0.06160764053254447,0.06160764053254447,0.015401910133136118,0.010267940088757413,0.05133970044378706,0.04107176035502965,0.21562674186390562,0.015401910133136118,0.010267940088757413
86,0.03063074583794033,0.08177866561174353,0.04293379944616535,0.05750062425825716,0.04216712445605524,0.035047999547890084,0.03066699960440382,0.04216712445605524,0.011500124851651432,0.03066699960440382,0.1533349980220191,0.04293379944616534,0.06133399920880764,0.06133399920880764,0.040889332805871766,0.09200099881321146,0.020444666402935883,0.023000249703302864,0.023000249703302864,0.04600049940660573,0.03066699960440382
87,0.03274631982111718,0.0550667958571844,0.07283967705976774,0.0819446366922387,0.04682550668127926,0.07211128028917005,0.01092595155896516,0.013111141870758193,0.07375017302301483,0.04370380623586064,0.05244456748303277,0.07648166091275611,0.02341275334063963,0.02341275334063963,0.006555570935379096,0.04916678201534322,0.06555570935379096,0.0819446366922387,0.019666712806137285,0.0819446366922387,0.01638892733844774
88,0.03831981070110746,0.1259887600362165,0.036088851979683506,0.07668881045682745,0.038344405228413724,0.038344405228413724,0.038344405228413724,0.038344405228413724,0.04473513943314934,0.021302447349118736,0.027388860877438373,0.04793050653551715,0.04793050653551715,0.02875830392131029,0.009586101307103431,0.038344405228413724,0.006390734204735621,0.02875830392131029,0.11503321568524116,0.11503321568524116,0.038344405228413724
89,0.030262482450209245,0.10037925086798455,0.017045533166261527,0.03463219436954724,0.03787896259169228,0.11111162360229736,0.024242536058683064,0.025252641727794855,0.02272737755501537,0.06666697416137841,0.042424438102695354,0.02272737755501537,0.13636426533009222,0.05050528345558971,0.010101056691117943,0.04040422676447177,0.030303170073353827,0.04545475511003074,0.0707073968378256,0.0707073968378256,0.010101056691117943
90,0.02759452524745909,0.09900931860035558,0.02417669407683101,0.06447118420488271,0.02260677887703679,0.0368406766885044,0.0276305075163783,0.04420881202620528,0.023025422930315252,0.0276305075163783,0.04835338815366202,0.0828915225491349,0.0276305075163783,0.0552610150327566,0.1105220300655132,0.03868271052292962,0.046050845860630504,0.0552610150327566,0.0552610150327566,0.0552610150327566,0.0276305075163783
91,0.03951912620881124,0.09038195476364129,0.05437039466250295,0.10544561389091485,0.022595488690910326,0.0296565789068198,0.021967836227273926,0.1186263156272792,0.05083984955454822,0.04745052625091167,0.05535894729273028,0.03163368416727445,0.023725263125455837,0.009885526302273266,0.013180701736364356,0.10544561389091485,0.03163368416727445,0.01977105260454653,0.009885526302273266,0.07908421041818613,0.03954210520909306
92,0.032190269093809676,0.1396506548996485,0.0279301309799297,0.02578165936608896,0.032227074207611194,0.046038677439444564,0.041434809695500105,0.09668122262283359,0.048340611311416794,0.032227074207611194,0.08862445407093078,0.032227074207611194,0.045117903890655675,0.016113537103805597,0.048340611311416794,0.048340611311416794,0.042969432276814934,0.010742358069203733,0.06445414841522239,0.048340611311416794,0.032227074207611194
