,0,1,2,3,4,5,6,7,8,9,10,11,12,13,14,15,16,17,18,19,20
0,0.030507988692156134,0.04579319043986888,0.055506897502871376,0.0966745131508343,0.016438581183542675,0.030528793626579252,0.02289659521993444,0.018317276175947552,0.030528793626579252,0.018317276175947552,0.06868978565980331,0.010176264542193085,0.030528793626579252,0.030528793626579252,0.02035252908438617,0.036634552351895104,0.04579319043986888,0.04579319043986888,0.24423034901263402,0.04070505816877234,0.061057587253158505
1,0.030210698444234876,0.14298327598587898,0.04536969334167314,0.023878785969301652,0.10082154075927365,0.021172523559447463,0.030246462227782094,0.09073938668334627,0.04839433956445135,0.025593160346584848,0.04032861630370946,0.018147877336669255,0.05041077037963682,0.012098584891112837,0.04536969334167314,0.012098584891112837,0.04032861630370946,0.12098584891112837,0.05041077037963682,0.02016430815185473,0.030246462227782094
2,0.040415475398494424,0.09702631361377013,0.042673610154204455,0.055128587280551214,0.08085526134480844,0.02021381533620211,0.030320723004303166,0.03368969222700352,0.02021381533620211,0.02695175378160282,0.03368969222700352,0.030320723004303166,0.06468420907584677,0.01347587689080141,0.01617105226896169,0.02695175378160282,0.04042763067240422,0.08085526134480844,0.07074835367670738,0.1617105226896169,0.01347587689080141
3,0.031002269293263714,0.04316992236935831,0.039302616823769954,0.09308514510892885,0.0443262595756804,0.02327128627723221,0.05171396950496047,0.03878547712872035,0.012411352681190512,0.04964541072476205,0.03546100766054432,0.015514190851488141,0.11377073291091302,0.010342793900992095,0.05171396950496047,0.031028381702976282,0.062056763405952564,0.04654257255446442,0.05171396950496047,0.09308514510892885,0.062056763405952564
4,0.025643612656796218,0.0993124800500901,0.03969385958114887,0.07705278624575956,0.021403551734933215,0.09417562763370614,0.025684262081919856,0.022015081784502736,0.025684262081919856,0.0684913655517863,0.0299649724289065,0.03424568277589315,0.10273704832767942,0.10273704832767942,0.0051368524163839715,0.025684262081919856,0.010273704832767943,0.010273704832767943,0.08989491728671949,0.06421065520479964,0.025684262081919856
5,0.027079399657407674,0.052800225353588075,0.045189382059377184,0.032536355082751565,0.013556814617813153,0.049708320265314895,0.03615150564750175,0.06326513488312806,0.06778407308906577,0.04880453262412735,0.054227258471252614,0.08134088770687892,0.030987004840715784,0.003873375605089473,0.010845451694250524,0.061005665780159195,0.10845451694250523,0.04067044385343946,0.09037876411875437,0.054227258471252614,0.027113629235626307
6,0.027319038828973345,0.03922910961170711,0.0410122509576938,0.03827810089384754,0.03417687579807816,0.0410122509576938,0.01562371465055002,0.03827810089384754,0.019529643313187524,0.04296521528901255,0.021873200510770026,0.02734150063846253,0.12303675287308138,0.016404900383077518,0.009113833546154177,0.05468300127692506,0.02734150063846253,0.05468300127692506,0.1913905044692377,0.10936600255385012,0.02734150063846253
7,0.04540853145413808,0.08689984850608638,0.057813535576363255,0.038935646408571174,0.0454249208099997,0.0454249208099997,0.02445957274384599,0.06359488913399958,0.02271246040499985,0.05450990497199964,0.0908498416199994,0.0454249208099997,0.03785410067499975,0.02271246040499985,0.0908498416199994,0.02271246040499985,0.0454249208099997,0.03785410067499975,0.06813738121499956,0.030283280539999805,0.02271246040499985
8,0.02947598776101984,0.07707777724777301,0.08117765901627157,0.05411843934418105,0.029519148733189664,0.029519148733189664,0.02213936154989225,0.0442787230997845,0.035422978479827595,0.0442787230997845,0.07084595695965519,0.06887801371077588,0.0442787230997845,0.05903829746637933,0.03935886497758622,0.01967943248879311,0.0442787230997845,0.07379787183297416,0.07379787183297416,0.029519148733189664,0.029519148733189664
9,0.036931330648390236,0.07594331586321748,0.046181746133037646,0.02686937956831282,0.023090873066518823,0.042223310750205856,0.01847269845321506,0.049260529208573496,0.030787830755358434,0.12315132302143374,0.04433447628771614,0.01847269845321506,0.01847269845321506,0.03694539690643012,0.01847269845321506,0.014778158762572048,0.03694539690643012,0.06157566151071687,0.09236349226607529,0.14778158762572047,0.03694539690643012
10,0.02721623723957317,0.06962935821697908,0.03235494634538973,0.04238308761033509,0.04086940590996598,0.027246270606643988,0.01634776236398639,0.03405783825830498,0.03503091935139941,0.054492541213287976,0.02043470295498299,0.03269552472797278,0.03269552472797278,0.054492541213287976,0.007784648744755426,0.03632836080885865,0.16347762363986393,0.027246270606643988,0.054492541213287976,0.13623135303321993,0.054492541213287976
11,0.03717517798173599,0.05113637142737366,0.0371900883108172,0.0278925662331129,0.0371900883108172,0.06973141558278226,0.031877218552129036,0.03347107947973548,0.043388436362620075,0.03254132727196505,0.05206612363514408,0.030991740259014338,0.031877218552129036,0.046487610388521505,0.0278925662331129,0.1487603532432688,0.0185950441554086,0.09297522077704301,0.0557851324662258,0.0557851324662258,0.0371900883108172
12,0.033095874306201534,0.09067630701018344,0.06626345512282635,0.07572966299751584,0.03313172756141317,0.030119752328557434,0.03313172756141317,0.03313172756141317,0.01840651531189621,0.055219545935688626,0.020707329725883235,0.03313172756141317,0.03865368215498204,0.03313172756141317,0.03313172756141317,0.01893241574937896,0.09939518268423952,0.03313172756141317,0.08835127349710181,0.09939518268423952,0.03313172756141317
13,0.039325610159998727,0.1056132490011876,0.04292303167962704,0.059019168559487176,0.029509584279743588,0.03934611237299145,0.01748716105466287,0.03442784832636751,0.01686261958842491,0.044966985569133096,0.019673056186495726,0.06557685395498576,0.05246148316398861,0.029509584279743588,0.04918264046623932,0.19673056186495727,0.03934611237299145,0.026230741581994305,0.04918264046623932,0.029509584279743588,0.013115370790997153
14,0.03400080770651709,0.045378071023614894,0.06806710653542235,0.06806710653542235,0.026470541430442023,0.0935922714862057,0.01985290607283152,0.05105032990156676,0.01361342130708447,0.02977935910924727,0.05445368522833788,0.02430968090550798,0.05445368522833788,0.034033553267711174,0.034033553267711174,0.06806710653542235,0.06806710653542235,0.06806710653542235,0.08508388316927792,0.02552516495078338,0.034033553267711174
15,0.034669420433006456,0.06795830204963392,0.04082601374696406,0.06554843318262563,0.02776168934793556,0.02523789940721415,0.07807975129106876,0.03470211168491945,0.017351055842459724,0.03470211168491945,0.07807975129106876,0.02776168934793556,0.12145739089721806,0.02776168934793556,0.03470211168491945,0.028918426404099543,0.05205316752737917,0.08097159393147872,0.05205316752737917,0.03470211168491945,0.03470211168491945
16,0.039537699501519835,0.059311306144138765,0.05535721906786285,0.05436869729879386,0.02636058050850612,0.025419131204630897,0.028756996918370317,0.02636058050850612,0.04518956658601049,0.0659014512712653,0.059311306144138765,0.03295072563563265,0.039540870762759174,0.015816348305103672,0.029655653072069382,0.1977043538137959,0.011297391646502623,0.03295072563563265,0.07908174152551835,0.059311306144138765,0.015816348305103672
17,0.03003110227166407,0.07617800439304806,0.07141687911848256,0.08519908386064586,0.03608431787039119,0.10524592712197428,0.03608431787039119,0.05412647680558678,0.021478760637137613,0.05412647680558678,0.016705702717773697,0.06014052978398531,0.09021079467597796,0.012887256382282568,0.012028105956797062,0.02505855407666055,0.02255269866899449,0.04009368652265688,0.07016395141464954,0.0501171081533211,0.030070264891992656
18,0.029442247535855514,0.05892699049755061,0.08839048574632591,0.044195242873162954,0.009065690845777017,0.04051230596706604,0.049105825414625506,0.03928466033170041,0.018414684530484567,0.029463495248775305,0.03535619429853036,0.05892699049755061,0.11785398099510122,0.029463495248775305,0.014731747624387653,0.05892699049755061,0.05892699049755061,0.14731747624387653,0.03928466033170041,0.01767809714926518,0.014731747624387653
19,0.027681029244263806,0.04877529965883128,0.09699633454881222,0.05080760381128259,0.04354937469538508,0.04156985766377667,0.010392464415944167,0.03048456228676955,0.06466422303254148,0.027713238442517777,0.03325588613102133,0.027713238442517777,0.011877102189650476,0.04156985766377667,0.011085295377007112,0.0369509845900237,0.055426476885035554,0.006928309610629444,0.19399266909762442,0.08313971532755333,0.055426476885035554
20,0.03375019415478606,0.07602018340027246,0.0540587970846382,0.05068012226684831,0.033786748177898875,0.0788357457484307,0.02252449878526592,0.04223343522237359,0.033786748177898875,0.03992979330115321,0.056311246963164786,0.04054409781347865,0.09009799514106367,0.025340061133424154,0.033786748177898875,0.033786748177898875,0.006757349635579775,0.10136024453369662,0.04504899757053184,0.08446687044474718,0.016893374088949437
21,0.03536047852102517,0.0707975655010327,0.05990563234702767,0.1415951310020654,0.04424847843814544,0.04867332628195997,0.03539878275051635,0.03539878275051635,0.05309817412577452,0.07964726118866179,0.02654908706288726,0.017699391375258174,0.058997971250860586,0.021239269650309808,0.023599188500344235,0.04719837700068847,0.03539878275051635,0.023599188500344235,0.058997971250860586,0.04719837700068847,0.03539878275051635
22,0.027079060784044477,0.06565981626512583,0.0569527536734461,0.050366380799646206,0.02465487172010654,0.050850672922719733,0.04068053833817579,0.03616047852282293,0.02712035889211719,0.02712035889211719,0.04746062806120508,0.03254443067054063,0.18984251224482032,0.05424071778423438,0.009040119630705732,0.05424071778423438,0.05424071778423438,0.038743369845881705,0.04520059815352865,0.04068053833817579,0.02712035889211719
23,0.03475182734538924,0.08041678110888235,0.04547477019046986,0.0434685303291256,0.040570628307183894,0.03912167729621304,0.04636643235106731,0.03477482426330048,0.03477482426330048,0.05216223639495072,0.024839160188071772,0.03477482426330048,0.03477482426330048,0.024839160188071772,0.006954964852660096,0.027819859410640385,0.05216223639495072,0.1738741213165024,0.13909929705320193,0.01738741213165024,0.011591608087766828
24,0.019850490448839776,0.04273763283153614,0.02087186719679672,0.03180475001416643,0.012423730474283762,0.03975593751770804,0.015902375007083216,0.07951187503541608,0.03975593751770804,0.02981695313828103,0.03975593751770804,0.0993898437942701,0.026503958345138696,0.014908476569140515,0.02981695313828103,0.11926781255312412,0.01987796875885402,0.01987796875885402,0.23853562510624823,0.01987796875885402,0.03975593751770804
25,0.03804417549583361,0.0833900226912011,0.04326063430126541,0.038069358185113554,0.02537957212340904,0.0317244651542613,0.038069358185113554,0.033310688411974355,0.07613871637022711,0.044414251215965816,0.0317244651542613,0.01268978606170452,0.05075914424681808,0.038069358185113554,0.038069358185113554,0.015227743274045422,0.038069358185113554,0.07613871637022711,0.13324275364789742,0.07613871637022711,0.038069358185113554
26,0.030798569793666568,0.04762928295549653,0.026966579320391416,0.061637895589466106,0.02311421084604979,0.03424327532748117,0.025682456495610878,0.03595543909385523,0.05393315864078283,0.030818947794733053,0.09245684338419916,0.07191087818771046,0.12327579117893221,0.09245684338419916,0.04622842169209958,0.061637895589466106,0.020545965196488703,0.041091930392977406,0.041091930392977406,0.007704736948683263,0.030818947794733053
27,0.025010418389278546,0.08475764049120003,0.0822809561911325,0.04382355275397274,0.030606925732933343,0.02504203014512728,0.02146459726725196,0.030050436174152737,0.02504203014512728,0.015410480089309097,0.09182077719880004,0.007154865755750653,0.0313025376814091,0.02504203014512728,0.008347343381709095,0.22537827130614554,0.02504203014512728,0.018781522608845462,0.1252101507256364,0.05008406029025456,0.008347343381709095
28,0.034263567362194054,0.07015627816201274,0.07431368723828016,0.058307662294650585,0.024499017770861595,0.03772848736712685,0.012472227228802268,0.06859724975841246,0.04287328109900779,0.03429862487920623,0.04801807483088872,0.0600225935386109,0.07717190597821402,0.03429862487920623,0.005716437479867706,0.022865749919470824,0.04573149983894165,0.1371944995168249,0.051447937318809346,0.025723968659404673,0.03429862487920623
29,0.031391816923890994,0.059859910889214926,0.03404532431824099,0.07183189306705792,0.04190193762245045,0.07856613304209459,0.020950968811225226,0.0224474665834556,0.03142645321683784,0.052377422028063066,0.047139679825256756,0.04190193762245045,0.09427935965051351,0.06285290643367568,0.03142645321683784,0.047139679825256756,0.018855871930102703,0.043997034503572965,0.07332839083928828,0.06285290643367568,0.03142645321683784
30,0.02993953245412454,0.061195236586521595,0.02997317710360242,0.04795708336576387,0.0359678125243229,0.03297049481396266,0.026226529965652112,0.025691294660230644,0.025691294660230644,0.08392489589008677,0.06993741324173898,0.02997317710360242,0.1798390626216145,0.01798390626216145,0.01798390626216145,0.08991953131080725,0.02997317710360242,0.06993741324173898,0.0499552951726707,0.01498658855180121,0.02997317710360242
31,0.033914472296581184,0.07433802520957902,0.03915798986792207,0.03636099059164192,0.028280770460165937,0.015425874796454148,0.038179040121224014,0.03393692455219913,0.018273728605030296,0.056561540920331874,0.07918615728846463,0.04072430946263895,0.050905386828298683,0.03393692455219913,0.03393692455219913,0.013574769820879651,0.011312308184066377,0.056561540920331874,0.1696846227609956,0.03393692455219913,0.10181077365659737
32,0.024723294431840268,0.048254911193453334,0.026808283996362963,0.033744693142275066,0.030932635380418808,0.02284256151169389,0.020621756920279205,0.04536786522461425,0.008248702768111682,0.030245243483076164,0.03711916245650257,0.03299481107244673,0.12373054152167523,0.061865270760837615,0.007070316658381442,0.09898443321734018,0.018559581228251285,0.030932635380418808,0.14847664982601028,0.12373054152167523,0.024746108304335046
33,0.029092046665971982,0.06471125611247525,0.0339734094590495,0.03360007528916984,0.01456003262530693,0.05460012234490099,0.037440083893646385,0.0407680913508594,0.04368009787592079,0.02912006525061386,0.1456003262530693,0.04576010253667892,0.03494407830073663,0.05096011418857425,0.004853344208435644,0.03494407830073663,0.017472039150368317,0.03640008156326732,0.17472039150368315,0.05824013050122772,0.01456003262530693
34,0.03260998822513633,0.08362174970766394,0.03030195808221969,0.027971038229741254,0.05438812989116355,0.05128023675452563,0.06526575586939626,0.016316438967349065,0.012237329225511798,0.019035845461907244,0.06526575586939626,0.019579726760818875,0.03263287793469813,0.04351050391293084,0.048949316902047194,0.09789863380409439,0.048949316902047194,0.05438812989116355,0.06526575586939626,0.03263287793469813,0.09789863380409439
35,0.030998590376179903,0.1325920088586569,0.048487769196982236,0.02881558855134944,0.04137622971475818,0.05172028714344772,0.03103217228606863,0.03103217228606863,0.03103217228606863,0.12412868914427452,0.01329950240831513,0.03103217228606863,0.02068811485737909,0.03103217228606863,0.015516086143034315,0.01861930337164118,0.21722520600248038,0.02068811485737909,0.04965147565770981,0.02068811485737909,0.010344057428689544
36,0.027577968112413132,0.10863875002896418,0.027620021193804457,0.07595505828296224,0.06444671611887708,0.03590602755194579,0.10127341104394967,0.08286006358141337,0.023674303880403823,0.06444671611887708,0.020715015895353343,0.027620021193804457,0.027620021193804457,0.006905005298451114,0.013810010596902228,0.06905005298451114,0.009206673731268154,0.013810010596902228,0.033144025432565345,0.11048008477521783,0.05524004238760891
37,0.02470703349056772,0.061835720213411674,0.030917860106705837,0.06430914902194813,0.015740001508868427,0.07420286425609401,0.0192377796219503,0.04328500414938817,0.02473428808536467,0.04122381347560779,0.018550716064023504,0.02473428808536467,0.006183572021341168,0.04946857617072934,0.09893715234145868,0.012367144042682335,0.14840572851218803,0.018550716064023504,0.14840572851218803,0.04946857617072934,0.02473428808536467
38,0.027616929260394676,0.07082800793517882,0.02500779838826291,0.03266568880380753,0.027640198218606374,0.01974299872757598,0.027640198218606374,0.0368535976248085,0.01842679881240425,0.01842679881240425,0.06910049554651593,0.03316823786232764,0.073707195249617,0.16584118931163824,0.013820099109303187,0.027640198218606374,0.19348138753024458,0.0368535976248085,0.03316823786232764,0.027640198218606374,0.02073014866395478
39,0.029004566542170405,0.058059158007081654,0.06773568434159527,0.014514789501770414,0.024191315836284026,0.08128282120991431,0.07257394750885207,0.024191315836284026,0.050801763256196446,0.046447326405665325,0.005278105273371061,0.043544368505311244,0.10160352651239289,0.029029579003540827,0.005805915800708166,0.050801763256196446,0.04838263167256805,0.04838263167256805,0.14514789501770414,0.03870610533805444,0.014514789501770414
40,0.03614832082614751,0.08319782466069442,0.06511134103880432,0.04069458814925271,0.0281345300784957,0.04823062299170692,0.06028827873963365,0.13263421322719401,0.020670266996445825,0.021100897558871776,0.02411531149585346,0.020670266996445825,0.07234593448756037,0.014469186897512075,0.02170378034626811,0.009043241810945046,0.06028827873963365,0.07234593448756037,0.06028827873963365,0.07234593448756037,0.036172967243780184
41,0.03589491405500704,0.04873308971526592,0.033796322279317545,0.029923827018145742,0.011048797668238427,0.05386288863266233,0.03590859242177489,0.04103839133917131,0.023939061614516595,0.057453747874839825,0.03590859242177489,0.08977148105443722,0.043090310906129865,0.04488574052721861,0.026931444316331165,0.04787812322903319,0.04787812322903319,0.08378671565080809,0.07181718484354978,0.028726873937419913,0.10772577726532466
42,0.029451116670800543,0.07207538513192284,0.06224692352302428,0.07666200054940883,0.025273186994310613,0.029485384826695712,0.03685673103336964,0.040542404136706595,0.012636593497155306,0.03538246179203485,0.0707649235840697,0.014742692413347856,0.014742692413347856,0.022114038620021783,0.07371346206673927,0.014742692413347856,0.07371346206673927,0.14742692413347855,0.058970769653391424,0.029485384826695712,0.058970769653391424
43,0.02474843437128275,0.06192692737843189,0.038925497209300046,0.024770770951372756,0.024770770951372756,0.08050500559196144,0.011432663516018196,0.04128461825228793,0.008256923650457586,0.24770770951372756,0.04128461825228793,0.024770770951372756,0.037156156427059134,0.030963463689215945,0.012385385475686378,0.014154726257927292,0.037156156427059134,0.014862462570823654,0.024770770951372756,0.17339539665960926,0.024770770951372756
44,0.03153061787160399,0.10522434481685133,0.04509614777865057,0.0315673034450554,0.011479019434565602,0.03507478160561711,0.10522434481685133,0.050507685512088646,0.07365704137179593,0.0315673034450554,0.03788076413406648,0.08417947585348108,0.03607691822292046,0.0157836517225277,0.02367547758379155,0.0947019103351662,0.0315673034450554,0.0315673034450554,0.0789182586126385,0.02367547758379155,0.02104486896337027
45,0.033298481060014117,0.04742907082004117,0.06332421887864956,0.09046316982664222,0.03749460328341092,0.06665707250384163,0.019441646146953814,0.06665707250384163,0.04285097518104105,0.028567316787360703,0.05554756041986803,0.09998560875576246,0.04999280437788123,0.024996402188940614,0.013331414500768328,0.08332134062980205,0.033328536251920816,0.06665707250384163,0.026662829001536655,0.033328536251920816,0.016664268125960408
46,0.03172547228176209,0.0730373789697277,0.048691585979818465,0.04586888534330725,0.0070567515912780395,0.042340509547668236,0.019847113850469483,0.038106458592901404,0.04082834849239436,0.07409589170841942,0.039694227700938965,0.02268241582910798,0.02381653662056338,0.031755382160751175,0.04763307324112676,0.15877691080375586,0.05292563693458529,0.042340509547668236,0.06351076432150235,0.031755382160751175,0.06351076432150235
47,0.029825246322250237,0.06601017758976399,0.04976957834148872,0.043435268370753795,0.06569584341076509,0.08958524101467968,0.038393674720577003,0.02986174700489323,0.03732718375611654,0.034127710862735125,0.01279789157352567,0.09953915668297744,0.02986174700489323,0.017917048202935937,0.01990783133659549,0.05972349400978646,0.05972349400978646,0.014930873502446615,0.05225805725856315,0.11944698801957292,0.02986174700489323
48,0.026969317537955683,0.055598589471014356,0.037391578853033826,0.054010058343271085,0.019289306551168246,0.04200782315587751,0.09001676390545181,0.022095023867701808,0.03240603500596265,0.07426383022199773,0.04725880105036219,0.006751257292908886,0.060761315636179966,0.021604023337308435,0.045008381952725905,0.027005029171635542,0.054010058343271085,0.1350251458581777,0.08101508751490663,0.040507543757453315,0.027005029171635542
49,0.03061769781835577,0.032621145821214,0.09959334671173667,0.061288213361068725,0.030644106680534362,0.03575145779395676,0.015322053340267181,0.04377729525790623,0.030644106680534362,0.030644106680534362,0.11236172449529266,0.026266377154743743,0.08171761781475831,0.022983080010400773,0.061288213361068725,0.020429404453689577,0.03677292801664123,0.022983080010400773,0.12257642672213745,0.061288213361068725,0.020429404453689577
50,0.03704366962469713,0.07414825534102616,0.07044084257397486,0.05767086526524257,0.02059673759472949,0.04531282270840487,0.03707412767051308,0.0264815197646522,0.08650629789786386,0.059318604272820936,0.042370431623443526,0.0444889532046157,0.04943217022735078,0.061790212784188475,0.027805595752884812,0.02471608511367539,0.03707412767051308,0.03707412767051308,0.04943217022735078,0.07414825534102616,0.03707412767051308
51,0.04490456000449187,0.07615625589493775,0.04116994175516934,0.052398107688397345,0.04491266373291201,0.03800302315861785,0.032080474094937146,0.0404213973596208,0.032080474094937146,0.06416094818987429,0.022456331866456004,0.022456331866456004,0.03368449779968401,0.05988355164388268,0.022456331866456004,0.04491266373291201,0.06736899559936801,0.035930130986329606,0.15719432306519202,0.04491266373291201,0.022456331866456004
52,0.03041632061609949,0.06545804362331592,0.03044560168526322,0.03044560168526322,0.06089120337052644,0.10148533895087741,0.01739748667729327,0.06089120337052644,0.025371334737719353,0.026639901474605314,0.07103973726561419,0.03044560168526322,0.040594135580350965,0.03044560168526322,0.03044560168526322,0.05327980294921063,0.09133680505578966,0.09133680505578966,0.03044560168526322,0.020297067790175483,0.06089120337052644
53,0.028240123628278557,0.11314412587875057,0.056572062939375285,0.026400296038375133,0.032326893108214454,0.03771470862625019,0.028286031469687643,0.042429047204531466,0.028286031469687643,0.018857354313125095,0.155573173083282,0.042429047204531466,0.07354368182118785,0.07071507867421911,0.01212258491558042,0.035357539337109556,0.056572062939375285,0.042429047204531466,0.04714338578281274,0.03771470862625019,0.014143015734843821
54,0.030044972808580567,0.0687513500193517,0.07143694962948262,0.03759839454183296,0.03867263438588532,0.07820466064701254,0.03342079514829596,0.013368318059318386,0.06767711017529933,0.04296959376209481,0.040104954177955156,0.05263775235856613,0.030078715633466365,0.024062972506773094,0.030078715633466365,0.030078715633466365,0.06015743126693273,0.040104954177955156,0.12031486253386546,0.030078715633466365,0.06015743126693273
55,0.032732153389430085,0.09504132277925734,0.08895493265053644,0.03058801192895639,0.027310724936568206,0.04506269614533753,0.0655457398477637,0.028676261183396612,0.05462144987313641,0.03277286992388185,0.04915930488582277,0.04915930488582277,0.01310914796955274,0.01310914796955274,0.01310914796955274,0.05462144987313641,0.057352522366793224,0.14747791465746832,0.0655457398477637,0.019663721954329107,0.016386434961940925
56,0.034181847798448316,0.07269905548114065,0.0464296488787117,0.07982641386164467,0.025658490169814356,0.0641462254245359,0.029323988765502122,0.034211320226419144,0.034211320226419144,0.05986981039623349,0.025658490169814356,0.057018867044031904,0.07982641386164467,0.013684528090567657,0.05131698033962871,0.034211320226419144,0.006842264045283829,0.034211320226419144,0.07982641386164467,0.06842264045283829,0.06842264045283829
57,0.027776062950533947,0.05838705698959107,0.04016040956955999,0.024096245741735994,0.03398188502039692,0.03822962064794653,0.022242688376987074,0.03177526910998154,0.016682016282740304,0.023169467059361536,0.041705040706850764,0.09731176164931843,0.0695084011780846,0.0695084011780846,0.1390168023561692,0.055606720942467686,0.03707114729497846,0.013901680235616921,0.11121344188493537,0.020852520353425382,0.027803360471233843
58,0.03638548998106999,0.11381871213935599,0.056656425598257204,0.0849846383973858,0.02504011667065831,0.04856265051279189,0.05463298182689087,0.036421987884593915,0.018210993942296957,0.10926596365378174,0.06555957819226904,0.06070331314098986,0.036421987884593915,0.020234437713663286,0.018210993942296957,0.029137590307675133,0.021853192730756348,0.036421987884593915,0.05463298182689087,0.036421987884593915,0.036421987884593915
59,0.03125511522798462,0.07373630809456455,0.025416681956838535,0.0715018745159414,0.05735046185132798,0.05735046185132798,0.023461552575543266,0.017378927833735753,0.040219804415217025,0.05474362267626761,0.09384621030217306,0.01787546862898535,0.05474362267626761,0.020854713400482904,0.023461552575543266,0.05213678350120726,0.031282070100724355,0.01876924206043461,0.04692310515108653,0.12512828040289742,0.06256414020144871
60,0.030905014410004834,0.05723161377257139,0.06874668321029596,0.03402960818909649,0.027069006514054028,0.09280802233389954,0.023202005583474884,0.01546800372231659,0.013258288904842793,0.038670009305791474,0.06187201488926636,0.049497611911413095,0.03093600744463318,0.12374402977853272,0.04640401116694977,0.038670009305791474,0.04124800992617758,0.06187201488926636,0.06187201488926636,0.05156001240772197,0.03093600744463318
61,0.032846027721546045,0.08306932410720816,0.07398361678298226,0.09864482237730969,0.032881607459103235,0.05343261212104274,0.024661205594327423,0.09864482237730969,0.014092117482472815,0.013700669774626348,0.08768428655760863,0.021921071639402157,0.04384214327880431,0.016440803729551617,0.04110200932387904,0.04110200932387904,0.032881607459103235,0.04110200932387904,0.09864482237730969,0.016440803729551617,0.032881607459103235
62,0.027983522882642834,0.05983094715041498,0.03309797076405935,0.06721434062855129,0.02450522835415932,0.04667662543649395,0.014002987630948186,0.02800597526189637,0.02800597526189637,0.048010243306108064,0.018670650174597583,0.021004481446422276,0.04667662543649395,0.007001493815474093,0.011202390104758549,0.11202390104758549,0.14002987630948185,0.07001493815474093,0.14002987630948185,0.02800597526189637,0.02800597526189637
63,0.03144087804549289,0.09652118551689831,0.04896002163900639,0.05395594221441521,0.07868574906268884,0.03497144402786171,0.02622858302089628,0.012589719850030216,0.041965732833434057,0.03497144402786171,0.02517943970006043,0.02248164258933967,0.08393146566686811,0.02517943970006043,0.01573714981253777,0.06294859925015107,0.0944228988752266,0.06294859925015107,0.06294859925015107,0.06294859925015107,0.020982866416717028
64,0.040387202594474605,0.05893343968023572,0.06735250249169797,0.05657610209302629,0.03463842985287324,0.03536006380814143,0.040411501495018785,0.049391835160578504,0.040411501495018785,0.050514376868773476,0.040411501495018785,0.030308626121264087,0.010102875373754696,0.06465840239203005,0.050514376868773476,0.050514376868773476,0.040411501495018785,0.030308626121264087,0.10102875373754695,0.06735250249169797,0.040411501495018785
65,0.03182507576249095,0.08809819588827993,0.07789296752297088,0.09559591468728246,0.028324715462898508,0.049568252060072385,0.02124353659717388,0.025492243916608655,0.03823836587491298,0.01820874565472047,0.03186530489576082,0.019915815559850513,0.12746121958304327,0.01911918293745649,0.06373060979152163,0.0531088414929347,0.01911918293745649,0.04779795734364123,0.09559591468728246,0.01593265244788041,0.03186530489576082
66,0.02871565897743123,0.07905043113732253,0.04886753924852665,0.031141078932884633,0.01437280566133137,0.033972086108601425,0.023954676102218953,0.038327481763550324,0.022996489058130194,0.02463909541942521,0.02874561132266274,0.07186402830665685,0.023954676102218953,0.07665496352710065,0.05030481981465979,0.038327481763550324,0.02874561132266274,0.047909352204437906,0.11498244529065096,0.08623683396798823,0.08623683396798823
67,0.02996520474655038,0.07050300090418803,0.08000340528134811,0.030001276980505538,0.012000510792202214,0.04363822106255352,0.03750159622563193,0.020000851320337028,0.025001064150421283,0.1400059592423592,0.04285896711500792,0.050002128300842566,0.03750159622563193,0.030001276980505538,0.09000383094151662,0.060002553961011076,0.030001276980505538,0.04500191547075831,0.036001532376606644,0.030001276980505538,0.060002553961011076
68,0.03021232070730015,0.07323808532490171,0.04436741980552016,0.028359856409778516,0.03025051350376375,0.03327556485414012,0.06806365538346844,0.04033401800501834,0.024200410803011,0.121002054015055,0.0605010270075275,0.037813141879704686,0.10083504501254584,0.02016700900250917,0.03025051350376375,0.045375770255645625,0.04033401800501834,0.04033401800501834,0.0605010270075275,0.0605010270075275,0.010083504501254585
69,0.03201109245599504,0.09611994826270362,0.03890569334442765,0.06407996550846908,0.018689989939970147,0.05492568472154493,0.019223989652540723,0.04004997844279318,0.025631986203387632,0.057671968957622166,0.03203998275423454,0.06407996550846908,0.03203998275423454,0.010679994251411515,0.02135998850282303,0.04004997844279318,0.09611994826270362,0.03203998275423454,0.1601999137711727,0.03203998275423454,0.03203998275423454
70,0.03307935944768413,0.1032228656365587,0.02921401857638454,0.06070023859759898,0.05959659789582445,0.05518203508872635,0.02069326315827238,0.028970568421581328,0.004729888721890831,0.025751616374738964,0.04414562807098108,0.03973106526388297,0.033109221053235806,0.16554610526617905,0.006621844210647162,0.02207281403549054,0.008277305263308951,0.033109221053235806,0.04414562807098108,0.13243688421294322,0.04966383157985371
71,0.03308425819747362,0.1131625779811841,0.05630528270283306,0.08516765450848698,0.029440670694291803,0.033120754531078274,0.01324830181243131,0.02649660362486262,0.0441610060414377,0.055201257551797125,0.02208050302071885,0.06624150906215655,0.024840565898308707,0.09936226359323483,0.016560377265539137,0.027600628775898563,0.06624150906215655,0.08280188632769568,0.057961320429386974,0.024840565898308707,0.02208050302071885
72,0.03130833605023237,0.07661438252372557,0.05014759583371129,0.04098601582562942,0.02193957317724869,0.049252103050966445,0.054848932943121716,0.031342247396069556,0.025073797916855645,0.11492157378558837,0.041789663194759415,0.031342247396069556,0.07835561849017389,0.012536898958427823,0.010447415798689854,0.10969786588624343,0.05223707899344926,0.05223707899344926,0.06268449479213911,0.031342247396069556,0.020894831597379707
73,0.030350270650127537,0.06627588495612298,0.04050192969540849,0.03417350318050091,0.01735796986946078,0.03797055908944545,0.035439188483482424,0.03037644727155636,0.02169746233682597,0.048602315634490176,0.04339492467365194,0.03037644727155636,0.03037644727155636,0.01518822363577818,0.09112934181466908,0.03797055908944545,0.024301157817245088,0.09112934181466908,0.2126351309008945,0.04556467090733454,0.01518822363577818
74,0.03359155497509643,0.07489410240537929,0.03621253303117241,0.050438885293418716,0.0485707784306995,0.12329505293946796,0.03973972780693596,0.044834564705261086,0.0784604882342069,0.033625923528945806,0.038429626890223785,0.026900738823156647,0.04035110823473497,0.008406480882236451,0.022417282352630543,0.022417282352630543,0.025219442646709358,0.10087777058683743,0.033625923528945806,0.06725184705789161,0.050438885293418716
75,0.027272540881854327,0.05316189002592291,0.04436144201487486,0.03226286691990899,0.012408794969195766,0.03509916291286802,0.023399441941912017,0.040949023398346024,0.009927035975356614,0.0636984808418716,0.09554772126280739,0.020474511699173012,0.040949023398346024,0.05459869786446137,0.027299348932230686,0.09554772126280739,0.027299348932230686,0.03639913190964092,0.2183947914578455,0.027299348932230686,0.013649674466115343
76,0.03308884319949638,0.08539428448532504,0.03587140861883552,0.029432950661608635,0.013796695622629048,0.03311206949430971,0.04966810424146457,0.0425726607783982,0.023651478210221222,0.016556034747154856,0.13244827797723885,0.03311206949430971,0.013244827797723886,0.044149425992412956,0.016556034747154856,0.03311206949430971,0.06622413898861942,0.16556034747154857,0.09933620848292914,0.011037356498103239,0.022074712996206478
77,0.033447198318346,0.08873820574706598,0.09208681728469109,0.03348611537625131,0.016743057688125656,0.04464815383500175,0.028702384608215413,0.05581019229375219,0.16743057688125657,0.04464815383500175,0.028702384608215413,0.05022917306437697,0.04185764422031414,0.016743057688125656,0.06697223075250262,0.025114586532188485,0.05581019229375219,0.03348611537625131,0.05022917306437697,0.008371528844062828,0.016743057688125656
78,0.028103508557120415,0.037517201020749465,0.10551712787085787,0.0562758015311242,0.03617730098429413,0.04220685114834315,0.01969653053589347,0.044216701203026156,0.03751720102074947,0.0562758015311242,0.04502064122489936,0.02251032061244968,0.0281379007655621,0.01406895038278105,0.018758600510374736,0.07034475191390525,0.07034475191390525,0.04220685114834315,0.1406895038278105,0.0281379007655621,0.0562758015311242
79,0.033429996512319884,0.07697075923574677,0.05019832124070442,0.05856470811415515,0.05019832124070442,0.05577591248967158,0.026028759161846736,0.03346554749380295,0.02509916062035221,0.10039664248140884,0.03346554749380295,0.04015865699256353,0.03346554749380295,0.016732773746901474,0.019123169996458828,0.03346554749380295,0.20079328496281768,0.022310364995868633,0.04015865699256353,0.03346554749380295,0.016732773746901474
80,0.029343785646276918,0.06791602679413308,0.049701541437702376,0.016019505091490853,0.016316162593185125,0.03263232518637025,0.04894848777955538,0.029369092667733222,0.04405363900159984,0.04405363900159984,0.02447424388977769,0.1468454633386661,0.03426394144568876,0.04405363900159984,0.04405363900159984,0.029369092667733222,0.014684546333866611,0.17621455600639935,0.058738185335466445,0.01957939511182215,0.029369092667733222
81,0.027487596953893016,0.08258192565996227,0.035034756340590056,0.050049651915128654,0.022939423794433964,0.08808738737062642,0.013763654276660379,0.03539225385426954,0.013763654276660379,0.03539225385426954,0.04129096282998113,0.033032770263984906,0.07340615614218869,0.016516385131992453,0.027527308553320758,0.08258192565996227,0.027527308553320758,0.018351539035547173,0.11010923421328303,0.13763654276660378,0.027527308553320758
82,0.02557901145047293,0.09817680803763221,0.05355098620234484,0.0234770627916077,0.02276563664640747,0.0512226824544168,0.01536680473632504,0.0512226824544168,0.0256113412272084,0.05762551776121891,0.0256113412272084,0.017074227484805603,0.020489072981766724,0.0128056706136042,0.0128056706136042,0.0512226824544168,0.0256113412272084,0.0256113412272084,0.2048907298176672,0.1536680473632504,0.0256113412272084
83,0.033740824540026935,0.06312875560440084,0.05177536699957836,0.04389650680399034,0.018418114742933017,0.031169117257271256,0.10129963108613158,0.06753308739075438,0.015007352753500975,0.05064981554306579,0.025324907771532894,0.011255514565125732,0.06753308739075438,0.022511029130251464,0.05064981554306579,0.025324907771532894,0.13506617478150876,0.05064981554306579,0.04502205826050293,0.022511029130251464,0.06753308739075438
84,0.028469166279097822,0.06651066832319134,0.040720817340729396,0.045607315421616924,0.08551371641553172,0.028504572138510577,0.044792899074802335,0.038006096184680774,0.07126143034627644,0.07126143034627644,0.045607315421616924,0.028504572138510577,0.03420548656621269,0.009501524046170193,0.007126143034627644,0.017102743283106344,0.17102743283106345,0.038006096184680774,0.08551371641553172,0.014252286069255288,0.028504572138510577
85,0.03173037446817255,0.08696474988263758,0.048885510289056626,0.05560726795380191,0.04766337253183021,0.059579215664787764,0.040854319312997316,0.02471434131280085,0.06990627971335096,0.06355116337577361,0.027803633976900954,0.019065349012732085,0.05295930281314468,0.021183721125257873,0.015887790843943404,0.042367442250515745,0.03177558168788681,0.05295930281314468,0.11121453590760381,0.06355116337577361,0.03177558168788681
86,0.03478760545580545,0.09011978510102012,0.0735067944132058,0.02735779190566682,0.05222851181990938,0.04114973658538315,0.027081450573286345,0.017409503939969793,0.049741439828485126,0.046425343839919454,0.034819007879939586,0.046425343839919454,0.024870719914242563,0.08704751969984897,0.046425343839919454,0.011606335959979864,0.034819007879939586,0.12186652757978854,0.027855206303951673,0.06963801575987917,0.034819007879939586
87,0.028442382164859854,0.04330792429671659,0.04657007963335239,0.03130544242019799,0.022135161307210705,0.032016929747929766,0.028459493109270904,0.008131283745505974,0.028459493109270904,0.05691898621854181,0.024902056470612038,0.011383797243708362,0.03320274196081606,0.02134461983195318,0.08537847932781271,0.028459493109270904,0.11383797243708361,0.05691898621854181,0.1992164517648963,0.04268923966390636,0.05691898621854181
88,0.027252995448206894,0.05318703927060976,0.031821305546518665,0.10910161901663541,0.013637702377079427,0.03750368153696842,0.011364751980899524,0.024244804225918983,0.032730485704990625,0.04091310713123828,0.010910161901663542,0.027275404754158853,0.07273441267775696,0.021820323803327085,0.027275404754158853,0.10910161901663541,0.021820323803327085,0.08182621426247656,0.054550809508317706,0.08182621426247656,0.10910161901663541
89,0.03567495671778337,0.08072115356859541,0.04239800974696658,0.0642664568796125,0.009737341951456441,0.03213322843980625,0.0392739458708743,0.07140717431068055,0.02040204980305159,0.04284430458640833,0.07140717431068055,0.02380239143689352,0.08033307109951562,0.1785179357767014,0.021422152293204166,0.04760478287378704,0.021422152293204166,0.021422152293204166,0.03570358715534028,0.02380239143689352,0.03570358715534028
90,0.03471771511643506,0.0822970946668355,0.060808408837161786,0.04467556567628212,0.024056073825690378,0.020269469612387264,0.039711613934473006,0.027798129754131103,0.048646727069729424,0.08107787844954906,0.029783710450854754,0.05212149328899582,0.05212149328899582,0.04633021625688517,0.013899064877065551,0.023165108128442587,0.05212149328899582,0.034747662192663877,0.1389906487706555,0.05791277032110646,0.034747662192663877
91,0.028765865677956887,0.07381605755797528,0.04526699000070959,0.043209399546131885,0.018003916477554952,0.05349735181902042,0.02400522197007327,0.046090026182540676,0.05281148833416119,0.07681671030423447,0.11522506545635168,0.02880626636408792,0.01440313318204396,0.036007832955109904,0.02880626636408792,0.07681671030423447,0.05761253272817584,0.043209399546131885,0.08641879909226377,0.036007832955109904,0.01440313318204396
92,0.04007242065454553,0.07685785674659833,0.051556823159208814,0.05792186305540744,0.06516209593733337,0.04009975134605131,0.03007481350953848,0.020049875673025654,0.07017456485558977,0.09356608647411972,0.04009975134605131,0.033416459455042756,0.08019950269210262,0.024059850807630782,0.020049875673025654,0.06683291891008551,0.013366583782017103,0.05613965188447182,0.06014962701907696,0.04009975134605131,0.020049875673025654
