,0,1,2,3,4,5,6,7,8,9,10,11,12,13,14,15,16,17,18,19,20
0,0.0166739672965348,0.251418587907136,0.03910955811888782,0.13408991355047253,0.005587079731269689,0.016761239193809067,0.06704495677523627,0.0502837175814272,0.005587079731269689,0.011174159462539378,0.016761239193809067,0.016761239193809067,0.06704495677523627,0.016761239193809067,0.03352247838761813,0.03352247838761813,0.016761239193809067,0.016761239193809067,0.08380619596904533,0.08380619596904533,0.016761239193809067
1,0.025146070821195847,0.10084695819091079,0.018908804660795774,0.20169391638182158,0.025211739547727697,0.016807826365151796,0.006302934886931924,0.03781760932159155,0.050423479095455394,0.025211739547727697,0.0756352186431831,0.025211739547727697,0.0756352186431831,0.025211739547727697,0.012605869773863848,0.050423479095455394,0.012605869773863848,0.025211739547727697,0.12605869773863848,0.050423479095455394,0.012605869773863848
2,0.02264682272367915,0.10004701000424535,0.045475913638293335,0.045475913638293335,0.022737956819146667,0.045475913638293335,0.022737956819146667,0.007579318939715555,0.045475913638293335,0.13642774091488,0.06821387045744,0.01705346761436,0.09095182727658667,0.011368978409573334,0.022737956819146667,0.022737956819146667,0.022737956819146667,0.09095182727658667,0.11368978409573334,0.022737956819146667,0.022737956819146667
3,0.024561212979851955,0.16428442728760387,0.04928532818628116,0.06571377091504155,0.02464266409314058,0.09857065637256232,0.006160666023285145,0.01232133204657029,0.01232133204657029,0.04928532818628116,0.01232133204657029,0.04928532818628116,0.01232133204657029,0.02464266409314058,0.02464266409314058,0.09857065637256232,0.04928532818628116,0.02464266409314058,0.1478559845588435,0.02464266409314058,0.02464266409314058
4,0.026358276479833454,0.19173116782764707,0.1586740699263286,0.010578271328421908,0.026445678321054766,0.03966851748158215,0.017630452214036512,0.026445678321054766,0.026445678321054766,0.026445678321054766,0.05289135664210953,0.0793370349631643,0.10578271328421907,0.026445678321054766,0.026445678321054766,0.013222839160527383,0.026445678321054766,0.013222839160527383,0.05289135664210953,0.026445678321054766,0.026445678321054766
5,0.01919221572846211,0.12541476585767203,0.0868256071322345,0.025726105816958368,0.028941869044078167,0.048236448406796945,0.057883738088156333,0.057883738088156333,0.009647289681359389,0.057883738088156333,0.009647289681359389,0.057883738088156333,0.028941869044078167,0.057883738088156333,0.019294579362718778,0.038589158725437556,0.057883738088156333,0.038589158725437556,0.13506205553903144,0.019294579362718778,0.019294579362718778
6,0.02223221835378475,0.2677796891537752,0.027893717620184916,0.08925989638459172,0.037191623493579885,0.08925989638459172,0.02231497409614793,0.008925989638459173,0.02231497409614793,0.02231497409614793,0.011157487048073966,0.014876649397431954,0.02231497409614793,0.04462994819229586,0.02231497409614793,0.007438324698715977,0.04462994819229586,0.02231497409614793,0.1338898445768876,0.04462994819229586,0.02231497409614793
7,0.01932855771015641,0.11670800635515492,0.04376550238318311,0.0778053375701033,0.012967556261683883,0.032418890654209706,0.019451334392525825,0.11670800635515495,0.009725667196262913,0.019451334392525825,0.0778053375701033,0.0778053375701033,0.019451334392525825,0.006483778130841941,0.019451334392525825,0.0778053375701033,0.03890266878505165,0.03890266878505165,0.09725667196262912,0.058354003177577475,0.019451334392525825
8,0.02855040055568086,0.1718534917935896,0.06444505942259611,0.0859267458967948,0.009547416210754977,0.028642248632264933,0.0429633729483974,0.019094832421509954,0.0429633729483974,0.028642248632264933,0.05728449726452987,0.028642248632264933,0.014321124316132467,0.019094832421509954,0.014321124316132467,0.05728449726452987,0.028642248632264933,0.05728449726452987,0.11456899452905973,0.05728449726452987,0.028642248632264933
9,0.019342534700594778,0.4659012702181272,0.031060084681208484,0.019412552925755302,0.025883403901007067,0.045295956826762365,0.038825105851510604,0.019412552925755302,0.019412552925755302,0.038825105851510604,0.014559414694316476,0.019412552925755302,0.038825105851510604,0.019412552925755302,0.009706276462877651,0.019412552925755302,0.019412552925755302,0.019412552925755302,0.0582376587772659,0.038825105851510604,0.019412552925755302
10,0.017923729501078997,0.46779816243612726,0.02249029627096766,0.06297282955870945,0.02698835552516119,0.03598447403354826,0.005997412338924709,0.01799223701677413,0.011994824677849418,0.03598447403354826,0.02698835552516119,0.02698835552516119,0.01799223701677413,0.01799223701677413,0.008996118508387064,0.08996118508387065,0.01799223701677413,0.011994824677849418,0.04498059254193532,0.011994824677849418,0.01799223701677413
11,0.024422758414471873,0.051432105623337464,0.14694887320953565,0.032655305157674584,0.016327652578837292,0.06122869717063985,0.009796591547302376,0.09796591547302376,0.008163826289418646,0.09796591547302376,0.02449147886825594,0.03673721830238391,0.04898295773651188,0.04898295773651188,0.02449147886825594,0.02449147886825594,0.04898295773651188,0.02449147886825594,0.1224573943412797,0.02449147886825594,0.02449147886825594
12,0.027941803128994944,0.12150727460887562,0.056080280588711826,0.08412042088306775,0.018693426862903942,0.14020070147177957,0.018693426862903942,0.046733567157259855,0.028040140294355913,0.028040140294355913,0.04206021044153387,0.014020070147177956,0.037386853725807884,0.014020070147177956,0.028040140294355913,0.028040140294355913,0.014020070147177956,0.028040140294355913,0.1682408417661355,0.028040140294355913,0.028040140294355913
13,0.03435651125443552,0.17912055201463503,0.06889252000562887,0.13778504001125774,0.05166939000422165,0.06889252000562887,0.034446260002814436,0.017223130001407218,0.017223130001407218,0.034446260002814436,0.034446260002814436,0.01148208666760481,0.017223130001407218,0.034446260002814436,0.017223130001407218,0.034446260002814436,0.034446260002814436,0.034446260002814436,0.034446260002814436,0.06889252000562887,0.034446260002814436
14,0.026296470360338248,0.12528465279787973,0.09231500732475349,0.06593929094625249,0.026375716378501,0.017583810919000666,0.052751432757002,0.0131878581892505,0.0131878581892505,0.07912714913550299,0.13187858189250498,0.039563574567751496,0.052751432757002,0.026375716378501,0.0131878581892505,0.026375716378501,0.039563574567751496,0.026375716378501,0.07912714913550299,0.026375716378501,0.026375716378501
15,0.022221849959516433,0.18588938213697404,0.200760532707932,0.02230672585643689,0.02230672585643689,0.04461345171287378,0.011153362928218445,0.06692017756931067,0.06692017756931067,0.02230672585643689,0.02230672585643689,0.02230672585643689,0.06692017756931067,0.02230672585643689,0.011153362928218445,0.011153362928218445,0.011153362928218445,0.02230672585643689,0.11153362928218444,0.011153362928218445,0.02230672585643689
16,0.024169242526981334,0.10671885665819261,0.06467809494435915,0.1697799992289428,0.012127142802067342,0.024254285604134684,0.024254285604134684,0.07276285681240405,0.024254285604134684,0.04850857120826937,0.012127142802067342,0.024254285604134684,0.024254285604134684,0.04850857120826937,0.04850857120826937,0.036381428406202024,0.04850857120826937,0.016169523736089788,0.12127142802067342,0.024254285604134684,0.024254285604134684
17,0.028547667533840953,0.14321164606380724,0.05012407612233253,0.028642329212761445,0.014321164606380722,0.11456931685104578,0.01909488614184096,0.028642329212761445,0.014321164606380722,0.14321164606380724,0.028642329212761445,0.05728465842552289,0.05728465842552289,0.014321164606380722,0.028642329212761445,0.028642329212761445,0.028642329212761445,0.05728465842552289,0.05728465842552289,0.028642329212761445,0.028642329212761445
18,0.01985335356746288,0.24918982536420434,0.019935186029136347,0.019935186029136347,0.006645062009712115,0.11961111617481808,0.02990277904370452,0.02658024803884846,0.019935186029136347,0.07974074411654539,0.019935186029136347,0.03987037205827269,0.03987037205827269,0.05980555808740904,0.009967593014568173,0.07974074411654539,0.019935186029136347,0.019935186029136347,0.05980555808740904,0.03987037205827269,0.019935186029136347
19,0.032357950974562566,0.12579076119564672,0.04057766490182153,0.056808730862550144,0.01947727915287434,0.03246213192145722,0.01623106596072861,0.04328284256194296,0.01623106596072861,0.06492426384291444,0.01623106596072861,0.06492426384291444,0.06492426384291444,0.03246213192145722,0.03246213192145722,0.12984852768582889,0.03246213192145722,0.03246213192145722,0.09738639576437168,0.01623106596072861,0.03246213192145722
20,0.02465472317547283,0.11377654116803444,0.22260627619832826,0.02473403068870314,0.03297870758493752,0.06183507672175785,0.02473403068870314,0.00824467689623438,0.01236701534435157,0.01648935379246876,0.02473403068870314,0.01236701534435157,0.02473403068870314,0.02473403068870314,0.01236701534435157,0.09893612275481256,0.02473403068870314,0.04946806137740628,0.14840418413221884,0.02473403068870314,0.01236701534435157
21,0.02502366854477652,0.10042674658766249,0.02510668664691562,0.07532005994074686,0.05021337329383124,0.1255334332345781,0.008368895548971874,0.02510668664691562,0.02510668664691562,0.04184447774485937,0.05021337329383124,0.01255334332345781,0.01673779109794375,0.05021337329383124,0.02510668664691562,0.01673779109794375,0.05021337329383124,0.05021337329383124,0.20085349317532497,0.01255334332345781,0.01255334332345781
22,0.022883217960963525,0.3216215113294634,0.027567558113954012,0.05743241273740418,0.045945930189923344,0.045945930189923344,0.007657655031653891,0.022972965094961672,0.022972965094961672,0.09189186037984669,0.022972965094961672,0.022972965094961672,0.011486482547480836,0.022972965094961672,0.022972965094961672,0.022972965094961672,0.022972965094961672,0.022972965094961672,0.09189186037984669,0.045945930189923344,0.022972965094961672
23,0.023221191573858067,0.13399152640438128,0.03495431123592555,0.0466057483145674,0.01165143707864185,0.0932114966291348,0.0233028741572837,0.0466057483145674,0.0233028741572837,0.015535249438189134,0.0466057483145674,0.0699086224718511,0.0233028741572837,0.0233028741572837,0.0233028741572837,0.01165143707864185,0.0233028741572837,0.0233028741572837,0.2563316157301207,0.0233028741572837,0.0233028741572837
24,0.02578379933492934,0.15518488152186966,0.02586414692031161,0.01724276461354107,0.07759244076093483,0.18104902844218126,0.01724276461354107,0.02586414692031161,0.02586414692031161,0.07759244076093483,0.05172829384062322,0.012932073460155805,0.038796220380467414,0.012932073460155805,0.008621382306770535,0.05172829384062322,0.012932073460155805,0.05172829384062322,0.02586414692031161,0.05172829384062322,0.05172829384062322
25,0.03127798426300897,0.11913086277671735,0.06270045409300913,0.052250378410840945,0.031350227046504565,0.018810136227902743,0.031350227046504565,0.031350227046504565,0.06270045409300913,0.031350227046504565,0.031350227046504565,0.010450075682168188,0.06270045409300913,0.06270045409300913,0.015675113523252283,0.031350227046504565,0.031350227046504565,0.0940506811395137,0.0940506811395137,0.06270045409300913,0.031350227046504565
26,0.02401390024233657,0.1686889555136702,0.0722952666487158,0.008032807405412866,0.0120492111081193,0.060246055540596505,0.008032807405412866,0.0722952666487158,0.0481968444324772,0.016065614810825732,0.04016403702706433,0.0120492111081193,0.0722952666487158,0.0120492111081193,0.0120492111081193,0.0481968444324772,0.0481968444324772,0.0963936888649544,0.0722952666487158,0.0722952666487158,0.0240984222162386
27,0.02067981218314742,0.13149882380579647,0.0207629721798626,0.1453408052590382,0.031144458269793902,0.0415259443597252,0.0103814860899313,0.0415259443597252,0.0207629721798626,0.027683962906483468,0.10381486089931301,0.0415259443597252,0.062288916539587805,0.0207629721798626,0.0415259443597252,0.0103814860899313,0.0415259443597252,0.0415259443597252,0.062288916539587805,0.062288916539587805,0.0207629721798626
28,0.024532485771306085,0.07377485401729617,0.19673294404612313,0.02459161800576539,0.004098603000960898,0.07377485401729618,0.016394412003843593,0.012295809002882695,0.02459161800576539,0.14754970803459236,0.02459161800576539,0.012295809002882695,0.04918323601153078,0.02459161800576539,0.012295809002882695,0.02459161800576539,0.02459161800576539,0.02459161800576539,0.17214132604035776,0.008197206001921796,0.02459161800576539
29,0.03004818164282933,0.12061577015840463,0.04523091380940173,0.09046182761880348,0.03015394253960116,0.05025657089933526,0.09046182761880348,0.03015394253960116,0.01507697126980058,0.06030788507920232,0.03015394253960116,0.03015394253960116,0.06030788507920232,0.01507697126980058,0.06030788507920232,0.01507697126980058,0.03015394253960116,0.03015394253960116,0.12061577015840463,0.03015394253960116,0.01507697126980058
30,0.026064430916537963,0.1727176378670179,0.039254008606140436,0.061061791165107335,0.02616933907076029,0.05233867814152058,0.07850801721228087,0.05233867814152058,0.0065423347676900724,0.05233867814152058,0.013084669535380145,0.07850801721228087,0.005233867814152059,0.013084669535380145,0.02616933907076029,0.07850801721228087,0.07850801721228087,0.02616933907076029,0.034892452094347055,0.05233867814152058,0.02616933907076029
31,0.0198949786159142,0.2696620473237465,0.09987483234212832,0.007989986587370266,0.039949932936851326,0.039949932936851326,0.006658322156141888,0.039949932936851326,0.019974966468425663,0.026633288624567552,0.039949932936851326,0.039949932936851326,0.059924899405276996,0.039949932936851326,0.019974966468425663,0.039949932936851326,0.019974966468425663,0.059924899405276996,0.029962449702638498,0.059924899405276996,0.019974966468425663
32,0.02207845333211033,0.2659001184293356,0.039885017764400336,0.0664750296073339,0.02215834320244463,0.02215834320244463,0.02215834320244463,0.007386114400814877,0.011079171601222315,0.11079171601222317,0.02215834320244463,0.02215834320244463,0.08863337280977852,0.04431668640488926,0.04431668640488926,0.02215834320244463,0.02215834320244463,0.04431668640488926,0.0664750296073339,0.02215834320244463,0.011079171601222315
33,0.023663953031264062,0.07464169940917013,0.08708198264403182,0.21374668467171445,0.023749631630190494,0.09499852652076198,0.023749631630190494,0.023749631630190494,0.011874815815095247,0.018999705304152396,0.007916543876730164,0.023749631630190494,0.015833087753460328,0.023749631630190494,0.023749631630190494,0.11874815815095248,0.023749631630190494,0.023749631630190494,0.07124889489057148,0.04749926326038099,0.023749631630190494
34,0.03265829756357692,0.1717658603537053,0.06543461346807823,0.06543461346807823,0.008179326683509779,0.043623075645385485,0.032717306734039116,0.032717306734039116,0.016358653367019558,0.032717306734039116,0.043623075645385485,0.032717306734039116,0.06543461346807823,0.032717306734039116,0.032717306734039116,0.09815192020211734,0.016358653367019558,0.032717306734039116,0.09815192020211734,0.013086922693615647,0.032717306734039116
35,0.022445316339946574,0.16893226100116132,0.05405832352037163,0.037540502444702514,0.015016200977881006,0.045048602933643024,0.015016200977881006,0.015016200977881006,0.045048602933643024,0.11262150733410756,0.13514580880092905,0.007508100488940503,0.022524301466821512,0.06757290440046453,0.011262150733410756,0.022524301466821512,0.022524301466821512,0.06757290440046453,0.045048602933643024,0.045048602933643024,0.022524301466821512
36,0.025783815019914433,0.22415593636709932,0.05172829300779215,0.1034565860155843,0.010345658601558432,0.038796219755844116,0.025864146503896075,0.015518487902337648,0.025864146503896075,0.025864146503896075,0.0646603662597402,0.012932073251948038,0.025864146503896075,0.05172829300779215,0.025864146503896075,0.025864146503896075,0.012932073251948038,0.025864146503896075,0.15518487902337647,0.025864146503896075,0.025864146503896075
37,0.032356909273923616,0.07568158251488863,0.09730489180485682,0.06486992786990456,0.06486992786990456,0.09730489180485682,0.01081165464498409,0.03243496393495228,0.01621748196747614,0.06486992786990456,0.04865244590242841,0.03243496393495228,0.01621748196747614,0.01621748196747614,0.01621748196747614,0.06486992786990456,0.04865244590242841,0.06486992786990456,0.054058273224920454,0.06486992786990456,0.01621748196747614
38,0.0281632870344676,0.16385618997674672,0.05650213447474024,0.042376600856055185,0.00706276680934253,0.02825106723737012,0.021188300428027593,0.08475320171211037,0.01412553361868506,0.11300426894948049,0.016950640342422076,0.01412553361868506,0.02825106723737012,0.02825106723737012,0.05650213447474024,0.02825106723737012,0.01412553361868506,0.02825106723737012,0.16950640342422074,0.02825106723737012,0.02825106723737012
39,0.022125185699470036,0.332610481054602,0.055435080175766996,0.0221740320703068,0.0221740320703068,0.013304419242184081,0.0443480641406136,0.0332610481054602,0.0221740320703068,0.014782688046871198,0.0886961282812272,0.0110870160351534,0.0221740320703068,0.0221740320703068,0.0221740320703068,0.007391344023435599,0.0221740320703068,0.0665220962109204,0.0886961282812272,0.0443480641406136,0.0221740320703068
40,0.024614122951388054,0.11651668395512832,0.17300962163034203,0.024715660232906004,0.024715660232906004,0.024715660232906004,0.006178915058226501,0.024715660232906004,0.024715660232906004,0.03707349034935901,0.03707349034935901,0.03707349034935901,0.07414698069871802,0.024715660232906004,0.024715660232906004,0.07414698069871802,0.024715660232906004,0.024715660232906004,0.07414698069871802,0.09886264093162402,0.024715660232906004
41,0.03674478539303494,0.16570058756777684,0.042082688906102055,0.024548235195226194,0.02761676459462947,0.0368223527928393,0.0368223527928393,0.0368223527928393,0.05523352918925894,0.02209341167570358,0.0368223527928393,0.11046705837851788,0.0368223527928393,0.0368223527928393,0.0368223527928393,0.01841117639641965,0.0368223527928393,0.01841117639641965,0.0736447055856786,0.0736447055856786,0.0368223527928393
42,0.030192878590261835,0.11680948228132162,0.07066252631833037,0.020189293233808674,0.04037858646761735,0.06056787970142603,0.010094646616904337,0.030283939850713017,0.030283939850713017,0.12113575940285207,0.06056787970142603,0.06056787970142603,0.09085181955213904,0.015141969925356508,0.015141969925356508,0.030283939850713017,0.015141969925356508,0.04542590977606952,0.09085181955213904,0.030283939850713017,0.015141969925356508
43,0.018654213420571136,0.1937689132736452,0.13126281221763064,0.025002440422405833,0.018751830316804375,0.13126281221763064,0.018751830316804375,0.03750366063360875,0.03750366063360875,0.03750366063360875,0.04687957579201094,0.018751830316804375,0.012501220211202917,0.009375915158402187,0.03750366063360875,0.03750366063360875,0.03750366063360875,0.018751830316804375,0.0750073212672175,0.018751830316804375,0.03750366063360875
44,0.02454675780092087,0.15401893297880195,0.03696454391491247,0.0862506024681291,0.012321514638304156,0.024643029276608313,0.024643029276608313,0.03285737236881108,0.07392908782982494,0.09857211710643325,0.049286058553216626,0.07392908782982494,0.012321514638304156,0.012321514638304156,0.024643029276608313,0.07392908782982494,0.012321514638304156,0.024643029276608313,0.07392908782982494,0.049286058553216626,0.024643029276608313
45,0.02243035310000687,0.15010666363147684,0.0675479986341646,0.028144999430901912,0.02251599954472153,0.09006399817888612,0.0337739993170823,0.04503199908944306,0.02251599954472153,0.0675479986341646,0.09006399817888612,0.04503199908944306,0.0337739993170823,0.02251599954472153,0.011257999772360765,0.0337739993170823,0.04503199908944306,0.011257999772360765,0.0675479986341646,0.0675479986341646,0.02251599954472153
46,0.028806021290423946,0.27941096609700106,0.11561833079875906,0.03468549923962772,0.05780916539937953,0.03853944359958635,0.011561833079875907,0.019269721799793176,0.019269721799793176,0.028904582699689766,0.028904582699689766,0.009634860899896588,0.028904582699689766,0.014452291349844883,0.028904582699689766,0.04335687404953465,0.028904582699689766,0.0867137480990693,0.03853944359958635,0.028904582699689766,0.028904582699689766
47,0.02694008410483589,0.11712758246886233,0.027029442108199003,0.054058884216398005,0.013514721054099501,0.054058884216398005,0.013514721054099501,0.081088326324597,0.054058884216398005,0.018019628072132667,0.081088326324597,0.027029442108199003,0.081088326324597,0.013514721054099501,0.027029442108199003,0.027029442108199003,0.0405441631622985,0.054058884216398005,0.10811776843279601,0.054058884216398005,0.027029442108199003
48,0.030111624698255356,0.12085836452358188,0.1359656600890296,0.09064377339268641,0.02014306075393031,0.018128754678537286,0.015107295565447735,0.010071530376965156,0.03021459113089547,0.03021459113089547,0.03021459113089547,0.03021459113089547,0.03021459113089547,0.06042918226179094,0.03021459113089547,0.045321886696343204,0.03021459113089547,0.015107295565447735,0.15107295565447734,0.015107295565447735,0.06042918226179094
49,0.021298113595652955,0.18540072165036808,0.06417717287897357,0.016044293219743395,0.021392390959657857,0.010696195479828929,0.042784781919315715,0.14974673671760502,0.06417717287897358,0.042784781919315715,0.05348097739914465,0.021392390959657857,0.06417717287897358,0.042784781919315715,0.021392390959657857,0.021392390959657857,0.021392390959657857,0.007130796986552619,0.08556956383863143,0.021392390959657857,0.021392390959657857
50,0.029540130735505925,0.10069878602744496,0.17770374004843228,0.029617290008072044,0.0059234580016144095,0.01974486000538136,0.04442593501210807,0.014808645004036022,0.029617290008072044,0.05923458001614409,0.04442593501210807,0.05923458001614409,0.05923458001614409,0.04442593501210807,0.029617290008072044,0.08885187002421614,0.014808645004036022,0.014808645004036022,0.07404322502018011,0.029617290008072044,0.029617290008072044
51,0.02755814952457758,0.23504518660780352,0.08295712468510712,0.046087291491726176,0.02765237489503571,0.009217458298345235,0.006913093723758927,0.05530474979007142,0.009217458298345235,0.11060949958014284,0.006913093723758927,0.05530474979007142,0.02765237489503571,0.02765237489503571,0.009217458298345235,0.02765237489503571,0.05530474979007142,0.02765237489503571,0.11060949958014284,0.013826187447517855,0.02765237489503571
52,0.038947800481283254,0.21067720747230329,0.03901429768005616,0.052019063573408214,0.026009531786704107,0.03901429768005616,0.013004765893352054,0.015605719072022465,0.03901429768005616,0.058521446520084244,0.026009531786704107,0.03901429768005616,0.03901429768005616,0.01950714884002808,0.013004765893352054,0.03901429768005616,0.058521446520084244,0.07802859536011232,0.07802859536011232,0.03901429768005616,0.03901429768005616
53,0.01990183311629771,0.0900090153260543,0.1800180306521086,0.020002003405789844,0.010001001702894922,0.0466713412801763,0.020002003405789844,0.10001001702894922,0.020002003405789844,0.05000500851447461,0.10001001702894922,0.013334668937193228,0.04000400681157969,0.010001001702894922,0.020002003405789844,0.04000400681157969,0.020002003405789844,0.04000400681157969,0.12001202043473908,0.020002003405789844,0.020002003405789844
54,0.022706497495338034,0.1597133350396724,0.03802698453325532,0.045632381439906396,0.0342242860799298,0.03802698453325532,0.0342242860799298,0.022816190719953198,0.022816190719953198,0.0684485721598596,0.18252952575962558,0.03042158762660426,0.05704047679988299,0.022816190719953198,0.022816190719953198,0.022816190719953198,0.01521079381330213,0.022816190719953198,0.09126476287981279,0.022816190719953198,0.022816190719953198
55,0.01868009190507406,0.06335637857140841,0.13140582222218042,0.007508904126981738,0.009386130158727173,0.03754452063490869,0.05631678095236303,0.03754452063490869,0.03754452063490869,0.04693065079363586,0.09386130158727173,0.05631678095236303,0.09386130158727173,0.018772260317454346,0.03754452063490869,0.028158390476181516,0.009386130158727173,0.028158390476181516,0.13140582222218042,0.018772260317454346,0.03754452063490869
56,0.024802700129123605,0.07960794284660216,0.041462470232605284,0.12438741069781586,0.03731622320934476,0.12438741069781586,0.024877482139563173,0.07463244641868952,0.049754964279126346,0.024877482139563173,0.016584988093042114,0.008292494046521057,0.03731622320934476,0.07463244641868952,0.008292494046521057,0.024877482139563173,0.049754964279126346,0.07463244641868952,0.049754964279126346,0.024877482139563173,0.024877482139563173
57,0.027069982892104272,0.1357576768057529,0.05430307072230116,0.02715153536115058,0.02715153536115058,0.009050511787050193,0.08145460608345174,0.02715153536115058,0.08145460608345174,0.1357576768057529,0.05430307072230116,0.01357576768057529,0.01357576768057529,0.02715153536115058,0.05430307072230116,0.01357576768057529,0.02715153536115058,0.08145460608345174,0.05430307072230116,0.02715153536115058,0.02715153536115058
58,0.025622535115429633,0.23148430753966914,0.047154210795117786,0.025720478615518794,0.025720478615518794,0.020576382892415035,0.019290358961639095,0.05144095723103759,0.012860239307759397,0.05144095723103759,0.06430119653879698,0.025720478615518794,0.07716143584655638,0.025720478615518794,0.025720478615518794,0.025720478615518794,0.025720478615518794,0.05144095723103759,0.12860239307759397,0.012860239307759397,0.025720478615518794
59,0.030074574673613075,0.0904593660926164,0.07035728473870163,0.12061248812348854,0.030153122030872136,0.030153122030872136,0.030153122030872136,0.030153122030872136,0.0452296830463082,0.04020416270782951,0.0904593660926164,0.06030624406174427,0.06030624406174427,0.030153122030872136,0.030153122030872136,0.015076561015436068,0.015076561015436068,0.030153122030872136,0.06030624406174427,0.06030624406174427,0.030153122030872136
60,0.019018160659051233,0.05733010749395155,0.28665053746975777,0.028665053746975776,0.038220071662634365,0.1146602149879031,0.038220071662634365,0.019110035831317183,0.05733010749395155,0.028665053746975776,0.07644014332526873,0.019110035831317183,0.009555017915658591,0.019110035831317183,0.006370011943772394,0.038220071662634365,0.019110035831317183,0.019110035831317183,0.05733010749395155,0.028665053746975776,0.019110035831317183
61,0.015602492759776196,0.4856709186914631,0.019583504785946095,0.03916700957189219,0.005222267942918959,0.015666803828756876,0.03133360765751375,0.015666803828756876,0.015666803828756876,0.015666803828756876,0.015666803828756876,0.003916700957189219,0.07833401914378438,0.015666803828756876,0.007833401914378438,0.03133360765751375,0.047000411486270634,0.015666803828756876,0.0626672153150275,0.03133360765751375,0.03133360765751375
62,0.029351898982046768,0.1707712533641293,0.05888663909107906,0.0392577593940527,0.014721659772769765,0.08832995863661858,0.009814439848513176,0.02944331954553953,0.04416497931830929,0.04416497931830929,0.02944331954553953,0.014721659772769765,0.05888663909107906,0.014721659772769765,0.014721659772769765,0.05888663909107906,0.014721659772769765,0.05888663909107906,0.14721659772769763,0.02944331954553953,0.02944331954553953
63,0.020683891925452065,0.2076288568355932,0.08305154273423729,0.020762885683559322,0.027683847578079093,0.062288657050677966,0.006920961894519773,0.14534019978491525,0.020762885683559322,0.020762885683559322,0.062288657050677966,0.041525771367118644,0.020762885683559322,0.020762885683559322,0.020762885683559322,0.010381442841779661,0.041525771367118644,0.041525771367118644,0.08305154273423729,0.020762885683559322,0.020762885683559322
64,0.02358067835347783,0.12427155002773917,0.041423850009246393,0.023670771433855084,0.07101231430156525,0.1420246286031305,0.023670771433855084,0.035506157150782626,0.017753078575391313,0.04734154286771017,0.035506157150782626,0.023670771433855084,0.04734154286771017,0.04734154286771017,0.023670771433855084,0.09468308573542034,0.023670771433855084,0.07101231430156525,0.023670771433855084,0.035506157150782626,0.023670771433855084
65,0.02672524327918762,0.21479167044873101,0.0604101573137056,0.040273438209137064,0.013424479403045688,0.053697917612182754,0.013424479403045688,0.08054687641827413,0.026848958806091377,0.040273438209137064,0.053697917612182754,0.040273438209137064,0.053697917612182754,0.013424479403045688,0.026848958806091377,0.026848958806091377,0.026848958806091377,0.026848958806091377,0.053697917612182754,0.08054687641827413,0.026848958806091377
66,0.02502436523346598,0.08539932567298109,0.06279362181836844,0.03139681090918422,0.016744965818231584,0.11302851927306319,0.07535234618204213,0.025117448727347377,0.10046979490938951,0.07535234618204213,0.037676173091021066,0.025117448727347377,0.07535234618204213,0.025117448727347377,0.025117448727347377,0.025117448727347377,0.025117448727347377,0.025117448727347377,0.050234897454694755,0.050234897454694755,0.025117448727347377
67,0.0179205779039076,0.17419145713019377,0.2522772827402806,0.054059417730060136,0.018019805910020045,0.04504951477505011,0.009009902955010023,0.03603961182004009,0.009009902955010023,0.030033009850033404,0.018019805910020045,0.012013203940013362,0.03603961182004009,0.018019805910020045,0.018019805910020045,0.03603961182004009,0.054059417730060136,0.03603961182004009,0.054059417730060136,0.018019805910020045,0.054059417730060136
68,0.016828235166748615,0.4732746604354906,0.056342221480415546,0.05070799933237399,0.005634222148041555,0.03380533288824933,0.016902666444124664,0.016902666444124664,0.05070799933237399,0.025353999666186997,0.016902666444124664,0.016902666444124664,0.008451333222062332,0.016902666444124664,0.008451333222062332,0.016902666444124664,0.03380533288824933,0.016902666444124664,0.08451333222062332,0.016902666444124664,0.016902666444124664
69,0.020823957273357167,0.05131385466364188,0.06271693347778451,0.08362257797037935,0.005226411123148709,0.12543386695556902,0.01672451559407587,0.006968548164198279,0.020905644492594837,0.041811288985189675,0.041811288985189675,0.06271693347778451,0.08362257797037935,0.020905644492594837,0.06271693347778451,0.08362257797037935,0.020905644492594837,0.06271693347778451,0.08362257797037935,0.020905644492594837,0.020905644492594837
70,0.022907488986784144,0.2643897382741643,0.06130776539690766,0.04598082404768075,0.022990412023840376,0.015326941349226915,0.015326941349226915,0.015326941349226915,0.0076634706746134575,0.034485618035760564,0.13794247214304226,0.022990412023840376,0.034485618035760564,0.022990412023840376,0.04598082404768075,0.022990412023840376,0.04598082404768075,0.022990412023840376,0.0919616480953615,0.022990412023840376,0.022990412023840376
71,0.02300179259155035,0.14325712777136115,0.23105988350219545,0.02888248543777443,0.03080798446695939,0.03080798446695939,0.011552994175109773,0.011552994175109773,0.023105988350219545,0.038509980583699234,0.023105988350219545,0.023105988350219545,0.06931796505065863,0.03465898252532931,0.04621197670043909,0.011552994175109773,0.04621197670043909,0.03465898252532931,0.09242395340087818,0.023105988350219545,0.023105988350219545
72,0.019687822290056885,0.26690852569581647,0.03954200380678763,0.09885500951696906,0.014828251427545359,0.029656502855090718,0.006590333967797938,0.07908400761357526,0.019771001903393814,0.15816801522715052,0.029656502855090718,0.013180667935595875,0.03954200380678763,0.019771001903393814,0.006590333967797938,0.009885500951696907,0.009885500951696907,0.03954200380678763,0.059313005710181436,0.019771001903393814,0.019771001903393814
73,0.03720953977740022,0.19566386772265737,0.009317327034412256,0.031057756781374186,0.037269308137649025,0.037269308137649025,0.018634654068824513,0.037269308137649025,0.037269308137649025,0.07453861627529805,0.07453861627529805,0.018634654068824513,0.037269308137649025,0.037269308137649025,0.037269308137649025,0.018634654068824513,0.018634654068824513,0.07453861627529805,0.11180792441294708,0.018634654068824513,0.037269308137649025
74,0.02600804027456126,0.22175709797320253,0.058700408287024206,0.0195668027623414,0.0391336055246828,0.05217814069957707,0.10435628139915414,0.05217814069957707,0.05217814069957707,0.06087449748283991,0.05217814069957707,0.013044535174894267,0.026089070349788534,0.017392713566525688,0.026089070349788534,0.008696356783262844,0.013044535174894267,0.026089070349788534,0.05217814069957707,0.05217814069957707,0.026089070349788534
75,0.024441575503367046,0.11453096807507639,0.09816940120720835,0.03272313373573611,0.024542350301802088,0.018406762726351566,0.049084700603604176,0.09816940120720835,0.024542350301802088,0.049084700603604176,0.12271175150901044,0.024542350301802088,0.024542350301802088,0.024542350301802088,0.012271175150901044,0.049084700603604176,0.024542350301802088,0.03681352545270313,0.07362705090540626,0.024542350301802088,0.049084700603604176
76,0.024415597586329295,0.257162415699001,0.018368743978500076,0.042860402616500176,0.016327772425333398,0.06531108970133359,0.01224582931900005,0.0734749759140003,0.0734749759140003,0.01224582931900005,0.0734749759140003,0.008163886212666699,0.016327772425333398,0.0244916586380001,0.0244916586380001,0.03673748795700015,0.0244916586380001,0.0244916586380001,0.1224582931900005,0.0244916586380001,0.0244916586380001
77,0.024840722912057037,0.14138769902341178,0.04990154083179239,0.06237692603974049,0.024950770415896197,0.17465539291127338,0.008316923471965398,0.012475385207948098,0.04990154083179239,0.024950770415896197,0.03326769388786159,0.018713077811922146,0.04990154083179239,0.04990154083179239,0.012475385207948098,0.024950770415896197,0.04990154083179239,0.012475385207948098,0.12475385207948098,0.024950770415896197,0.024950770415896197
78,0.03206544046435377,0.1662380683967038,0.03217511001226525,0.09652533003679575,0.03217511001226525,0.04826266501839788,0.021450073341510167,0.03217511001226525,0.0643502200245305,0.0643502200245305,0.0643502200245305,0.03217511001226525,0.03217511001226525,0.016087555006132626,0.0643502200245305,0.03217511001226525,0.008043777503066313,0.03217511001226525,0.0643502200245305,0.03217511001226525,0.03217511001226525
79,0.030071620682360765,0.09045964159439124,0.12061285545918832,0.02261491039859781,0.06030642772959416,0.06030642772959416,0.00753830346619927,0.04522982079719562,0.01507660693239854,0.01507660693239854,0.03015321386479708,0.06030642772959416,0.06030642772959416,0.03015321386479708,0.020102142576531385,0.03015321386479708,0.03015321386479708,0.06030642772959416,0.09045964159439124,0.09045964159439124,0.03015321386479708
80,0.02421815043437136,0.1518963028589086,0.064809089219801,0.0194427267659403,0.07291022537227612,0.0972136338297015,0.024303408457425374,0.060758521143563435,0.012151704228712687,0.07291022537227612,0.024303408457425374,0.024303408457425374,0.012151704228712687,0.012151704228712687,0.024303408457425374,0.014582045074455227,0.008101136152475125,0.0972136338297015,0.14582045074455224,0.012151704228712687,0.024303408457425374
81,0.02462522349824602,0.20397571371709686,0.05769010084927991,0.01648288595693712,0.02472432893540568,0.004944865787081136,0.01236216446770284,0.04944865787081136,0.01236216446770284,0.09889731574162272,0.09889731574162272,0.04944865787081136,0.02472432893540568,0.02472432893540568,0.01236216446770284,0.01236216446770284,0.07417298680621703,0.02472432893540568,0.1236216446770284,0.02472432893540568,0.02472432893540568
82,0.025913935727500732,0.16126391451240307,0.04335051465387179,0.013005154396161539,0.0065025771980807695,0.03468041172309744,0.052020617584646156,0.052020617584646156,0.026010308792323078,0.07803092637696923,0.052020617584646156,0.026010308792323078,0.052020617584646156,0.026010308792323078,0.026010308792323078,0.07803092637696923,0.026010308792323078,0.026010308792323078,0.15606185275393847,0.013005154396161539,0.026010308792323078
83,0.032589751146565656,0.13898006391978915,0.03270119151053862,0.04905178726580794,0.01090039717017954,0.04905178726580794,0.03270119151053862,0.08175297877634656,0.01635059575526931,0.03270119151053862,0.03270119151053862,0.06540238302107725,0.01635059575526931,0.01635059575526931,0.06540238302107725,0.03270119151053862,0.09810357453161588,0.06540238302107725,0.08175297877634656,0.01635059575526931,0.03270119151053862
84,0.02221312329705344,0.2007623244941411,0.13384154966276074,0.08922769977517384,0.007435641647931152,0.02230692494379346,0.02230692494379346,0.04461384988758692,0.04461384988758692,0.055767312359483644,0.02230692494379346,0.04461384988758692,0.02230692494379346,0.04461384988758692,0.01115346247189673,0.04461384988758692,0.04461384988758692,0.02230692494379346,0.06692077483138037,0.02230692494379346,0.01115346247189673
85,0.019962501637245382,0.33113894995874643,0.04682773029719646,0.050172568175567644,0.02006902727022706,0.03344837878371176,0.06020708181068117,0.013379351513484704,0.06020708181068117,0.030103540905340585,0.04013805454045412,0.02006902727022706,0.06020708181068117,0.04013805454045412,0.04013805454045412,0.02006902727022706,0.01003451363511353,0.01003451363511353,0.053517406053938815,0.02006902727022706,0.02006902727022706
86,0.027558923160492434,0.12714056712823502,0.041458880585294025,0.02763925372352935,0.013819626861764675,0.08291776117058805,0.02763925372352935,0.13819626861764675,0.0069098134308823375,0.0552785074470587,0.02763925372352935,0.013819626861764675,0.041458880585294025,0.02763925372352935,0.009213084574509783,0.08291776117058805,0.02763925372352935,0.013819626861764675,0.13819626861764675,0.02763925372352935,0.041458880585294025
87,0.02381788716540399,0.16734550505735932,0.039844167870799835,0.015937667148319935,0.03187533429663987,0.011953250361239951,0.015937667148319935,0.023906500722479903,0.023906500722479903,0.0717195021674397,0.023906500722479903,0.0717195021674397,0.09562600288991961,0.0717195021674397,0.023906500722479903,0.09562600288991961,0.011953250361239951,0.0717195021674397,0.0717195021674397,0.023906500722479903,0.011953250361239951
88,0.025928753960486106,0.22562006589779388,0.058574440185004184,0.07809925358000558,0.05206616905333705,0.07809925358000556,0.017355389684445683,0.034710779368891366,0.026033084526668526,0.026033084526668526,0.03904962679000279,0.013016542263334263,0.07809925358000558,0.013016542263334263,0.026033084526668526,0.05206616905333705,0.05206616905333705,0.026033084526668526,0.026033084526668526,0.026033084526668526,0.026033084526668526
89,0.02439169954593096,0.11429720674775704,0.09796903435522034,0.04898451717761017,0.012246129294402542,0.03673838788320762,0.012246129294402542,0.07347677576641524,0.01632817239253672,0.07347677576641524,0.09796903435522034,0.09796903435522034,0.012246129294402542,0.012246129294402542,0.024492258588805084,0.07347677576641524,0.024492258588805084,0.04898451717761017,0.04898451717761017,0.024492258588805084,0.024492258588805084
90,0.024830493974714908,0.13966622081180552,0.0748211897206101,0.037410594860305055,0.024940396573536704,0.04988079314707341,0.07482118972061011,0.012470198286768352,0.07482118972061011,0.04988079314707341,0.024940396573536704,0.012470198286768352,0.037410594860305055,0.024940396573536704,0.024940396573536704,0.012470198286768352,0.04988079314707341,0.04988079314707341,0.07482118972061011,0.09976158629414682,0.024940396573536704
91,0.03058390934342502,0.10954679342962653,0.06748082475264994,0.03834137770036928,0.04600965324044314,0.15336551080147712,0.04600965324044314,0.030673102160295427,0.030673102160295427,0.030673102160295427,0.09201930648088628,0.007668275540073857,0.09201930648088628,0.02044873477353028,0.015336551080147713,0.061346204320590854,0.02044873477353028,0.030673102160295427,0.04600965324044314,0.015336551080147713,0.015336551080147713
