,0,1,2,3,4,5,6,7,8,9,10,11,12,13,14,15,16,17,18,19,20
0,0.04775920585014845,0.046646189848190044,0.05337526205318105,0.06461215932753495,0.023878406708002047,0.07641090146560656,0.02528301886729628,0.043777078964670424,0.047756813416004094,0.03907375643127608,0.08490100162845174,0.05969601677000512,0.0318378756106694,0.02865408804960246,0.047756813416004094,0.047756813416004094,0.047756813416004094,0.0636757512213388,0.0318378756106694,0.05571628231867144,0.0318378756106694
1,0.03679196293769825,0.046304757733641067,0.038406621799140415,0.03135355390701433,0.06835464236870825,0.04813137539571764,0.029905156036309857,0.07361269178168581,0.03373915039993933,0.06441110530897506,0.08097396095985437,0.021470368436325025,0.036806345890842904,0.02044796993935717,0.018403172945421452,0.05520951883626434,0.04416761506901148,0.11041903767252868,0.046007932363553626,0.08281427825439652,0.0122687819636143
2,0.03843607013649994,0.04148961789826024,0.0436974911345313,0.06408965366397924,0.053243712274690436,0.05383530907774256,0.0672941363471782,0.09613448049596886,0.07690758439677509,0.025635861465591693,0.049440589969355415,0.05768068829758131,0.05981701008638062,0.02691765453887128,0.020974795744575028,0.028840344148790657,0.0672941363471782,0.01098679777096787,0.04806724024798443,0.030763033758710038,0.03845379219838754
3,0.04178573533411138,0.051291742156052304,0.05279150069862694,0.059207134464085064,0.03831049877087857,0.03214867029724076,0.10030385132739117,0.041793271386412985,0.05433125280233688,0.03419449477070153,0.055724361848550646,0.02925528997048909,0.019289202178344452,0.06965545231068831,0.023881869363664567,0.09751763323496362,0.08358654277282597,0.010448317846603246,0.041793271386412985,0.041793271386412985,0.020896635693206492
4,0.03448821094606026,0.030957161262541232,0.04656841544207988,0.04527484834646655,0.04435087184959989,0.036794797386334725,0.09773618055745162,0.025087361854319132,0.01881552139073935,0.04927874649955544,0.0114983741832296,0.034495122549688804,0.04435087184959989,0.03104561029471992,0.02956724789973326,0.06899024509937761,0.017247561274844402,0.172475612748444,0.0229967483664592,0.1034853676490664,0.034495122549688804
5,0.03797786395512626,0.03798814017502914,0.033239622653150495,0.04675463406157432,0.055255476618224206,0.09497035043757285,0.04431949687086732,0.05909266249448977,0.04489507475230717,0.05223369274066507,0.01899407008751457,0.04178695419253205,0.03376723571113702,0.10130170713341104,0.032561263007167836,0.08863899374173465,0.021104522319460636,0.0633135669583819,0.05065085356670552,0.03165678347919095,0.009497035043757285
6,0.03438391861616108,0.07806493579600987,0.0437837236205664,0.030273317474791624,0.016295446009158172,0.04300187141305629,0.04234030416054772,0.028146679470364113,0.04234030416054772,0.030579108560395585,0.06020261997827879,0.05405949549069933,0.034401497130445026,0.011467165710148343,0.06880299426089005,0.017200748565222513,0.034401497130445026,0.10320449139133507,0.034401497130445026,0.05504239540871205,0.1376059885217801
7,0.0517567843972744,0.040912898996349,0.07761417603719148,0.03880708801859573,0.042611704491007076,0.03736978846235146,0.05461738313728289,0.034495189349862884,0.07243989763471204,0.047038894567994836,0.04527493602169502,0.028745991124885732,0.04024438757484002,0.05174278402479432,0.07761417603719148,0.07761417603719148,0.02587139201239716,0.05174278402479432,0.01724759467493144,0.05174278402479432,0.03449518934986288
8,0.04285432426560357,0.058075243987101274,0.05404725087412428,0.09742059326840583,0.018860626856763364,0.05605431058828274,0.0809673375164084,0.07403965088398842,0.02143253051904928,0.047151567141908414,0.03429204883047885,0.038102276478309834,0.055112221334698154,0.0685840976609577,0.03214879577857392,0.05143807324571827,0.01224716029659959,0.06429759155714784,0.04286506103809856,0.04286506103809856,0.007144176839683093
9,0.04053321336040728,0.040534837775330054,0.057602137891258495,0.05855032123103231,0.02346753765940161,0.043652902219586204,0.030401128331497534,0.07296270799559408,0.028374386442731034,0.023645322035609193,0.18240676998898522,0.027023225183553365,0.028374386442731034,0.040534837775330054,0.025334273609581282,0.047290644071218385,0.03242787022026404,0.020267418887665027,0.03474414666456862,0.060802256662995074,0.08106967555066011
10,0.05012891883232009,0.06683521011987396,0.04594920695741334,0.05012640758990546,0.08868518265906351,0.043442886577918075,0.030847020055326437,0.0556960084332283,0.027341676867221165,0.02506320379495273,0.09398701423107275,0.06683521011987395,0.02924040442744485,0.07518961138485819,0.037594805692429095,0.02005056303596219,0.060151689107886555,0.037594805692429095,0.05012640758990546,0.02005056303596219,0.02506320379495273
11,0.03539290250406253,0.05149864303086926,0.03933924120413624,0.046469478672385926,0.022909322818879335,0.07081063416744524,0.025963899194729915,0.03862398227315195,0.06575273172691344,0.07081063416744524,0.02360354472248174,0.02124319025023357,0.020231609762127213,0.02478372195860583,0.03540531708372262,0.10621595125116784,0.0826124065286861,0.03540531708372262,0.02950443090310218,0.04720708944496348,0.10621595125116784
12,0.03313348716126437,0.05855753289249336,0.0391722775781688,0.041432216669217,0.0331457733353736,0.05122528606375921,0.02651661866829888,0.0165728866676868,0.024859330001530195,0.04735110476481943,0.0165728866676868,0.0883887288943296,0.07954985600489664,0.0165728866676868,0.165728866676868,0.023675552382409714,0.0331457733353736,0.0220971822235824,0.0497186600030604,0.0331457733353736,0.0994373200061208
13,0.03979186915247922,0.05235719782689834,0.029522703806909127,0.05026290991382241,0.02303716704383527,0.04509699972823511,0.025131454956911204,0.04263371823047436,0.04863401931476335,0.03581232331359846,0.02754794101046035,0.02210637241580152,0.017685097932641218,0.06963507310977478,0.014469625581251904,0.05305529379792365,0.0596872055226641,0.07162464662719692,0.09284676414636638,0.11937441104532821,0.05968720552266411
14,0.04448901807425437,0.07625924684362868,0.027008483257118493,0.10676294558108014,0.03336342049408754,0.047662029277267925,0.01482818688626113,0.027802850411739622,0.04077751393721811,0.030797003533003884,0.027802850411739622,0.03558764852702672,0.06672684098817509,0.06672684098817509,0.019770915848348176,0.05189865410191396,0.06672684098817508,0.022242280329391698,0.014828186886261134,0.13345368197635019,0.044484560658783395
15,0.03372123483113977,0.038444239829265335,0.046588889278030975,0.0736075241257919,0.033736781890987944,0.04293772240671193,0.06372503246075502,0.07871915774563853,0.03987074223480394,0.021085488681867468,0.027602821547171953,0.026239719248546182,0.021085488681867468,0.033736781890987944,0.07871915774563853,0.0590393683092289,0.03935957887281927,0.04498237585465059,0.016868390945493972,0.04498237585465059,0.13494712756395177
16,0.03891610181180992,0.05637650199000392,0.03243886027202607,0.04246541708337958,0.03278032195910002,0.022243789900817875,0.05060462202436066,0.06325577753045082,0.038926632326431274,0.038926632326431274,0.05838994848964692,0.053524119448843006,0.05560947475204468,0.04671195879171753,0.053524119448843006,0.07785326465286255,0.038926632326431274,0.038926632326431274,0.09731658081607819,0.023355979395858765,0.038926632326431274
17,0.05200867304382241,0.09772305904608472,0.05758680265215708,0.04401174991777761,0.057793206962738285,0.04854629384870015,0.057793206962738285,0.06068286731087519,0.08091048974783359,0.01950520734992417,0.05201388626646445,0.07513116905155978,0.04458333108554096,0.026006943133232225,0.05201388626646445,0.04551215048315639,0.026006943133232225,0.03715277590461747,0.026006943133232225,0.026006943133232225,0.013003471566616112
18,0.03771494690045256,0.04934228113648341,0.06540270989855448,0.052825265687293996,0.053454137897857024,0.07546466526756286,0.050309776845041905,0.0808549985009602,0.047165415792226786,0.05929366556737081,0.052825265687293996,0.015092933053512572,0.018866166316890715,0.018866166316890715,0.026951666166986736,0.09433083158445357,0.025154888422520953,0.047165415792226786,0.03773233263378143,0.06288722105630239,0.02829924947533607
19,0.03890712702677244,0.06531755292560686,0.058368877082457186,0.06585206645200296,0.02746770686233279,0.016676822023559197,0.023347550832982872,0.012970861573879377,0.042803843193801934,0.06485430786939687,0.07782516944327625,0.05188344629551749,0.038912584721638124,0.05447761861029337,0.017687538509835513,0.0972814618040953,0.06485430786939687,0.008647241049252918,0.06485430786939687,0.07782516944327625,0.029184438541228593
20,0.042199801490290796,0.03188493345516146,0.04664282061165259,0.0595773843106823,0.03376051777605331,0.05213021127184701,0.0527508090250833,0.04869305448469227,0.01623101816156409,0.029540453054046643,0.06330097083009995,0.028133764813377763,0.060286638885809485,0.024114655554323797,0.05626752962675551,0.05908090610809329,0.04220064722006664,0.04923408842341107,0.06330097083009996,0.09846817684682214,0.04220064722006664
21,0.04952070407702957,0.0717174843567874,0.06499397019833857,0.042091333080828804,0.04170039190670345,0.05423533114056372,0.05364581667164455,0.06437498000597346,0.04951921538921035,0.07840542436624971,0.028886208977039366,0.01980768615568414,0.05942305846705242,0.014148347254060101,0.03301281025947357,0.024759607694605175,0.04126601282434196,0.01100427008649119,0.028296694508120203,0.13205124103789426,0.03713941154190776
22,0.04071352110068556,0.038822203213943744,0.042170110982393594,0.02714397948292001,0.06577195028553695,0.05552177621506367,0.05089496153047503,0.017449701096162867,0.036644372301942015,0.08143193844876004,0.02505598106115693,0.033313065729038194,0.033313065729038194,0.07464594357803003,0.02714397948292001,0.05816567032054289,0.04750196409511002,0.03392997435365002,0.12214790767314006,0.06107395383657003,0.02714397948292001
23,0.043291649774241506,0.055470761522962715,0.03983071266429322,0.033673307807977365,0.05411781611996362,0.09200028740393816,0.022920486827278708,0.051165935240692885,0.026642617166751318,0.0432942528959709,0.018039272039987876,0.04810472543996767,0.05510177641305387,0.09524735637113596,0.0432942528959709,0.03247068967197817,0.0432942528959709,0.0432942528959709,0.0721570881599515,0.05411781611996362,0.03247068967197817
24,0.0486623571401478,0.05541435326964163,0.03291469476848153,0.03243767020661948,0.07077309863262433,0.05213196997492417,0.0537782427109744,0.05560743463991912,0.048656505309929224,0.04423318664539021,0.042574442146188066,0.04460179653410179,0.07785040849588676,0.048656505309929224,0.01390185865997978,0.02780371731995956,0.02780371731995956,0.06811910743390091,0.07298475796489384,0.048656505309929224,0.03243767020661948
25,0.04433506007428328,0.047573844251646014,0.042801546395681525,0.03191772459792251,0.047285517922848165,0.020460079870463145,0.05541271631583769,0.02533152745866866,0.029553448701780102,0.03799729118800299,0.04030015732060924,0.0886603461053403,0.08127198392989528,0.059106897403560205,0.04433017305267015,0.04433017305267015,0.07092827688427225,0.022165086526335077,0.05541271631583769,0.04433017305267015,0.06649525957900523
26,0.039993758671464846,0.03652116255486864,0.03999936851247518,0.029473218903929076,0.04333264922184812,0.10666498269993382,0.03466611937747849,0.04799924221497021,0.055999115917465245,0.026666245674983456,0.02545414359884784,0.08666529844369623,0.053332491349966905,0.03999936851247518,0.08799861072744539,0.029999526384356386,0.03999936851247518,0.033332807093729315,0.02857097750891084,0.05999905276871277,0.053332491349966905
27,0.037167189332565104,0.044803796988237506,0.026334146634043855,0.03280378127424148,0.02909552773889244,0.06291597023880159,0.027883214083105255,0.04393718582792344,0.05311088396781954,0.07848608408577776,0.0511192258190263,0.04337388857371929,0.02655544198390977,0.03717761877747368,0.08674777714743857,0.05576642816621052,0.06196269796245613,0.0495701583699649,0.05204866628846314,0.02478507918498245,0.07435523755494736
28,0.05010161205710752,0.055366587682838635,0.07156225618870302,0.053433151287564915,0.030826818050518213,0.02504678966604605,0.07792334562769883,0.07156225618870302,0.01768008682309133,0.04174464944341009,0.0500935793320921,0.06261697416511514,0.033395719554728066,0.06261697416511514,0.030056147599255262,0.033395719554728066,0.028624902475481207,0.11688501844154824,0.028624902475481207,0.04174464944341009,0.016697859777364033
29,0.04028713483473328,0.06162982067857356,0.049890807215988126,0.04029642121291348,0.04029642121291348,0.0379260434945068,0.024797797669485214,0.03777789488710639,0.036938386111837355,0.1611856848516539,0.06044463181937021,0.01611856848516539,0.04701249141506572,0.08059284242582695,0.030222315909685108,0.06332294762029261,0.01007410530322837,0.026864280808608983,0.04029642121291348,0.04029642121291348,0.053728561617217965
30,0.03424245950839208,0.049911656108552,0.02898339004795251,0.030647508136830176,0.03425309732939843,0.06470029495553037,0.05916444084168819,0.03139867255194856,0.023977168130578895,0.03853473449557323,0.04795433626115779,0.044039696566369406,0.03996194688429816,0.024466498092427447,0.05480495572703749,0.02568982299704882,0.007611799406532984,0.10275929198819528,0.06850619465879686,0.05137964599409764,0.1370123893175937
31,0.038108925984905305,0.05545060680437169,0.025923158681043765,0.06744713231493286,0.0330393198876048,0.058649680273854664,0.030974362394629498,0.053371209049207745,0.025414861452003692,0.05990645913686584,0.038122292178005536,0.021179051210003075,0.0889520150820129,0.060995667484808856,0.09530573044501384,0.02287337530680332,0.02859171913350415,0.038122292178005536,0.0889520150820129,0.038122292178005536,0.030497833742404428
32,0.046079353705536404,0.05376463360551758,0.06451756032662108,0.05093491604733243,0.06380857614720765,0.0499243026336949,0.07373435465899554,0.049375683923434506,0.017281489373202077,0.03950054713874761,0.030722647774581474,0.07680661943645369,0.025136711815566662,0.055300765994246645,0.046083971661872204,0.032917122615623004,0.03950054713874761,0.023041985830936102,0.05184446811960623,0.032917122615623004,0.07680661943645369
33,0.03204462968182028,0.04549318333402227,0.04451668823720615,0.025641612424630738,0.023617274601633573,0.020739539461098386,0.030048764560114145,0.028045513589439866,0.03205201553078842,0.014793237937286962,0.1388920673000832,0.038462418636946105,0.04273602070771789,0.03205201553078842,0.04807802329618263,0.010684005176929474,0.04487282174310379,0.10684005176929474,0.04807802329618263,0.06410403106157685,0.1282080621231537
34,0.03562143864747087,0.05123250058078044,0.05241176530003113,0.044550000505026464,0.04582285766231294,0.04073142903316706,0.03207600036361905,0.09504000107738979,0.05346000060603176,0.01980000022445621,0.07840800088884657,0.059400000673368626,0.047520000538694894,0.04158000047135803,0.011880000134673725,0.017820000202010588,0.059400000673368626,0.04989600056562964,0.06237000070703705,0.08910000101005293,0.011880000134673723
35,0.05340811705920931,0.08176642854321425,0.04894861028437316,0.04004886295994168,0.06282174581951636,0.03305620434788838,0.1001221573998542,0.06796170684111315,0.03696818119379231,0.041075756881991464,0.06407818073590668,0.03114911563551019,0.05339848394658891,0.022885064548538104,0.004854407631508083,0.03559898929772594,0.030513419398050808,0.04449873662215743,0.05339848394658891,0.05339848394658891,0.04004886295994168
36,0.03375378787378807,0.03870616303833389,0.035453198272346255,0.043695818598970176,0.037985569577513846,0.05525173756729287,0.07235346586193114,0.03069540975960715,0.01787556215412416,0.027625868783646434,0.07428289161824929,0.028941386344772457,0.08441237683891967,0.029544331893621878,0.059088663787243756,0.03939244252482917,0.022509967157045244,0.0067529901471135734,0.059088663787243756,0.16882475367783933,0.033764950735567865
37,0.041438819325643396,0.06447847522726204,0.039915246569257455,0.047668015614440146,0.03272403817924953,0.046977174808433775,0.03256820942601501,0.057392928498991476,0.08808220276581331,0.03391400320394951,0.06632071737661238,0.053293433606206385,0.03454204030031895,0.00460560537337586,0.03454204030031895,0.03552895573747092,0.05803062770453583,0.04145044836038274,0.12435134508114822,0.04145044836038274,0.02072522418019137
38,0.03872938350723461,0.060874488987931887,0.0479617185965524,0.09156328095705457,0.03389602227737115,0.02324298670448308,0.04196650377198335,0.029798700903183435,0.07747662234827693,0.04980640008103518,0.038738311174138465,0.02112998791316644,0.02817331721755525,0.04358060007090578,0.029053733380603852,0.014086658608777626,0.048422888967673085,0.07747662234827693,0.025825540782758977,0.02324298670448308,0.15495324469655386
39,0.05165761490324511,0.04482457814609642,0.07173015222654318,0.04349112387630408,0.06271264737520632,0.03511908253011554,0.05533468886047616,0.04556974376745095,0.04131656768248887,0.05164570960311109,0.04131656768248887,0.03227856850194443,0.04131656768248887,0.05164570960311109,0.05164570960311109,0.08607618267185181,0.044267751088380936,0.0619748515237333,0.008607618267185181,0.025822854801555543,0.05164570960311109
40,0.039960866091826995,0.09770365089269188,0.03996967536519213,0.032356403867060304,0.10277916522477978,0.05773397552749975,0.023511573744230668,0.053292900486922846,0.013323225121730712,0.03996967536519213,0.03497346594454311,0.044410750405769035,0.06661612560865356,0.01498862826194705,0.03996967536519213,0.031975740292153707,0.09326257585211496,0.05329290048692284,0.03996967536519213,0.019984837682596065,0.0599545130477882
41,0.03588308158764393,0.03674443582637151,0.041411439303424065,0.039478905469264275,0.024674315918290175,0.03190214583374892,0.05383487109445128,0.023926609375311686,0.09570643750124673,0.03140367480509658,0.059816523438279215,0.061525566965087194,0.04306789687556103,0.01993884114609307,0.025635652902119662,0.04306789687556103,0.04486239257870941,0.011963304687655843,0.14355965625187012,0.059816523438279215,0.07177982812593506
42,0.0357985570921737,0.039613662115449096,0.035804656142809754,0.03092220303242661,0.026853492107107316,0.035804656142809754,0.02754204318677673,0.04556956236357605,0.05370698421421463,0.043761246396767484,0.053706984214214624,0.08951164035702439,0.033050451824132084,0.035804656142809754,0.035804656142809754,0.12531629649983414,0.02864372491424781,0.0318263610158309,0.14321862457123902,0.035804656142809754,0.011934885380936585
43,0.043354640267077235,0.07060825126781137,0.03902034938484312,0.039226806259895206,0.03016065652934734,0.027097464850585503,0.030604195595955386,0.05123884262656168,0.03372128959183974,0.0433559437609368,0.0433559437609368,0.1127254537784357,0.032516957820702595,0.030968531257812,0.023648696596874623,0.030968531257812,0.024774825006249605,0.0758729015816394,0.06503391564140519,0.0650339156414052,0.0867118875218736
44,0.0408176572601814,0.03790894766668645,0.06220955514533161,0.07222888253652683,0.02948473707408946,0.05195911708161219,0.022680566980068814,0.05938184809327108,0.021613246181006747,0.04989724735615139,0.044907522620536246,0.044907522620536246,0.08165004112824772,0.05443336075216515,0.061237530846185786,0.05103127570515483,0.11226880655134062,0.013608340188041287,0.030618765423092897,0.016330008225649548,0.04082502056412386
45,0.045792187228454816,0.05609599148963372,0.04050887925468055,0.0634052023116739,0.022048311091919532,0.08242676300517608,0.06105686148531562,0.03232422078634356,0.06868896917098008,0.08242676300517608,0.024657578676762076,0.03561650253310078,0.04227013487444927,0.036634116891189374,0.045792646113986715,0.06868896917098008,0.015264215371328905,0.07632107685664453,0.03434448458549004,0.03816053842832227,0.02747558766839203
46,0.03341161295090798,0.04232604145920174,0.04826653850610726,0.021792584275332705,0.030232886756572673,0.022863097187103436,0.030844888512778595,0.12530735958316305,0.06683059177768697,0.03341529588884348,0.023868068492031057,0.027846079907369568,0.047736136984062115,0.055692159814739135,0.027846079907369568,0.1670764794442174,0.013366118355537393,0.04176911986105435,0.012530735958316306,0.026732236711074785,0.10024588766653045
47,0.03462208844969544,0.054437768883237654,0.03711666060220749,0.07967709809273874,0.06582021146791461,0.028528884227579085,0.03730700245144958,0.041570659874472386,0.059386656963531986,0.03730700245144958,0.037791508976793085,0.051963324843090485,0.034642216562060325,0.021651385351287702,0.046189622082747094,0.023094811041373547,0.0404159193224037,0.1385688662482413,0.06928443312412065,0.025981662421545242,0.034642216562060325
48,0.034761358602629217,0.06398782182750297,0.027820792098914335,0.03651478962982506,0.03477599012364292,0.04815137094042865,0.03767398930061317,0.028453082828435113,0.06955198024728584,0.0405719884775834,0.11302196790183949,0.03477599012364292,0.04781698642000901,0.04346998765455365,0.029807991534551076,0.05216398518546438,0.02483999294545923,0.023183993415761946,0.03477599012364292,0.1391039604945717,0.03477599012364292
49,0.04088551849536865,0.047180798187540174,0.048678601304604954,0.023590399093770087,0.043616026768926036,0.043616026768926036,0.03145386545836012,0.046731457252420755,0.05111253136983519,0.07155754391776926,0.025556265684917596,0.02920716078276297,0.08995805521090994,0.06542404015338905,0.05111253136983519,0.02044501254793408,0.04089002509586816,0.02726001673057877,0.09541005855702568,0.024534015057520894,0.08178005019173631
50,0.0510587122314528,0.05591080121542037,0.05269573410485622,0.0442424600922022,0.051048992414079467,0.05497583798439327,0.051048992414079467,0.032485722445323294,0.056721102682310516,0.025524496207039733,0.040839193931263576,0.05568980990626851,0.043756279212068115,0.017016330804693156,0.03970477187761736,0.040839193931263576,0.03970477187761736,0.051048992414079467,0.15314697724223839,0.025524496207039733,0.017016330804693152
51,0.04945739007282505,0.06923826479139018,0.06594120456322876,0.05236507421197577,0.04164707656624975,0.03010359338756095,0.045651603159158366,0.041213252852017976,0.03297060228161438,0.04451031308017941,0.054951003802690634,0.04451031308017941,0.06358616154311345,0.049455903422421565,0.049455903422421565,0.06181987927802696,0.028260516241383756,0.06358616154311345,0.024727951711210783,0.037091927566816174,0.049455903422421565
52,0.04004568403853095,0.03454956383845451,0.043686638572591245,0.04004608535820864,0.04004608535820864,0.027399953139826964,0.042715824382089214,0.033723019249017806,0.04004608535820864,0.04004608535820864,0.05148782403198254,0.03559652031840768,0.06006912803731296,0.053394780477611516,0.0333717377985072,0.04004608535820864,0.09010369205596944,0.0333717377985072,0.04004608535820864,0.02002304267910432,0.16018434143283455
53,0.034621038755931303,0.04075145538441265,0.0451809614044575,0.05195810561512613,0.025016865666542213,0.030020238799850652,0.05353259366406935,0.03711293258223295,0.03175217565368819,0.06061778988431381,0.08659684269187688,0.04329842134593844,0.055421979322801206,0.08659684269187688,0.034638737076750754,0.04329842134593844,0.034638737076750754,0.040411859922875874,0.05195810561512613,0.06061778988431381,0.05195810561512613
54,0.03660808496105637,0.045774782015612615,0.03369023956349088,0.05264099931795451,0.04679199939373735,0.08239460762810272,0.027464869209367568,0.12816938964371533,0.12816938964371533,0.019974450334085507,0.025633877928743064,0.0402818081737391,0.07323965122498019,0.019974450334085507,0.01569421097678147,0.02615701829463578,0.020344347562494498,0.04882643414998679,0.06408469482185766,0.036619825612490095,0.02746486920936757
55,0.0474712480831115,0.050701826454808877,0.03607381014146401,0.043668296487035387,0.03997098076616512,0.15030754225610007,0.036917641957638615,0.0508559353498083,0.018255976792238875,0.05178058871980482,0.036917641957638615,0.04746553965982108,0.04153234720234344,0.07458870517971884,0.04068474827984664,0.059331924574776346,0.02712316551989776,0.04746553965982108,0.02373276982991054,0.06328738621309477,0.01186638491495527
56,0.045673533895297706,0.053875125919951035,0.0371123489693141,0.06179793855523794,0.03654138975440157,0.07232150055558643,0.05481208463160235,0.017763175575056318,0.06851510578950294,0.040601544171557306,0.05813402915472977,0.022838368596500982,0.06090231625733595,0.05328952672516895,0.03425755289475147,0.03262624085214426,0.045676737193001964,0.07308277950880314,0.027406042315801175,0.06851510578950294,0.03425755289475147
57,0.04752903945752257,0.06430012820115001,0.04299987869352268,0.04039725445680947,0.03501929178918468,0.047526181713893494,0.04118935748537436,0.03960515142824458,0.044357769599633924,0.0554472119995424,0.030552545387502964,0.023763090856946747,0.029703863571183434,0.04073672718333728,0.10693390885626036,0.05431563624444972,0.07468399983611834,0.03564463628542012,0.05703141805667219,0.04073672718333728,0.047526181713893494
58,0.049752707086135266,0.048536308557141104,0.07296625053090212,0.0469858431448991,0.040273579838484945,0.05389552596032544,0.0382690125162074,0.08140862662538666,0.030615210012965924,0.059699659525283555,0.04974971627106963,0.03731228720330222,0.059699659525283555,0.016583238757023208,0.03979977301685571,0.03731228720330222,0.024874858135534816,0.062187145338837034,0.07959954603371142,0.033166477514046416,0.03731228720330222
59,0.04419116739965236,0.0724756934473156,0.044192496004460735,0.03977324640401466,0.033994227695739024,0.044192496004460735,0.047138662404758114,0.06427999418830653,0.0505057097193837,0.03739365046531292,0.01841354000185864,0.044192496004460735,0.05155791200520418,0.024551386669144852,0.03739365046531292,0.037879282289537776,0.05155791200520418,0.03535399680356859,0.03682708000371728,0.15467373601561255,0.02946166400297382
60,0.04168847442913786,0.053283021750263275,0.053283021750263275,0.04964256684807138,0.059571080217685646,0.04415268298487288,0.03574264813061139,0.03706644991322663,0.05733716470952244,0.05559967486983993,0.03706644991322663,0.034117982306492683,0.026536208460605424,0.027799837434919972,0.05003970738285594,0.027799837434919965,0.027799837434919972,0.10424939038094988,0.11467432941904487,0.020849878076189977,0.04169975615237995
61,0.03616585814865503,0.04284172343537987,0.041743217706267564,0.0572809709636005,0.019733157461144672,0.036177455345431896,0.0325597098108887,0.06718670278437353,0.05426618301814783,0.04823660712724252,0.04134566325192217,0.07959040175995016,0.04069963726361088,0.02713309150907392,0.043412946414518275,0.036177455345431896,0.06029575890905316,0.09044363836357974,0.036177455345431896,0.09044363836357974,0.018088727672715948
62,0.03483619127493174,0.06099877320183368,0.03834208601258117,0.033113619738138284,0.03485644182961925,0.029876950139673644,0.07967186703912972,0.05809406971603208,0.026142331372214434,0.06196700769710089,0.03485644182961925,0.02439950928073347,0.05975390027934729,0.05228466274442886,0.0697128836592385,0.04879901856146694,0.01991796675978243,0.05228466274442887,0.08714110457404813,0.05809406971603208,0.03485644182961925
63,0.032043541495344476,0.05084704536250306,0.02991869625677716,0.04006968248675513,0.032055745989404104,0.03027487121221499,0.027124092760265006,0.04541230681832248,0.11219511096291435,0.02465826614569546,0.029384433823620427,0.058768867647240854,0.051289193583046566,0.0213704973262694,0.04487804438516574,0.025644596791523283,0.1923344759364246,0.05770034278092738,0.0427409946525388,0.032055745989404104,0.019233447593642462
64,0.044340199129657615,0.03196619007021828,0.03879767423845041,0.044340199129657615,0.07503726006557442,0.07255668948489427,0.03751863003278721,0.04064518253551948,0.053208238955589134,0.06096777380327922,0.022170099564828807,0.09754843808524674,0.03695016594138135,0.038005884968277955,0.03695016594138135,0.0739003318827627,0.029560132753105074,0.07759534847690082,0.05542524891207202,0.014780066376552537,0.017736079651863045
65,0.0435632294514125,0.046916127206001634,0.06406614009222912,0.033883869648778965,0.03075174724426998,0.031117839473368436,0.04719538986794213,0.05148587985593687,0.05808663368362108,0.04792147278898738,0.038724422455747386,0.03485198021017265,0.037341407368042125,0.031117839473368436,0.08712995052543161,0.043564975262715806,0.054456219078394756,0.043564975262715806,0.043564975262715806,0.08712995052543161,0.043564975262715806
66,0.03945481100503241,0.04984464901246136,0.03228573856488974,0.024662716959290776,0.0414333644916085,0.046859162222652476,0.0986508678371631,0.021922415074925136,0.0482293131648353,0.05739686855980399,0.039460347134865244,0.03069138110489519,0.09470483312367657,0.07102862484275743,0.02630689808991016,0.011838104140459571,0.02254876979135157,0.05261379617982032,0.055244485988811334,0.10522759235964065,0.02959526035114893
67,0.04262597892176922,0.07564871580522672,0.048199893232421145,0.042638367090218704,0.028425578060145798,0.0724852240533718,0.06395755063532804,0.05542987721728431,0.029518869523997557,0.039358492698663414,0.03197877531766403,0.014212789030072902,0.05969371392630618,0.042638367090218704,0.07461714240788271,0.056851156120291596,0.04974476160525514,0.042638367090218704,0.05116604050826244,0.06395755063532806,0.014212789030072899
68,0.03721170787681157,0.04923176299869585,0.03722401592584319,0.11505604922533352,0.05076002171705891,0.01942122570043993,0.04008740176629267,0.03722401592584319,0.0418770179165736,0.06913031529085166,0.0341220145986896,0.04342801858015039,0.017180315042696858,0.08189283503685502,0.11167204777752959,0.031020013271535998,0.026588582804173713,0.053177165608347426,0.03722401592584319,0.055836023888764796,0.010635433121669487
69,0.03386566559984904,0.044862160289526935,0.026058083684654575,0.053232942384365774,0.023995152059619423,0.08280679926456899,0.04355422558720837,0.02540663159253821,0.04742571230607132,0.03387550879005095,0.02540663159253821,0.03387550879005095,0.11291836263350316,0.016937754395025473,0.05420081406408152,0.1185642807651783,0.03387550879005095,0.050813263185076424,0.011291836263350315,0.10162652637015285,0.025406631592538212
70,0.03268224284551109,0.045359330655051926,0.05679632222780676,0.05839448713897882,0.037372471768946446,0.021255593318588287,0.0490513691967422,0.05313898329647072,0.02543404328719966,0.03864653330652416,0.039967782308456615,0.051387148682301355,0.026160730238262507,0.032700912797828136,0.032700912797828136,0.03924109535739376,0.11445319479239846,0.032700912797828136,0.0490513691967422,0.06540182559565627,0.0981027383934844
71,0.03258478205801256,0.044098988298997624,0.04803459595039558,0.025351592307153226,0.02118668785669234,0.042624105747191686,0.02390292988960161,0.021729936263274192,0.044817993543003025,0.10864968131637097,0.03259490439491129,0.009312829827117513,0.027938489481352538,0.027162420329092742,0.0456328661528758,0.19556942636946775,0.04889235659236694,0.10864968131637097,0.026075923515929033,0.04889235659236694,0.016297452197455646
72,0.04182260363102395,0.04295380504152159,0.0532298349557612,0.02573750261597245,0.03936323929501669,0.038606253923958674,0.04182344175095523,0.0532298349557612,0.04182344175095523,0.027882294500636826,0.06505868716815259,0.035848664357961635,0.04182344175095523,0.055764589001273644,0.017924332178980817,0.04182344175095523,0.025094065050573138,0.03485286812579603,0.05227930218869404,0.16729376700382093,0.055764589001273644
73,0.035319879292384934,0.06931115833325269,0.04649355306152142,0.036871409036615246,0.02603638971445199,0.03003483527774284,0.06625331311266802,0.06674407839498409,0.050478714752508966,0.04543084327725807,0.02473457022872939,0.060574457703010766,0.07067020065351255,0.015143614425752691,0.021201060196053764,0.035335100326756276,0.0314089780682278,0.05889183387792713,0.17667550163378137,0.026501325245067205,0.005889183387792712
74,0.05047140677464064,0.06546592395545633,0.02703391949053442,0.05434510995020252,0.06210869708594574,0.04155802525603722,0.0588738691127194,0.023290761407229653,0.03881793567871609,0.08410552730388486,0.02523165819116546,0.022937871082877693,0.08831080366907909,0.06307914547791364,0.0588738691127194,0.06728442184310789,0.05046331638233092,0.008410552730388486,0.02523165819116546,0.03364221092155394,0.05046331638233092
75,0.04547408881355584,0.04546725512624916,0.031995475829582745,0.033606232049836336,0.032476610804463686,0.07026757610420326,0.04546725512624916,0.0289337078076131,0.04546725512624916,0.10002796127774814,0.05557108959874898,0.03897193296535643,0.0378893792718743,0.05683406890781145,0.032476610804463686,0.02020766894499963,0.015155751708749719,0.05456070615149899,0.07274760820199866,0.04546725512624916,0.09093451025249832
76,0.03184401656418941,0.04446157391134424,0.02832366930648596,0.02811540703217356,0.05045153595217811,0.08143054925614714,0.05735543034563406,0.01593206398489835,0.040554344688832164,0.02696195443598182,0.0318641279697967,0.042485503959728936,0.036416146251196234,0.1593206398489835,0.047796191954695054,0.05098260475167472,0.026553439974830586,0.0637282559395934,0.055762223947144224,0.047796191954695054,0.0318641279697967
77,0.0444511212093634,0.06352196683981047,0.051486225754372686,0.10509998149859548,0.047080987187153624,0.05659229773001295,0.06498785838226762,0.0741089613131122,0.029643584525244883,0.05659229773001295,0.029643584525244883,0.04446537678786732,0.0825785568917536,0.01778615071514693,0.08893075357573464,0.029643584525244876,0.03334903259090049,0.01778615071514693,0.02223268839393366,0.01778615071514693,0.02223268839393366
78,0.04630734870916108,0.04020541377133384,0.035185828779276396,0.05719058857312727,0.02924030092460643,0.07523285758726862,0.04985846183298275,0.03561318702355911,0.0396832655405373,0.029762449155402975,0.04051000023929848,0.05401333365239798,0.05952489831080595,0.04629714313062684,0.02572063507257047,0.028935714456641778,0.028935714456641778,0.10802666730479596,0.061729524174169124,0.09259428626125368,0.015432381043542281
79,0.03279023308372203,0.045756212293394875,0.04131168852764933,0.06342559238656749,0.045424164308682284,0.03473612564781586,0.05905141360128697,0.022446443766571074,0.04290059962486661,0.029823946263276255,0.022712082154341142,0.049209511334405806,0.03280634088960388,0.04592887724544542,0.03280634088960388,0.02050396305600242,0.043741787852805164,0.026245072711683103,0.26245072711683104,0.03280634088960388,0.013122536355841551
80,0.03642605250888317,0.03249363615174116,0.04904342519406153,0.03484824746708472,0.03146422343619013,0.03400344146788266,0.03312023519598961,0.01917487300820451,0.02671698972476495,0.07286451743117714,0.045540323394485716,0.024288172477059045,0.057250692267353465,0.1092967761467657,0.058291613944941714,0.08197258211007429,0.07286451743117714,0.04371871045870628,0.07286451743117714,0.03643225871558857,0.027324194036691427
81,0.04622420125284949,0.05883610719009415,0.058674469532978515,0.05778546241884248,0.04931026126407891,0.040789738178006456,0.03467127745130548,0.03911631302198567,0.04622836993507398,0.08475201154763563,0.02311418496753699,0.07396539189611838,0.04622836993507398,0.03081891329004932,0.02941805359504708,0.02889273120942124,0.05778546241884248,0.03081891329004932,0.07396539189611838,0.0770472832251233,0.011557092483768495
82,0.04025084450332954,0.055898348371040206,0.031862058571492914,0.03149750412559482,0.06372411714298583,0.03641378122456333,0.01574875206279741,0.03095908525165303,0.03270053379705851,0.02347730631583688,0.04756441279572148,0.04527766218054256,0.02012340541357447,0.03521595947375532,0.032197448661719155,0.03449726642327053,0.04024681082714894,0.04024681082714894,0.06037021624072342,0.12074043248144684,0.16098724330859576
83,0.03691692520464365,0.04028552147379531,0.05035690184224414,0.04385246868762093,0.032312345348773315,0.040621234152743595,0.07385678936862472,0.02954271574744989,0.03077366223692697,0.033851028460619666,0.05539259202646855,0.04513470461415956,0.03692839468431236,0.05539259202646855,0.03692839468431236,0.0316529097294106,0.049237859579083144,0.12924938139509326,0.03692839468431236,0.05539259202646855,0.05539259202646855
84,0.04641869165041744,0.07683324772910527,0.04310436665754864,0.04642008716966776,0.03610451224307493,0.06189344955955701,0.015473362389889255,0.060703190914180916,0.03191380992914659,0.024757379823822805,0.03094672477977851,0.04642008716966776,0.05968296921814427,0.07427213947146842,0.06498812203753486,0.07427213947146842,0.04642008716966776,0.027852052301800656,0.06189344955955701,0.04642008716966776,0.02321004358483388
85,0.04419739704153384,0.05275384612356786,0.06746188857053698,0.03119941296974124,0.060773856513975134,0.06119884851756935,0.02578284821805005,0.04419916837380009,0.03157083455271435,0.02812674351060006,0.033149376280350064,0.024555093541000054,0.04419916837380009,0.04419916837380009,0.035359334699040075,0.029466112249200066,0.11049792093450024,0.13259750512140028,0.06629875256070014,0.017679667349520038,0.014733056124600031
86,0.035150471921837505,0.03230658439493595,0.052735748056439574,0.024054902622235592,0.044532409469882295,0.039551811042329674,0.02050834646639316,0.05273574805643956,0.03196105942814519,0.01318393701410989,0.06529187854606804,0.028764953485330667,0.06529187854606804,0.03867288190805568,0.02008980878340555,0.14062866148383885,0.027344461955190885,0.10547149611287912,0.056251464593535534,0.058595275618266184,0.046876220494612944
87,0.044470016068554406,0.06026237799840638,0.062271123931686594,0.06802727824469965,0.04447937423691899,0.05132235488875268,0.04447937423691899,0.03812517791735914,0.04447937423691899,0.057187766876038715,0.031135561965843297,0.039537221543928,0.04447937423691899,0.024710763464955,0.0088958748473838,0.03812517791735914,0.10007859203306774,0.0177917496947676,0.0355834993895352,0.055599217796148744,0.08895874847383799
88,0.035293827945293434,0.030773295276875154,0.033827997381564966,0.03333773654994809,0.031768901888774057,0.058831299794026036,0.039711127360967574,0.04118190985581822,0.02059095492790911,0.12707560755509623,0.029415649897013018,0.026474084907311714,0.035298779876415616,0.04235853585169874,0.027454606570545482,0.07942225472193515,0.04538414555539151,0.017649389938207808,0.044123474845519525,0.1764938993820781,0.023532519917610413
89,0.03946901937544142,0.05299175403701188,0.05264540270343665,0.04606472736550706,0.03948405202757748,0.03948405202757748,0.07537864477992064,0.05429057153791904,0.026322701351718325,0.046662970578046116,0.07896810405515496,0.01974202601378874,0.03948405202757748,0.026322701351718325,0.029613039020683112,0.05076520974974248,0.03553564682481973,0.0987101300689437,0.07896810405515496,0.029613039020683112,0.03948405202757748
90,0.03263617521149804,0.035760506204997884,0.033906700699387615,0.06258088585874629,0.07255754882173483,0.029541287734563465,0.03767411188820847,0.027986483116954865,0.06530179393956134,0.02285562787884647,0.061220431818338764,0.07074361010119147,0.016325448484890336,0.03918107636373681,0.09795269090934203,0.020777843526224065,0.05713906969711617,0.048976345454671,0.02539514208760719,0.010883632323260223,0.13060358787912268
91,0.044997608968758124,0.051074784466004164,0.043038172417523175,0.054636121478089494,0.01894503283450781,0.042182299670583796,0.02646732528350356,0.04845556474979882,0.04499445298195605,0.059992603975941396,0.022497226490978024,0.059992603975941396,0.05399334357834726,0.03374583973646704,0.06427778997422293,0.13498335894586813,0.02699667178917363,0.029996301987970698,0.03749537748496338,0.056243066227445064,0.04499445298195605
92,0.036911577350675163,0.05491725098588265,0.05539067556334716,0.03475493368680606,0.034619172227091974,0.047477721911440424,0.07049722344426002,0.036927117042231436,0.029541693633785154,0.0676997145774243,0.0402841276824343,0.024618078028154296,0.02215627022533886,0.036927117042231436,0.04220241947683594,0.023499074481420006,0.14770846816892574,0.05908338726757031,0.014770846816892577,0.11078135112669432,0.009231779260557859
