,0,1,2,3,4,5,6,7,8,9,10,11,12,13,14,15,16,17,18,19,20
0,0.05106264557892386,0.06127026231561316,0.04753727248625159,0.051058551929677634,0.04765464846769912,0.051058551929677634,0.020423420771871054,0.07069645651801518,0.04765464846769912,0.062404896802939334,0.0392758091766751,0.03829391394725823,0.062404896802939334,0.08509758654946273,0.057440870920887344,0.03829391394725823,0.042548793274731364,0.03829391394725823,0.03403903461978509,0.036470394235484024,0.017019517309892544
1,0.04482095302902721,0.04257094531892691,0.033608641041258096,0.04694540335921765,0.033121559287036965,0.04481152138834412,0.04481152138834412,0.03102336096116131,0.026886912833006472,0.048885296060011775,0.02757632085436561,0.02412928074756991,0.0784201624296022,0.02240576069417206,0.06161584190897317,0.06721728208251619,0.05228010828640147,0.07468586898057354,0.10456021657280294,0.04481152138834412,0.04481152138834412
2,0.042380903463241075,0.042387698064944614,0.04816783871016434,0.04768616032306269,0.07947693387177115,0.048908882382628395,0.05780140645219721,0.029345329429577037,0.04945231440910204,0.04662646787143907,0.035866513747260825,0.042387698064944614,0.037677953835506324,0.05449846894064308,0.026492311290590383,0.04945231440910204,0.05651693075325948,0.03532308172078718,0.042387698064944614,0.08477539612988923,0.042387698064944614
3,0.0424135501672764,0.07930602323226049,0.03243844178720368,0.049117316714227435,0.04006286186539258,0.044914765551512775,0.06598589013123483,0.02916340679907254,0.033935600638920774,0.045449465141411745,0.021209750399325482,0.029693650559055675,0.04948941759842612,0.030299643427607832,0.042419500798650964,0.07423412639763918,0.01413983359955032,0.08483900159730193,0.042419500798650964,0.06362925119797645,0.08483900159730193
4,0.04015745665379067,0.03798716390448321,0.03814996603550242,0.04908182764801482,0.04818943078168727,0.022588795678915908,0.04380857343789752,0.06246778064292794,0.07457888097165888,0.04015785898473939,0.035695874653101686,0.04015785898473939,0.029449096588808885,0.01721051099345974,0.04015785898473939,0.026771905989826265,0.04015785898473939,0.032126287187791515,0.12047357695421818,0.12047357695421818,0.04015785898473939
5,0.03499013200569819,0.03988406591311854,0.055417146005132395,0.027391541274848046,0.035000302740083616,0.04200036328810034,0.02961564078007075,0.01633347461203902,0.017500151370041808,0.060000518983000496,0.05444491537346341,0.05250045411012542,0.02333353516005575,0.04200036328810034,0.035000302740083616,0.08750075685020904,0.07000060548016723,0.04083368653009755,0.08750075685020904,0.10500090822025086,0.04375037842510452
6,0.03426978340477314,0.039871752904337296,0.04174399173636704,0.05633309088912798,0.05143456124659511,0.03692737730524777,0.03886166849742742,0.030860736747957064,0.04286213437216259,0.06857941499546015,0.038575920934946335,0.034289707497730075,0.06172147349591413,0.03047973999798229,0.02743176599818406,0.06000698812102762,0.06000698812102762,0.08572426874432518,0.034289707497730075,0.05714951249621679,0.06857941499546015
7,0.03816576006634281,0.07637819718551653,0.04815147213869521,0.05537419295949948,0.04328097840512604,0.04993959046745312,0.04513257106416886,0.027277927566255904,0.060011440645762984,0.031824248827298555,0.06683092253732696,0.030551278874206615,0.038189098592758264,0.025459399061838844,0.04455394835821797,0.06364849765459711,0.06110255774841323,0.07637819718551653,0.04455394835821797,0.04773637324094783,0.025459399061838844
8,0.03832527415435091,0.05260059955630753,0.03012116657401145,0.03696688624992315,0.01703823563782466,0.047920037731381857,0.05476575740729355,0.04216963320361603,0.03538710478625121,0.050131731780522555,0.08433926640723206,0.044725368549289726,0.0602423331480229,0.06389338364184248,0.021906302962917422,0.05750404527765822,0.10222941382694796,0.02555735345673699,0.03833603018510549,0.057504045277658226,0.03833603018510549
9,0.039324235620930494,0.03824185855141236,0.046486207278080484,0.039334483081452716,0.031467586465162165,0.07151724196627766,0.05900172462217907,0.05006206937639436,0.03371527121267376,0.05506827631403379,0.039334483081452716,0.07375215577772384,0.0332830241458446,0.04495369495023168,0.05506827631403379,0.039334483081452716,0.026222988720968475,0.09833620770363179,0.03371527121267376,0.05244597744193695,0.039334483081452716
10,0.04390293414440626,0.05488196739596543,0.05298948576162179,0.0384173771771758,0.02927038261118156,0.04132289309813868,0.02508889938101277,0.08232295109394815,0.03991415810615668,0.05854076522236312,0.06146780348348128,0.0731759565279539,0.04390557391677234,0.013171672175031703,0.051223169569567725,0.04390557391677234,0.03136112422626596,0.03658797826397695,0.08781114783354468,0.06146780348348128,0.02927038261118156
11,0.040726622733694526,0.05953307058340714,0.0392245182401396,0.0989233729243081,0.0703572652349357,0.021336413767988022,0.04887978426848164,0.02715543570471203,0.05431087140942406,0.015840670827748683,0.032586522845654435,0.052371197430516055,0.04073315355706804,0.1018328838926701,0.02036657677853402,0.017457065810172017,0.04887978426848164,0.04655217549379205,0.027155435704712023,0.05431087140942405,0.08146630711413608
12,0.040447014405243856,0.04341090183441491,0.021104904844399343,0.05710738957896293,0.02629319395198085,0.08090213523686415,0.04045106761843208,0.06934468734588356,0.031116205860332365,0.02696737841228805,0.031116205860332365,0.06067660142764811,0.06934468734588356,0.0539347568245761,0.05393475682457611,0.013483689206144026,0.08090213523686415,0.028893619727451483,0.07078936833225613,0.06741844603072013,0.032360854094745664
13,0.04295326887367824,0.06813959893199237,0.04100495627429185,0.07302787450754836,0.027922422605827307,0.05441292610366347,0.027796076802181026,0.038661815915760886,0.02863838215982288,0.024163634947350555,0.09665453978940222,0.03341144585312669,0.023865318466519066,0.057276764319645755,0.028638382159822878,0.11455352863929151,0.032218179929800736,0.0715959553995572,0.0536969665496679,0.01841038853131471,0.04295757323973432
14,0.0489819166744249,0.0503314303660464,0.071824311441277,0.027983497964133904,0.03092912932877958,0.04609046723504407,0.038477309700684116,0.08395049389240171,0.03264741429148955,0.15915614467101158,0.058765345724681194,0.032647414291489554,0.030606950898271455,0.03497937245516738,0.020987623473100427,0.06296287041930128,0.027206178576241295,0.04897112143723433,0.010882471430496518,0.03264741429148955,0.04897112143723433
15,0.03808865682440354,0.046030712799928854,0.06772334756771142,0.06530465658315031,0.02666606810478637,0.03095168619305561,0.025396255337891787,0.05714157451025651,0.08095056388953006,0.04761797875854709,0.029628964560873747,0.0217682188610501,0.025396255337891787,0.022856629804102604,0.009523595751709418,0.013852502911577337,0.03047550640547014,0.03809438300683767,0.03047550640547014,0.26666068104786367,0.02539625533789178
16,0.037818526050699394,0.03782155777814198,0.052529941358530535,0.0345327266669992,0.050428743704189316,0.03277868340772305,0.03151796481511832,0.04160371355595618,0.01891077888907099,0.03241847809555027,0.03782155777814198,0.02701539841295856,0.06618772611174846,0.022692934666885187,0.03782155777814198,0.05042874370418931,0.05295018088939877,0.06618772611174846,0.15128623111256792,0.06051449244502718,0.056732336667212974
17,0.036273910463684646,0.04664676588464398,0.030699153616389623,0.025286630664739664,0.04146379189746132,0.03174571567149381,0.02902465432822292,0.052405625870402504,0.07659283781058826,0.03109784392309599,0.05701271385900931,0.0943301265667245,0.049886124626633145,0.05442122686541797,0.009070204477569663,0.03109784392309599,0.06349143134298763,0.02176849074616719,0.03628081791027865,0.0725616358205573,0.10884245373083595
18,0.033799848682025596,0.03035575113552359,0.03640567356463144,0.023313978144837866,0.05634211385002485,0.05915921954252608,0.04507369108001988,0.02656128224358314,0.06761053662002982,0.03042474147901341,0.04732737563402086,0.03004912738667992,0.04732737563402086,0.07606185369753354,0.16902634155007454,0.01229282484000542,0.014487972132863533,0.08451317077503727,0.02535395123251118,0.03380526831001491,0.05070790246502236
19,0.04881155279550301,0.061721125434349294,0.023559948441660195,0.054225278159376646,0.03444900024242751,0.03660206275757923,0.05286964620539223,0.07930446930808834,0.03253516689562598,0.08133791723906497,0.026619682005512173,0.08133791723906497,0.03795769471156365,0.021690111263750658,0.0854048131010182,0.03253516689562599,0.029281650206063384,0.06100343792929872,0.06507033379125196,0.02440137517171949,0.029281650206063384
