,0,1,2,3,4,5,6,7,8,9,10,11,12,13,14,15,16,17,18,19,20
0,0.03673179016681037,0.04805169152711559,0.05678836271386389,0.07716536345236796,0.027075566123637883,0.09798776311411805,0.01469816446711771,0.04041995228457369,0.033918841077963946,0.022047246700676565,0.06124235194632379,0.03674541116779428,0.031496066715252236,0.03674541116779428,0.06430446954363997,0.028579764241617768,0.06430446954363997,0.04409449340135313,0.05511811675169141,0.04899388155705903,0.07349082233558855
1,0.03579526248163458,0.03507283153904524,0.06218505328797823,0.024787049212690617,0.03391911997526085,0.01723872969936097,0.051716189098082906,0.01909520828236907,0.08695139485721631,0.039383867082386205,0.07876773416477241,0.05370527329416301,0.043759852313762455,0.020459151731109723,0.03580351552944201,0.10741054658832601,0.040918303462219446,0.05370527329416301,0.07876773416477241,0.05370527329416301,0.026852636647081506
2,0.04411298299758312,0.04719488923953427,0.034090379480335525,0.06617544252065131,0.04751057411739068,0.03208506304031579,0.04117583090173859,0.06417012608063158,0.05882261557391228,0.07720468294075986,0.06176374635260789,0.05514620210054276,0.031512115486024436,0.04901884631159357,0.03781453858322932,0.03529356934434737,0.11764523114782455,0.044116961680434205,0.01470565389347807,0.029411307786956137,0.011029240420108551
3,0.04630632814760535,0.061754767828070156,0.03473705690328946,0.06947411380657893,0.05866702943666665,0.05448950102476779,0.02925225844487534,0.07204722913274852,0.02701771092478069,0.06947411380657893,0.061754767828070156,0.06368460432269735,0.03087738391403508,0.07719345978508771,0.0370528606968421,0.05954924040563909,0.05403542184956138,0.01852643034842105,0.02778964552263157,0.015438691957017539,0.030877383914035078
4,0.030247247495255713,0.04622913588423652,0.03177202429862073,0.03242043295777625,0.02395509768546801,0.020948587449640038,0.0428670169108375,0.027737481530541907,0.026896951787192157,0.04538860614088675,0.03576071998978957,0.04841451321694588,0.04322724394370168,0.05446632736906411,0.07564767690147793,0.026896951787192157,0.0168105948669951,0.017290897577480674,0.05043178460098529,0.24207256608472938,0.060518141521182345
5,0.04333552148183163,0.049844339967720204,0.05703013726283777,0.039402640290687914,0.06934864691161072,0.0458924869268012,0.029798246719832732,0.027863295634129308,0.05417863039969587,0.07705405212401191,0.033711147804255215,0.07946199125288728,0.04953474779400766,0.05201148518370804,0.04953474779400766,0.07223817386626116,0.032507178239817525,0.05779053909300893,0.03611908693313058,0.014447634773252232,0.028895269546504464
6,0.03653300222427173,0.03197246291236879,0.04871994348551435,0.053404553436044576,0.01826997880706788,0.025577970329895033,0.04318358627125136,0.06311447224259814,0.021314975274912527,0.07764740993003849,0.039861771942693566,0.04262995054982505,0.03197246291236879,0.02609996972438269,0.04384794913696291,0.054809936421203645,0.027404968210601822,0.0852599010996501,0.09134989403533941,0.08221490463180546,0.054809936421203645
7,0.03924204636690742,0.050742776844917285,0.054519230886834615,0.04906730779815115,0.0343471154587058,0.017842657381145873,0.03925384623852092,0.05888076935778138,0.04995944066720844,0.07850769247704184,0.03925384623852092,0.13084615412840309,0.024533653899075573,0.0981346155963023,0.02944038467889069,0.013084615412840306,0.07850769247704184,0.015701538495408368,0.03925384623852092,0.03925384623852092,0.01962692311926046
8,0.03383437300398714,0.036441033587759596,0.04060572314064641,0.05639683769534224,0.04652739109865735,0.039043964558313854,0.018798945898447415,0.04060572314064641,0.03665794450197246,0.020302861570323204,0.030078313437515863,0.020302861570323204,0.02368667183204374,0.024170073298003816,0.022558735078136893,0.02900408795760458,0.024170073298003816,0.08459525654301335,0.20302861570323205,0.06767620523441069,0.10151430785161603
9,0.03817562925366111,0.04231120248758589,0.060644033407601564,0.04056973531202976,0.027576813545431997,0.028637460220256303,0.03818328029367507,0.044057631108086616,0.057274920440512606,0.07636656058735014,0.01272776009789169,0.03436495226430756,0.049092788949010806,0.053456592411145094,0.11454984088102518,0.010909508655335735,0.13364148102786272,0.04581993635241008,0.025455520195783378,0.050911040391566756,0.015273312117470027
10,0.036647745857619735,0.03575282365273086,0.042143640880656495,0.026467020842924377,0.036646644244049134,0.025074019745928353,0.020940939568028078,0.036646644244049134,0.014251472761574662,0.05191607934573627,0.06282281870408422,0.04397597309285896,0.05496996636607369,0.027484983183036847,0.03053887020337428,0.06282281870408422,0.036646644244049134,0.14658657697619654,0.10993993273214739,0.02443109616269942,0.07329328848809827
11,0.036153825439750716,0.0515429578126638,0.0316491846218111,0.040189440789601405,0.0472998803139155,0.057269953125181995,0.046504924342253055,0.06576453947389321,0.026305815789557284,0.032151552631681124,0.02841967598693242,0.07957509276341077,0.08680919210553903,0.06028416118440211,0.05167213815805895,0.02066885526322358,0.02893639736851301,0.009864680921083982,0.1085114901319238,0.0542557450659619,0.036170496710641264
12,0.04072492723312607,0.04536457995902693,0.03933086735363911,0.06580356653397312,0.02635829135674554,0.08147108237539531,0.03200649664747673,0.032588432950158126,0.05184523423888792,0.040735541187697656,0.1086281098338604,0.029096815134069753,0.06983235632176742,0.017458089080441854,0.03564359853923544,0.04888264942523718,0.040735541187697656,0.040735541187697656,0.05091942648462207,0.08147108237539531,0.020367770593848828
13,0.05049101072861079,0.049314330593203316,0.07888825206502019,0.1048606919756576,0.054094801416013846,0.055078343259941376,0.03883729332431763,0.050488481321612926,0.050488481321612926,0.02208871057820565,0.05770112151041478,0.04039078505729034,0.02294930969164224,0.03786636099120969,0.030293088792967753,0.03365898754774195,0.02163792056640554,0.07212640188801846,0.010097696264322584,0.0883548423128226,0.030293088792967753
14,0.033023824239309295,0.03225518178781498,0.02501754720194885,0.034674320421901106,0.03774075692179713,0.033023162306572484,0.043184135323979404,0.07430211518978809,0.033023162306572484,0.04623242722920148,0.030482919052220753,0.018346201281429157,0.024767371729929363,0.028305567691347847,0.009906948691971744,0.02311621361460074,0.014676961025143327,0.08806176615085995,0.03962779476788698,0.1981389738394349,0.13209264922628994
15,0.03318468808822001,0.03621671590634821,0.050774415437331306,0.051074855765362845,0.011856662945530661,0.07054714452590743,0.02298368509441328,0.03983838749698302,0.0663973124949717,0.024898992185614387,0.05164235416275577,0.03319865624748585,0.03983838749698302,0.03319865624748585,0.0221324374983239,0.0885297499932956,0.05809764843310024,0.07746353124413365,0.03319865624748585,0.0221324374983239,0.1327946249899434
16,0.04341663224519406,0.06296231760244579,0.050659336001967877,0.06346334400246524,0.04342228800168675,0.031015920001204823,0.02298827011854004,0.0467624640018165,0.04342228800168675,0.06513343200253012,0.027138930001054218,0.030395601601180725,0.03256671600126506,0.10855572000421687,0.031015920001204823,0.027138930001054218,0.0347378304013494,0.11579276800449799,0.054277860002108436,0.021711144000843376,0.04342228800168675
17,0.038531415080338714,0.0593871735218994,0.03261886588854663,0.0770991375547466,0.02120226282755531,0.08006448899915991,0.026688162999719968,0.05957660629230419,0.04205407502986178,0.0385495687773733,0.043368264874544954,0.0385495687773733,0.0385495687773733,0.06167931004379727,0.04625948253284795,0.033042487523462824,0.08673652974908991,0.06424928129562216,0.0770991375547466,0.01927478438868665,0.015419827510949318
18,0.04195647569525654,0.06820865532092577,0.07195638363526234,0.052468196400712125,0.0610539012662832,0.055966076160759604,0.041974557120569696,0.037777101408512724,0.057715016040783336,0.0326468777604431,0.03148091784042727,0.058764379968797575,0.04897031664066464,0.07345547496099697,0.0326468777604431,0.020987278560284848,0.06296183568085453,0.041974557120569696,0.03357964569645576,0.031480917840427274,0.041974557120569696
19,0.03854006042573218,0.06317047192404207,0.046253633679976563,0.043362781574978033,0.01360400990587546,0.026981286313319662,0.03597504841775955,0.017789859107683294,0.053962572626639324,0.029649765179472157,0.022025539847607894,0.02569646315554254,0.06263512894163493,0.05781704209997071,0.0192723473666569,0.19272347366656903,0.05781704209997071,0.0192723473666569,0.06745321578329916,0.0770893894666276,0.028908521049985356
20,0.030888329501127253,0.03752267129570562,0.041649205479120814,0.021142805497889855,0.025015114197137082,0.039141296331990955,0.03972988725427654,0.04017133044599072,0.07504534259141124,0.018540614051995717,0.030901023419992863,0.04635153512998929,0.07210238797998333,0.030901023419992863,0.01931313963749554,0.037081228103991434,0.08240272911998096,0.108153581969975,0.09270307025997859,0.018540614051995717,0.09270307025997859
21,0.03859385692215458,0.053618161828433535,0.061768122426355425,0.07206280949741466,0.02430690002888987,0.030884061213177712,0.03509552410588376,0.15442030606588855,0.032509538119134436,0.030026170623922776,0.05790761477470821,0.014038209642353505,0.09007851187176831,0.03860507651647214,0.01781772762298714,0.027575054654622958,0.057907614774708197,0.030884061213177712,0.045039255935884155,0.009651269129118034,0.07721015303294428
22,0.035471639393556506,0.04966875474331907,0.05321652293927044,0.035477681959513625,0.04434710244939203,0.03294356181954837,0.050260049442644304,0.035477681959513625,0.04730357594601816,0.02601696677030999,0.014782367483130677,0.031042971714574416,0.021286609175708175,0.024834377371659534,0.035477681959513625,0.029564734966261354,0.017738840979756813,0.04257321835141635,0.08869420489878406,0.1419107278380545,0.1419107278380545
23,0.03615301515164678,0.051806473788165094,0.047740154336112894,0.023587032774759334,0.05123627674961611,0.048222378117285754,0.06716688380621945,0.03287889417087665,0.023015225919613653,0.05425017538194646,0.05166683369709187,0.02893342687037145,0.09945865486690185,0.14466713435185724,0.031000100218255125,0.05063349702315003,0.015500050109127562,0.015500050109127562,0.054250175381946465,0.03616678358796431,0.03616678358796431
24,0.03203470181709747,0.07031475063945551,0.04386508437724546,0.03205525396798707,0.02193254218862273,0.03405870734098626,0.026712711639989225,0.03606216071398546,0.028493559082655176,0.03526077936478577,0.03205525396798707,0.03561694885331897,0.12822101587194829,0.028048347221988682,0.0183172879817069,0.08013813491996767,0.05128840634877931,0.056096694443977364,0.138906100527944,0.03846630476158448,0.03205525396798707
25,0.03468788508624309,0.0422393115083093,0.04889063166465022,0.030693126082274206,0.03903364947419655,0.048575208234555696,0.046262103080529235,0.029739923408911656,0.028913814425330777,0.02935864233956663,0.023131051540264617,0.01927587628355385,0.04047934019546308,0.06443650071930859,0.01542070102684308,0.021685360818998082,0.020817946386238156,0.10408973193119078,0.06939315462079386,0.13878630924158772,0.10408973193119078
26,0.041202516375935555,0.04893436311470596,0.047094725403626796,0.08499126225185771,0.022735384677612932,0.037461713389248585,0.016025288505400782,0.04944946167380813,0.05619257008387288,0.04754755930173858,0.05769103861944281,0.014984685355699433,0.023547362701813398,0.1030197118204336,0.022893269293429688,0.04807586551620234,0.08241576945634688,0.08241576945634688,0.04120788472817344,0.03090591354613008,0.04120788472817344
27,0.04038419389456461,0.04245985818803294,0.031068188918072878,0.03392646229853558,0.030885434865613633,0.037864355243901325,0.07180203661065733,0.032310916474795795,0.06462183294959159,0.04442751015284421,0.057698065133563924,0.06058296839024211,0.06731440932249125,0.0269257637289965,0.026925763728996497,0.0807772911869895,0.06731440932249125,0.047120086525743864,0.03461883908013835,0.04038864559349475,0.06058296839024212
28,0.04967847486803987,0.06622270046307027,0.03820540411330977,0.042571736011973754,0.043458647178889864,0.03862990860345766,0.02865405308498233,0.06346342127710902,0.062083781684128383,0.11588972581037298,0.024833512673651355,0.022074233487690095,0.04966702534730271,0.027592791859612616,0.031041890842064192,0.07450053802095406,0.04138918778941893,0.09933405069460542,0.04138918778941893,0.006208378168412839,0.033111350231535136
29,0.04131694424444215,0.04918535964616011,0.0507056343988596,0.06335074322425421,0.012574344118235712,0.03902038531928702,0.03305256168221959,0.04407008224295945,0.023608972630156853,0.04590633566974943,0.03098677657708086,0.020657851051387243,0.07436826378499406,0.047217945260313705,0.020657851051387243,0.041315702102774486,0.017706729472617637,0.1377190070092483,0.041315702102774486,0.08263140420554897,0.08263140420554897
30,0.03611293725803504,0.043872524615740635,0.049894243680646204,0.043356377267320154,0.05419547158415019,0.03232712340107205,0.02890425151154677,0.11561700604618708,0.045162892986791825,0.10839094316830036,0.07226062877886692,0.05677620832625258,0.03613031438943346,0.02529122007260342,0.043356377267320154,0.04215203345433903,0.012043438129811155,0.02890425151154677,0.02890425151154677,0.024086876259622306,0.07226062877886692
31,0.03607346198158721,0.060675690335221674,0.03935720454176542,0.028861949997294634,0.029517903406324056,0.03935720454176542,0.03052706249713855,0.04329292499594195,0.02645678749752008,0.04329292499594195,0.04123135713899234,0.0252542062476328,0.012025812498872765,0.008325562499219605,0.03607743749661829,0.10823231248985486,0.14430974998647317,0.05772389999458927,0.10823231248985488,0.02705807812246372,0.05411615624492744
32,0.044093587466303465,0.04690760165298104,0.051055221167560415,0.03490707356342672,0.04149943110946087,0.04409314555380217,0.03481037806879119,0.08328705271273745,0.04684896715091481,0.04899238394866908,0.06928922872740341,0.029395430369201447,0.016958902136077758,0.0771630047191538,0.014697715184600724,0.014697715184600724,0.036744287961501816,0.04409314555380217,0.06613971833070326,0.1322794366614065,0.022046572776901086
33,0.041681933646672435,0.042636939964459844,0.0497066547961737,0.0764306627511058,0.04168945240969407,0.05305930306688336,0.06442915372407267,0.04863769447797641,0.032068809545918515,0.02918261668678585,0.016034404772959258,0.04863769447797641,0.04168945240969407,0.04168945240969407,0.0583652333735717,0.016675780963877628,0.033351561927755256,0.05211181551211759,0.05211181551211759,0.055585936546258756,0.10422363102423518
34,0.03635256560891717,0.04007902548668259,0.03981271966949534,0.03965535714115741,0.03837022982639768,0.04017713815617263,0.01635783482072743,0.02423382936404064,0.03150397817325283,0.058161190473697534,0.03635074404606096,0.02423382936404064,0.031157780610909392,0.04240920138707111,0.024233829364040636,0.023132291665675153,0.06361380208060666,0.021810446427636573,0.29080595236848766,0.06543133928290971,0.012116914682020318
35,0.04114961680030397,0.03749375147271938,0.03578406821362401,0.04115167844566761,0.03429306537138968,0.06172751766850142,0.036007718639959156,0.04748270589884724,0.06858613074277936,0.12345503533700282,0.06172751766850141,0.04115167844566761,0.032006861013297035,0.04801029151994554,0.015431879417125356,0.03292134275653409,0.05143959805708452,0.03292134275653409,0.023515244826095783,0.08230335689133522,0.05143959805708452
36,0.043650196431637256,0.05314309733952627,0.04521230347635718,0.04147059560245175,0.06111456194045521,0.01940144823506515,0.0405351686339754,0.05820434470519545,0.04365325852889658,0.0388028964701303,0.02182662926444829,0.07857586535201384,0.04988943831873895,0.07857586535201384,0.029102172352597724,0.058204344705195435,0.04365325852889658,0.04365325852889658,0.034922606823117264,0.029102172352597717,0.08730651705779316
37,0.03626058206772947,0.03773141869361838,0.04617481308659591,0.04258981207055586,0.08344448364934832,0.06852928608883681,0.047443351907656243,0.039303561139185816,0.036280210282325365,0.032249075806511436,0.06530437850818564,0.05442031542348803,0.036280210282325365,0.036280210282325365,0.050792294395255504,0.04353625233879043,0.040815236567616035,0.06046701713720894,0.045350262852906706,0.07256042056465073,0.024186806854883572
38,0.033835007293180355,0.04678270137872571,0.02978166862237177,0.033842805252695195,0.02707424420215616,0.041094834949701314,0.042303506565868995,0.02768956793402334,0.018459711956015565,0.04061136630323423,0.07896654558962211,0.012691051969760699,0.05922490919221659,0.033842805252695195,0.02707424420215616,0.0761463118185642,0.0930677144449118,0.02707424420215616,0.01353712210107808,0.20305683151617118,0.033842805252695195
39,0.04315643418907474,0.06016046749779829,0.05548962374796924,0.059059131708364916,0.03836319666526268,0.043158596248420514,0.03452687699873641,0.023976997915789177,0.037763771717367944,0.025175847811578632,0.0671355941642097,0.043158596248420514,0.15824818624420856,0.043158596248420514,0.023976997915789177,0.011770526249569233,0.01233102749954872,0.050351695623157264,0.043158596248420514,0.053948245310525646,0.07193099374736753
40,0.03502456145285232,0.03422306550567192,0.05644995064229217,0.035037900398664105,0.03722776917358061,0.041408427743875764,0.035037900398664105,0.05061030057584816,0.035037900398664105,0.02919825033222009,0.05606064063786257,0.017518950199332053,0.07007580079732821,0.04004331474133041,0.05606064063786257,0.05505955776932931,0.05606064063786257,0.08759475099666027,0.026278425298998077,0.09343440106310427,0.052556850597996155
41,0.041696138321388854,0.07505455303254704,0.05117355888582754,0.03871861862790126,0.04169697390697059,0.02501818434418235,0.047256570427900005,0.01876363825813676,0.11466667824416911,0.005212121738371323,0.024323234779066172,0.03790633991542781,0.03335757912557647,0.023826842232554622,0.018953169957713904,0.06254546086045588,0.05837576346975881,0.14593940867439703,0.07296970433719852,0.04169697390697059,0.020848486953485294
42,0.04914057730183401,0.05227197164569629,0.04486298783852368,0.0646521754565191,0.032757102231303015,0.053602530923950384,0.07370348002043177,0.03685174001021588,0.03779665642073424,0.053602530923950384,0.026801265461975192,0.031268143038971054,0.05615503239651945,0.058962784016345415,0.049135653346954515,0.04094637778912876,0.04094637778912876,0.057324928904780255,0.016378551115651504,0.07370348002043177,0.049135653346954515
43,0.040617328094405276,0.051800587787402166,0.035752562551305024,0.04288501821179265,0.04779754351778747,0.03823803481422997,0.03250232959209548,0.05868476176350573,0.0440135713226293,0.0558633789864141,0.10156977997529837,0.03482392456295944,0.04062791199011935,0.047399230655139235,0.05687907678616708,0.036934465445563044,0.04062791199011935,0.0812558239802387,0.020313955995059675,0.0812558239802387,0.010156977997529838
44,0.03949704814633387,0.0441025454587175,0.06012167655377702,0.04310021488011029,0.037313611956391775,0.028533938554887832,0.03486046791773626,0.039508530306767764,0.07111535455218196,0.052678040409023685,0.049385662883459705,0.05926279546015164,0.06913992803684357,0.0329237752556398,0.03160682424541421,0.02765597121473743,0.07901706061353553,0.023705118184060656,0.03160682424541421,0.0658475505112796,0.07901706061353553
45,0.03049308608393297,0.031153424437702415,0.03713578492755107,0.043214559246049014,0.02178885340136925,0.03754387047620547,0.02236988949207243,0.07117692111113955,0.051857471095258824,0.05665101884356006,0.03050439476191695,0.012201757904766781,0.03431744410715657,0.03558846055556977,0.15252197380958477,0.03660527371430034,0.022878296071437713,0.10676538166670932,0.13726977642862628,0.007626098690479238,0.020336263174611298
46,0.03758367911892025,0.04347267722706308,0.06856104262201362,0.04654989376179728,0.03524811667059168,0.058105986269096604,0.046997488894122245,0.037597991115297796,0.0273439935383984,0.05169723778353447,0.06767638400753603,0.04177554568366422,0.018798995557648898,0.03383819200376802,0.046997488894122245,0.02506532741019853,0.046997488894122245,0.052637187561416915,0.037597991115297796,0.02506532741019853,0.15039196446119119
47,0.043544906806033186,0.08244246284685032,0.05910969034302476,0.041739737479065724,0.034385138426690304,0.04355450867380772,0.04355450867380772,0.0373324360061209,0.038110195089581744,0.038715118821162416,0.03015312138955918,0.0373324360061209,0.038110195089581744,0.02177725433690386,0.07984993256864747,0.08710901734761543,0.029036339115871813,0.029036339115871806,0.05444313584225964,0.04355450867380772,0.08710901734761543
48,0.041457894465977245,0.07701098006763889,0.04976094096678203,0.03658892718145738,0.03658892718145738,0.14513607781978094,0.0414674508056517,0.0414674508056517,0.04739137234931624,0.04976094096678203,0.024880470483391016,0.04665088215635816,0.014809803859161322,0.01913882344876232,0.02073372540282585,0.051834313507064626,0.03317396064452136,0.03554352926198717,0.07256803890989047,0.031100588104238772,0.0829349016113034
49,0.043061236646783886,0.05508826140346943,0.041111322353167674,0.049221719279983076,0.04306900436998519,0.046145361824984125,0.029609940504364815,0.06819259025247655,0.02584140262199111,0.05024717176498271,0.06460350655497778,0.05383625546248148,0.021534502184992595,0.02584140262199111,0.04306900436998519,0.07752420786597333,0.10767251092496297,0.028712669579990125,0.06460350655497778,0.028712669579990125,0.03230175327748889
50,0.03993610479847315,0.0462626631754563,0.06580678291268113,0.04594723592653272,0.044393464663316645,0.06925380487477396,0.047944941836381975,0.03729051031718598,0.02497132387311561,0.03995411819698498,0.06792200093487448,0.04994264774623122,0.034246387025987125,0.05993117729547747,0.05707731170997855,0.047944941836381975,0.01141546234199571,0.05993117729547747,0.04994264774623122,0.05993117729547747,0.03995411819698498
51,0.04306681874195232,0.06396628795453564,0.04307933678570768,0.04895379180194055,0.054567159928563064,0.05169520414284922,0.029617044040174033,0.045771795334814416,0.07658548761903589,0.04307933678570768,0.04307933678570768,0.07538883937498844,0.02584760207142461,0.03589944732142307,0.03077095484693406,0.03446346942856615,0.06461900517856152,0.06031107149999076,0.05743911571427691,0.04307933678570768,0.028719557857138454
52,0.04391695893985311,0.048300425657288266,0.05488684733782759,0.03763669531736749,0.025946509650609406,0.012294653803673379,0.04098217934557793,0.05987656073217555,0.0270212171509305,0.05854597049368276,0.043909477870262066,0.025091130211578327,0.043909477870262066,0.02395062429287022,0.05488684733782759,0.043909477870262066,0.043909477870262066,0.12075106414322069,0.1317284336107862,0.043909477870262066,0.01463649262342069
53,0.04437178890751497,0.05276909589299408,0.05731643275498505,0.04437401245547229,0.02871259629471736,0.04203853811571059,0.041600636677005275,0.039443566627086486,0.040340011323156635,0.03697834371289358,0.08874802491094458,0.05705230172846438,0.04437401245547229,0.02958267497031486,0.0776545217970765,0.03169572318248021,0.03328050934160422,0.027733757784670184,0.13312203736641687,0.026624407473283374,0.022187006227736145
54,0.03952786893971424,0.08898049362638959,0.05932032908425973,0.04152423035898181,0.02081415055588061,0.035152787605487255,0.06327501768987706,0.03595171459652106,0.029660164542129865,0.03235654313686895,0.06920705059830302,0.07118439490111168,0.05272918140823088,0.05932032908425974,0.01977344302808658,0.030758689154801348,0.0329557383801443,0.05272918140823088,0.05932032908425974,0.0659114767602886,0.03954688605617316
55,0.03551193438516374,0.037691421770377806,0.030884275363687496,0.03925553947542384,0.03773672396000566,0.029908982457465788,0.06748214166965717,0.04340956481673854,0.01775845833412031,0.03906860833506468,0.06393045000283311,0.04059076190656072,0.03551691666824062,0.06393045000283311,0.021310150000944373,0.021310150000944373,0.026637687501180465,0.028413533334592497,0.2486184166776843,0.03551691666824062,0.03551691666824062
56,0.04256214060401064,0.049348718237796366,0.05619948147551398,0.05895050504424542,0.03406029180334181,0.08264629628752056,0.04730596083797473,0.03096390163940164,0.03870487704925205,0.05473975468394219,0.055347974180430436,0.053219205942721566,0.014191788251392418,0.028383576502784835,0.07663565655751906,0.06386304713126588,0.028383576502784835,0.04257536475417725,0.0709589412569621,0.04257536475417725,0.028383576502784835
57,0.05140987370347695,0.053911729412446645,0.0373848779012315,0.06954686844861449,0.044394542507712416,0.06425525889274165,0.04745003733617845,0.04283683926182777,0.01869243895061575,0.05140420711419332,0.06853894281892442,0.07068078478201581,0.05140420711419332,0.057115785682437026,0.041123365691354656,0.0293738326366819,0.020561682845677328,0.08224673138270931,0.05997157496655887,0.020561682845677328,0.017134735704731105
58,0.038033151909129405,0.05147673042298529,0.058801482578034595,0.052681871269008355,0.03604549086826888,0.040765733720066,0.04185281995260109,0.06024269538631975,0.026340935634504178,0.03329201587138723,0.03804801813872827,0.043483449301403736,0.03458910739884388,0.054354311626754664,0.06658403174277445,0.15219207255491307,0.025365345425818843,0.050730690851637686,0.03804801813872827,0.050730690851637686,0.006341336356454711
59,0.03749048530818169,0.058941967191724204,0.04028693380444449,0.05001136610206902,0.06697950817241387,0.03959233149747131,0.04773812218833861,0.052511934407172466,0.037508524576551766,0.03125710381379314,0.13127983601793117,0.052511934407172466,0.01667045536735634,0.03215016392275866,0.037508524576551766,0.052511934407172466,0.03375767211889658,0.012502841525517254,0.13127983601793117,0.02813139343241382,0.009377131144137942
60,0.04114745026415919,0.04431352685494016,0.04572030548525572,0.07855579760648482,0.056974534527780195,0.06583723989876825,0.028803792455711102,0.03233078745028797,0.032004213839679004,0.0352699499457687,0.02468896496203809,0.017145114556970896,0.03703344744305713,0.18516723721528566,0.02743218329115343,0.04114827493673015,0.013716091645576715,0.061722412405095226,0.096012641519037,0.02468896496203809,0.010287068734182538
61,0.045769622135485244,0.05361315661241152,0.03690913614151069,0.05593784633002286,0.027044330663688738,0.07489199260713804,0.04958127288342935,0.01779840565046182,0.053395216951385445,0.04576732881547325,0.05492079457856789,0.06865099322320986,0.06407426034166254,0.03813944067956104,0.04576732881547325,0.04576732881547325,0.04576732881547325,0.022883664407736624,0.08009282542707817,0.027460397289283945,0.04576732881547325
62,0.03842841061621107,0.038436113166920374,0.03252286498739416,0.07046620747268735,0.038436113166920374,0.02882708487519028,0.0555188301299961,0.04730598543620968,0.04612333580030444,0.038436113166920374,0.062458683896245606,0.05381055843368852,0.03363159902105532,0.02562407544461358,0.03294523985736032,0.05381055843368852,0.021353396203844653,0.08968426405614753,0.05765416975038056,0.07687222633384075,0.05765416975038056
63,0.046867326973786705,0.08280475244351757,0.06796239115647197,0.03056779212435021,0.029015142365653064,0.033479010421907374,0.02205675980737427,0.050476046482260346,0.05021851563286106,0.05207846065630036,0.05624473750880439,0.06026221875943328,0.09374122918134065,0.06695802084381475,0.03905884549222527,0.028122368754402195,0.02603923032815018,0.04687061459067032,0.07030592188600548,0.031247076393780215,0.015623538196890108
64,0.03724492313574667,0.046563617981715794,0.03569877378598211,0.04163335254835765,0.023281808990857897,0.03228410846732295,0.019605733887038228,0.06385867608921024,0.06518906517440211,0.05215125213952169,0.04345937678293473,0.037250894385372636,0.055876341578058944,0.08381451236708842,0.11175268315611789,0.01596466902230256,0.013969085394514738,0.06518906517440211,0.018625447192686318,0.1117526831561179,0.02483392959024842
65,0.030659673396055846,0.03493441163219725,0.04681838991529386,0.04498870571170767,0.03476399986813775,0.02886975767596214,0.02410109234555768,0.023456678111719243,0.030674117530709775,0.0817976467485594,0.06646058798320452,0.06134823506141955,0.030674117530709775,0.030674117530709775,0.013632941124759901,0.015337058765354888,0.06134823506141955,0.04294376454299368,0.06134823506141955,0.05112352921784963,0.18404470518425867
66,0.047860945213713854,0.04466618727773917,0.06221361799399385,0.036462193696113615,0.033781150041987604,0.05583273409717396,0.05521918756863359,0.058900466739875826,0.029910393266343198,0.03349964045830438,0.07444364546289862,0.042539225978799215,0.04187455057288047,0.05583273409717396,0.011964157306537278,0.03190441948409941,0.15952209742049706,0.04101996790812781,0.029910393266343198,0.028713977535689467,0.023928314613074556
67,0.02713450987079567,0.027785023830043755,0.02035414536386926,0.025329603119481747,0.019384900346542156,0.0394747061602313,0.054277720970318036,0.03920057625634081,0.029606029620173478,0.06332400779870437,0.021711088388127214,0.0077539601386168635,0.017270183945101193,0.027138860485159018,0.10855544194063607,0.019384900346542156,0.10855544194063607,0.21711088388127214,0.01809257365677268,0.08141658145547705,0.027138860485159018
68,0.04201260343671487,0.04713987067291359,0.06140795861906302,0.06162342514053342,0.02275865133031064,0.03001140834766238,0.0378143745180546,0.052519964608409166,0.03361277734938187,0.04801825335625982,0.12604791506018198,0.07202738003438973,0.063023957530091,0.02400912667812991,0.016806388674690934,0.02400912667812991,0.008403194337345467,0.01867376519410104,0.11204259116460621,0.05602129558230311,0.042015971686727334
69,0.03822719788433076,0.037299311686989654,0.057347691718746596,0.04778974309895549,0.0402439941885941,0.041707412159088436,0.02352725814102424,0.02070888867621405,0.022939076687498637,0.07646358895832879,0.0297358401504612,0.03058543558333152,0.09557948619791098,0.04460376022569179,0.09557948619791098,0.049155164330354224,0.07646358895832879,0.038231794479164395,0.038231794479164395,0.038231794479164395,0.057347691718746596
70,0.040490190226780264,0.0562425747069439,0.041891021161034075,0.02760999121977246,0.031495841835888584,0.09617480274887406,0.055680148959874456,0.04785731811427226,0.0303709903417497,0.021597148687466455,0.04049465378899961,0.0694194064954279,0.031495841835888584,0.01840666081318164,0.02892475270642829,0.011569901082571317,0.1214839613669988,0.06749108964833268,0.05669251530459944,0.09448752550766573,0.010123663447249902
71,0.03919003765611537,0.04131835524391154,0.046786458501997426,0.061249164424067574,0.03458776343947345,0.03919946523140325,0.04246608733402019,0.023955228752524208,0.04221480871074196,0.0534538162246408,0.05389926469317947,0.02351967913884195,0.032666221026169374,0.052265953641871,0.03919946523140325,0.05879919784710488,0.03429953207747784,0.09146541887327424,0.09146541887327424,0.03919946523140325,0.05879919784710488
72,0.036005597900288566,0.04256401229217106,0.024363563597102438,0.05202268169043131,0.017060069704149534,0.10204449100815371,0.06802966067210248,0.024933948029141624,0.03601570270876013,0.042018319826886814,0.056596104256623064,0.04051766554735515,0.0308706023217944,0.0810353310947103,0.020580401547862934,0.030013085590633443,0.10804710812628038,0.04321884325051216,0.054023554063140196,0.054023554063140196,0.03601570270876013
73,0.03397879537232101,0.03479827502752254,0.05017425701642786,0.03553396794565199,0.02104081745850201,0.03852088119325752,0.07175458261489145,0.028324177347983467,0.019826924143588425,0.0424862660219752,0.027809192305292857,0.04909524073650468,0.0534113058561974,0.02549175961318512,0.014566719778962928,0.04370015933688878,0.10196703845274047,0.024277866298271545,0.10196703845274047,0.0793076965743537,0.10196703845274048
74,0.03687855590536403,0.072630128681928,0.021240557113329596,0.04713913113747709,0.03972930115934524,0.02283759148275288,0.04150293067538744,0.031215879482342685,0.03279243905215798,0.03689149393367772,0.04795894211378104,0.05797234761006499,0.021080853676387273,0.03689149393367772,0.04743192077187136,0.06148582322279621,0.07378298786735545,0.07378298786735545,0.07378298786735545,0.030742911611398104,0.0922287348341943
75,0.04214929334525862,0.07123204547223556,0.05173904601554772,0.034825960119966096,0.021995343233662798,0.029758405551426136,0.06089451506356646,0.06323661179678054,0.0421577411978537,0.07494709546285103,0.029510418838497587,0.028105160798569135,0.02810516079856913,0.07588393415613665,0.0421577411978537,0.03278935426499732,0.03513145099821142,0.09836806279499195,0.0421577411978537,0.05269717649731712,0.0421577411978537
76,0.04079754465819556,0.04850481924336694,0.038934136933983586,0.025956091289322393,0.021280770498077986,0.01932069953114975,0.04078814345464948,0.056083697250143026,0.016795117893090957,0.02159372300540266,0.046615021091027976,0.04078814345464948,0.08157628690929895,0.02549258965915592,0.07341865821836904,0.034961265818270984,0.04078814345464948,0.1631525738185979,0.06118221518197421,0.08157628690929895,0.02039407172732474
77,0.04072482011665427,0.06180610233055156,0.04629072746864658,0.058194057389155694,0.07739809632757706,0.05431445356321199,0.06110376025861348,0.023962258924946463,0.03620963570880799,0.03394653347700749,0.05091980021551123,0.06110376025861347,0.015667630835541915,0.03055188012930674,0.020367920086204493,0.03258867213792719,0.03491643443349342,0.029097028694577847,0.08147168034481797,0.12220752051722696,0.027157226781605988
78,0.042531219753328464,0.06512527755205222,0.05493560827520052,0.027341224395030672,0.0531634918792263,0.03189809512753578,0.02268308986846989,0.03752717073827739,0.038986560711432625,0.0729099317200818,0.04253079350338104,0.02001449106041461,0.0364549658600409,0.051036952204057254,0.03307950605818526,0.14176931167793683,0.06379619025507156,0.03544232791948421,0.0531634918792263,0.07088465583896841,0.004725643722597895
79,0.03684620004327526,0.04233859919840627,0.030496768771265826,0.036850262265279536,0.036850262265279536,0.06551157736049695,0.039482423855656645,0.03316523603875158,0.05066911061475936,0.03968489782414719,0.036850262265279536,0.02763769669895965,0.046062827831599415,0.05896041962444726,0.02105729272301688,0.061417103775465894,0.2211015735916772,0.016750119211490697,0.036850262265279536,0.04913368302037271,0.012283420755093177
80,0.04766653759158941,0.05770217638483604,0.07150052291164466,0.03575026145582233,0.03250023768711121,0.039255189049530397,0.04170863836512605,0.042900313746986794,0.06196711985675871,0.06554214600234094,0.02933354786118755,0.07490530971696108,0.03177801018295318,0.04766701527442977,0.01906680610977191,0.07490530971696108,0.055611517820168065,0.04766701527442977,0.027238294442531303,0.06355602036590637,0.03177801018295318
81,0.04315049858950732,0.07596542887501695,0.0888633024941709,0.04532028427202716,0.03984200815123267,0.05467208896308039,0.01618581581143827,0.04316217549716873,0.05275377005209512,0.03452974039773499,0.02397898638731596,0.06670518031380623,0.0647432632457531,0.10790543874292183,0.04316217549716873,0.028774783664779157,0.018498075213072313,0.04316217549716873,0.053952719371460914,0.025897305298301237,0.02877478366477915
82,0.046128633629419394,0.06920265803728877,0.03321727585789861,0.06261192870040413,0.050329205845300935,0.05190199352796658,0.0768918422636542,0.10764857916911588,0.028390834066580006,0.04613510535819252,0.058717406819517745,0.05126122817576947,0.04613510535819252,0.04100898254061557,0.02306755267909626,0.04613510535819252,0.034601329018644385,0.013840531607457754,0.020504491270307786,0.02306755267909626,0.06920265803728877
83,0.04649369073655529,0.03835767925706542,0.04470591988002963,0.06199220890030776,0.03409571489516926,0.0822588925792545,0.07904006634789239,0.027896494005138488,0.05007063026563318,0.08265627853374367,0.06974123501284621,0.0743906506803693,0.034870617506423104,0.03321011191087915,0.03985213429305499,0.05811769584403852,0.03321011191087915,0.030996104450153873,0.04649415667523081,0.011623539168807703,0.019926067146527494
84,0.042996636871983726,0.048241579466444445,0.04673687991786916,0.04961299560512263,0.04299792952443962,0.04299792952443962,0.04299792952443962,0.023453416104239795,0.04658109031814293,0.03127122147231973,0.11824430619220895,0.07371073632761078,0.027362318788279757,0.018811594166942332,0.04299792952443962,0.04299792952443962,0.02149896476221981,0.08599585904887924,0.08599585904887924,0.032248447143329716,0.032248447143329716
85,0.04590285571536715,0.04693716551782485,0.06374182971556462,0.05449926440680774,0.02570070574131565,0.050483529134727166,0.028683823372004074,0.030596078263471015,0.04589411739520652,0.03442058804640488,0.04589411739520652,0.05354313696107427,0.025033154942839923,0.018357646958082608,0.06425176435328912,0.03824509782933877,0.07649019565867754,0.05245041988023603,0.03059607826347101,0.07649019565867754,0.09178823479041304
86,0.04031322183642551,0.054562736899649175,0.04032897944756678,0.056935029808329575,0.03083980781284519,0.06514681295376172,0.07057571403324187,0.05545234674040433,0.047661521165306205,0.03528785701662093,0.049290974880359405,0.06913539333868592,0.028230285613296748,0.02016448972378339,0.03024673458567509,0.060493469171350164,0.026885986298377854,0.05041122430945848,0.10082244861891695,0.04032897944756678,0.026885986298377854
87,0.04226871470643764,0.03925345365595766,0.04070728527284498,0.06503530783235587,0.06503530783235587,0.04227295009103132,0.048776480874266906,0.051666939000149396,0.031000163400089632,0.058125306375168065,0.07609131016385637,0.03381836007282506,0.026900968239747202,0.05072754010923758,0.05072754010923758,0.05072754010923758,0.02113647504551566,0.12681885027309395,0.008454590018206264,0.04227295009103132,0.02818196672735421
88,0.04327135422843985,0.06082598629630093,0.04660926168858562,0.043280028710829505,0.07657235848839065,0.03709716746642529,0.03516502332754897,0.03246002153312212,0.023607288387725186,0.0605920401951613,0.08175116534267796,0.043280028710829505,0.03606669059235792,0.02885335247388633,0.043280028710829505,0.03246002153312213,0.008656005742165901,0.11902007895478113,0.043280028710829505,0.017312011484331803,0.08656005742165901
89,0.04598196802736008,0.03898236797108472,0.047818371377863926,0.08867417769246745,0.040569885218775956,0.05911611846164497,0.048533603428387535,0.04981080351860826,0.0287370020299663,0.045979203247946084,0.014147447153214178,0.04023180284195282,0.06437088454712452,0.05254766085479553,0.030652802165297387,0.04023180284195282,0.015326401082648693,0.12261120866118955,0.045979203247946084,0.06130560433059477,0.018391681299178435
90,0.044753153031184975,0.04590250962926102,0.05837601768069065,0.07573914088828068,0.03978217501202622,0.04795172880913875,0.0447549468885295,0.04131225866633492,0.04972771876503278,0.034426882221945766,0.01342648406655885,0.04972771876503278,0.024098817555362036,0.0179019787554118,0.039160578527463304,0.08205073596230408,0.033566210166397124,0.06713242033279425,0.10069863049919138,0.0447549468885295,0.0447549468885295
91,0.05087766727570661,0.07044388337654997,0.05890921241430788,0.0604154138680828,0.02142153178702105,0.061051365593009985,0.05652904221574999,0.057659623060064995,0.07994821684798926,0.04522323377259999,0.04451662074490311,0.03815710349563124,0.04304903984122498,0.05087613799417499,0.03634009856726785,0.06359517249271873,0.05087613799417499,0.025438068997087494,0.03634009856726785,0.03815710349563124,0.010175227598834997
92,0.03883016157545123,0.0438268276941829,0.05120675839062072,0.06798138613927233,0.04717075772929102,0.04402604054733829,0.036418599717467325,0.05297250867995248,0.03329700545597013,0.07769301273059696,0.03884650636529848,0.03884650636529848,0.05826975954794772,0.03884650636529848,0.031077205092238786,0.03329700545597013,0.05179534182039797,0.048558132956623104,0.031077205092238786,0.07769301273059696,0.05826975954794772
