site,A,C,D,E,F,G,H,I,K,L,M,N,P,Q,R,S,T,V,W,Y
1,0.05725209999999999,0.0479767,0.05627719999999999,0.051566999999999995,0.05148730000000001,0.052485699999999996,0.0478942,0.0228645,0.0476242,0.0518068,0.12488599999999998,0.050769999999999996,0.047316000000000004,0.043611699999999996,0.050739400000000004,0.0451742,0.0204297,0.0305613,0.0491298,0.0501465
2,0.596242,0.00730212,0.00156394,0.0381104,0.00492801,0.0131886,0.000886592,0.00162325,0.00310019,0.000626195,0.025726699999999998,0.00256706,0.010217200000000001,0.00216088,0.024038900000000002,0.0141739,0.006539199999999999,0.243035,0.00206148,0.00190907
3,0.040333,0.00401902,0.0059039999999999995,0.0051819,0.0504939,0.0295884,0.0870073,0.0620639,0.00793797,0.102146,0.05697580000000001,0.18678,0.012595,0.028329700000000003,0.0128722,0.10006,0.104299,0.025956,0.012291700000000001,0.0651655
4,0.033691399999999996,0.0137374,0.00612229,0.0324784,0.24261799999999997,0.00799372,0.012629399999999999,0.0664523,0.0326218,0.0502902,0.07133919999999999,0.13800199999999999,0.000958706,0.040883300000000004,0.000924346,0.06944760000000001,0.06651710000000001,0.047732300000000005,0.00930739,0.0562525
5,0.142999,0.139705,0.00944895,0.00367045,0.00454179,0.22288899999999998,0.020622900000000003,0.00679751,0.00264441,0.0007048110000000001,0.00830606,0.015282200000000001,0.00725629,0.000694372,0.22561399999999998,0.12025999999999999,0.00754315,0.00971341,0.00774254,0.0435644
6,0.091692,0.00194098,0.00543942,0.00437045,0.00240266,0.00133226,0.00161736,0.0157536,0.00457872,0.000944454,0.00888736,0.0216863,0.00217514,0.00208668,0.00139922,0.0165878,0.800721,0.00162996,0.013597999999999999,0.00115643
7,0.00161143,0.00206079,0.00595619,0.0360389,0.00346642,0.00104026,0.00145915,0.0279235,0.7541479999999999,0.00109791,0.00963384,0.078019,0.000517209,0.0085701,0.013677100000000001,0.000732578,0.00552538,0.0347541,0.00704934,0.006718300000000001
8,0.010933100000000001,0.0167269,0.00490483,0.00391689,0.00567051,0.00809741,0.00610875,0.00402886,0.00183865,0.028377199999999998,0.0065815,0.00228785,0.025950400000000002,0.0349263,0.797329,0.00551401,0.00970574,0.00350055,0.021804300000000002,0.00179778
9,0.14823499999999998,0.014181899999999999,0.00113641,0.00519635,0.10204400000000001,0.00182753,0.00971365,0.00560246,0.00231756,0.0709965,0.0952759,0.0355154,0.00635757,0.0642721,0.011160600000000001,0.296344,0.09224760000000001,0.00113429,0.011990899999999999,0.0244509
10,0.0206197,0.0862087,0.09383680000000001,0.0897513,0.0477955,0.0102714,0.121371,0.09537230000000001,0.00903613,0.038927699999999996,0.00741747,0.0333875,0.027627099999999995,0.029586400000000002,0.00240747,0.0329969,0.017766999999999998,0.059771000000000005,0.0033821999999999997,0.172466
11,0.0461726,0.0496837,0.107722,0.41427200000000003,0.00604001,0.010208799999999999,0.059964699999999996,0.0307945,0.07285,0.00827062,0.0110663,0.0137684,0.00511909,0.051521000000000004,0.00812118,0.029063799999999997,0.0107163,0.0187889,0.017831700000000002,0.0280236
12,0.0563327,0.06647549999999999,0.00886124,0.015475799999999998,0.0058994,0.00500567,0.115311,0.0139115,0.32121,0.0248508,0.0473245,0.035006699999999995,0.00513279,0.0453703,0.0421272,0.122208,0.0267339,0.00927381,0.00980599,0.023683199999999998
13,0.0119434,0.0289997,0.010494499999999999,0.012576299999999999,0.0120404,0.0474249,0.00988347,0.0272079,0.037672199999999996,0.0172353,0.569908,0.0124429,0.007462300000000001,0.00609775,0.016681,0.0144856,0.017665,0.0145214,0.0079209,0.11733699999999998
14,0.000397648,0.00319799,0.0121589,0.0526789,0.00139082,0.00688646,0.00343687,0.00563308,0.00766284,0.00229382,0.00319654,0.00458881,0.000521449,0.00398584,0.8772459999999999,0.00241578,0.0009082910000000001,0.00654257,0.00113228,0.00372532
15,0.034118699999999995,0.049714,0.0055951,0.055771,0.0221283,0.00379652,0.09415549999999999,0.11866199999999999,0.00688766,0.0493509,0.0352258,0.0398677,0.00771933,0.0436284,0.00654696,0.039321100000000005,0.356817,0.0188406,0.00604605,0.0058066
16,0.00907386,0.016475099999999996,0.455867,0.0194335,0.0150512,0.024099799999999998,0.046929900000000004,0.010446200000000001,0.011946700000000001,0.00593171,0.00843812,0.0226487,0.00641835,0.055784900000000005,0.013197899999999999,0.00928311,0.181733,0.0351235,0.00726703,0.04485069999999999
17,0.0680308,0.0715832,0.0121257,0.008246600000000001,0.00132072,0.21614299999999997,0.013408100000000001,0.0093314,0.165961,0.012162000000000001,0.0131244,0.03558719999999999,0.0911883,0.127451,0.0144005,0.043089800000000004,0.0445027,0.040262900000000004,0.0104447,0.00163654
18,0.0764073,0.00728823,0.146823,0.126775,0.0142924,0.0353825,0.032211000000000004,0.043868300000000006,0.0141725,0.022342599999999997,0.036852800000000005,0.06170080000000001,0.08353200000000001,0.0800846,0.00770518,0.0359081,0.039742900000000005,0.09820599999999999,0.00331467,0.0333892
19,0.020743599999999997,0.0256092,0.00342272,0.00447018,0.024637400000000004,0.0998964,0.0367625,0.00285244,0.134573,0.0202952,0.0111371,0.00636438,0.017228,0.00439741,0.492046,0.020396900000000003,0.0449539,0.00585018,0.0211862,0.00317733
20,0.00901699,0.00686346,0.00191591,0.018688800000000002,0.0061131,0.00565912,0.038177800000000005,0.013963499999999998,0.0180044,0.019594900000000002,0.0132321,0.015750899999999998,0.353684,0.372742,0.0728535,0.00589254,0.00916316,0.00156275,0.00590615,0.011214499999999999
21,0.019279400000000002,0.015323500000000002,0.0233935,0.00152342,0.00235556,0.0326875,0.0340857,0.025503599999999998,0.09909630000000001,0.032847,0.0510726,0.120058,0.00690293,0.025332900000000002,0.0851045,0.13786500000000002,0.22745300000000002,0.0361721,0.00519507,0.0187489
22,0.124509,0.00936803,0.00294286,0.0229476,0.00670643,0.013775999999999998,0.035141900000000004,0.00646337,0.0762358,0.00710339,0.0116009,0.0717591,0.0271039,0.0169761,0.315831,0.064807,0.0542953,0.11586700000000001,0.00305579,0.0135094
23,0.0667625,0.01744,0.011276799999999998,0.00852642,0.0332617,0.0919787,0.06905189999999999,0.0236858,0.0283207,0.045477699999999996,0.0269527,0.0441596,0.010474299999999999,0.0500725,0.036421800000000004,0.24053899999999998,0.131646,0.036173500000000004,0.00713735,0.020641200000000002
24,0.0563862,0.00883636,0.0165513,0.205672,0.0267937,0.00753266,0.010727200000000001,0.031076299999999998,0.051082199999999994,0.024615,0.0960752,0.042288599999999996,0.00517494,0.146616,0.0144862,0.022572799999999997,0.0842553,0.13815999999999998,0.00432873,0.00676949
25,0.015750399999999998,0.0041973,0.118932,0.00805514,0.0376181,0.00378211,0.023912799999999998,0.462397,0.00871431,0.0128405,0.0322659,0.016269,0.0436097,0.0778029,0.0222423,0.015711600000000003,0.00935824,0.0320014,0.027719499999999998,0.0268202
26,0.013236700000000002,0.0134532,0.00803206,0.0828954,0.0116746,0.0370781,0.016473500000000002,0.027643,0.114577,0.010801999999999999,0.116122,0.0110746,0.0109266,0.0224832,0.382679,0.0603379,0.00836811,0.00169539,0.031596,0.0188517
27,0.188283,0.0232872,0.00304742,0.0240327,0.020781900000000002,0.022543900000000002,0.0559591,0.0395897,0.148582,0.0210169,0.06200069999999999,0.005945300000000001,0.0105841,0.0219537,0.140897,0.049217000000000004,0.0507076,0.0669857,0.024414500000000002,0.0201707
28,0.026947900000000004,0.0700594,0.00945441,0.00053278,0.00459025,0.054877699999999995,0.0225558,0.00314863,0.16028499999999998,0.00294864,0.00174251,0.53705,0.0138196,0.00778253,0.0128477,0.042426,0.00416208,0.00630879,0.00220815,0.0162524
29,0.0101353,0.09192869999999999,0.0247171,0.006481499999999999,0.0465758,0.00337702,0.018768299999999998,0.45714499999999997,0.00705876,0.0283466,0.00403947,0.0162547,0.00524179,0.013504399999999998,0.00729861,0.00257528,0.00647367,0.225762,0.0216952,0.0026209
30,0.00851,0.00747892,0.00671547,0.005347,0.00147598,0.0646012,0.00217556,0.0209819,0.00211908,0.00357622,0.00445227,0.797637,0.00224866,0.00479191,0.00631548,0.00356657,0.00243912,0.00939767,0.044108800000000004,0.00206129
31,0.0837927,0.0709099,0.037039499999999996,0.0381918,0.0056023,0.0285024,0.0199094,0.00334817,0.332806,0.0230032,0.055353599999999996,0.0320324,0.00848198,0.0323698,0.149637,0.0159842,0.0210417,0.021073599999999998,0.00945578,0.011464299999999998
32,0.026410500000000003,0.0231897,0.015290399999999999,0.0434328,0.00548817,0.0368129,0.00562563,0.024653900000000003,0.03473130000000001,0.0275615,0.515786,0.0152357,0.0457912,0.0104927,0.0272254,0.00645753,0.0698338,0.051142099999999996,0.010162899999999999,0.00467557
33,0.0231989,0.0578643,0.014199200000000002,0.0421085,0.0378851,0.0475473,0.011089700000000001,0.278393,0.021035400000000003,0.14590799999999998,0.0209363,0.021452000000000002,0.012445600000000001,0.0140149,0.00385837,0.0163991,0.0418207,0.153856,0.0268492,0.00913862
34,0.100435,0.00635705,0.06930660000000001,0.0988154,0.0829779,0.10029,0.0471055,0.0788709,0.0102014,0.09796160000000001,0.00711867,0.0059632,0.000651558,0.00540534,0.0143269,0.0416725,0.0343148,0.08732960000000001,0.00251391,0.10838199999999999
35,0.0898107,0.025641300000000002,0.020156599999999997,0.0355595,0.044727699999999995,0.39724,0.048558699999999996,0.020106400000000003,0.0490164,0.0362469,0.0168968,0.026697700000000005,0.0178974,0.0091189,0.0263363,0.040316199999999996,0.030459500000000004,0.0301207,0.0115384,0.0235537
36,0.031694099999999996,0.0240069,0.273555,0.0119956,0.030571499999999998,0.015044,0.00624487,0.219187,0.028635700000000004,0.0689818,0.051962400000000006,0.0569564,0.006439399999999999,0.00630025,0.0130985,0.0354733,0.0278579,0.031119400000000002,0.046735900000000004,0.014139600000000002
37,0.0300719,0.0174089,0.019555799999999998,0.043887,0.022144,0.35839,0.0144524,0.08833099999999999,0.0796273,0.015029599999999999,0.0113073,0.0485607,0.00917446,0.041891399999999995,0.0469332,0.042406,0.0116662,0.0410945,0.0320378,0.0260303
38,0.109017,0.014419799999999998,0.0126483,0.0204857,0.00648179,0.051849900000000004,0.118902,0.00929262,0.0222482,0.021236599999999998,0.029136000000000002,0.0132923,0.010141500000000001,0.049611199999999994,0.350406,0.0555957,0.0418218,0.00743847,0.0357312,0.0202442
39,0.128242,0.14033299999999999,0.012340700000000001,0.00550419,0.11478499999999998,0.00748907,0.00333076,0.017819799999999997,0.00279521,0.0109417,0.36723,0.0101686,0.0861678,0.00776686,0.00377827,0.00987485,0.0222703,0.0119605,0.00730128,0.029900799999999998
40,0.013686199999999999,0.0182598,0.0293736,0.00476885,0.0400903,0.0139211,0.200266,0.0122208,0.00717888,0.027110900000000004,0.0343168,0.030097000000000002,0.0175373,0.0412265,0.0150186,0.0255077,0.0111734,0.0177515,0.0630788,0.377416
41,0.0639501,0.0454042,0.00949785,0.0167682,0.022412900000000003,0.0665857,0.009674700000000001,0.08268919999999999,0.018243000000000002,0.158147,0.134473,0.0705096,0.00722461,0.0680763,0.0142608,0.0172942,0.100752,0.0634766,0.00972454,0.0208354
42,0.04056269999999999,0.0352439,0.09137569999999999,0.0178485,0.00720667,0.09568070000000001,0.0188984,0.0275491,0.030064499999999997,0.0365215,0.00657943,0.0186973,0.0230184,0.398268,0.0459457,0.0100884,0.024105599999999998,0.0366263,0.0154939,0.0202254
43,0.0168284,0.0112422,0.00466389,0.00329572,0.008869799999999999,0.0037371,0.0103405,0.0226366,0.0415494,0.012015399999999999,0.0952914,0.663385,0.00452433,0.00662204,0.00505072,0.00740788,0.01489,0.0512244,0.0120958,0.00432939
44,0.0294022,0.161047,0.0379929,0.00820723,0.04424430000000001,0.033535,0.012936700000000002,0.0137947,0.0312738,0.061664800000000006,0.0588673,0.0228457,0.00677038,0.00431681,0.025513499999999998,0.0144994,0.0508408,0.11676800000000001,0.241258,0.024222099999999996
45,0.013237200000000001,0.11367000000000001,0.047719300000000006,0.0120915,0.0179521,0.019033599999999998,0.0441439,0.0362033,0.015634000000000002,0.0171882,0.0252942,0.0145488,0.00266055,0.0365598,0.0479554,0.0212549,0.171557,0.30895700000000004,0.0284693,0.00586966
46,0.0261268,0.034219099999999995,0.042518,0.297375,0.037563400000000004,0.0322637,0.00960493,0.11823,0.0287704,0.025952499999999996,0.09295919999999999,0.028908999999999997,0.00991059,0.013779,0.00835028,0.026756,0.0631385,0.0646611,0.00887256,0.030040300000000002
47,0.0278843,0.22933800000000001,0.020406599999999997,0.0116745,0.06169790000000001,0.0462331,0.018977900000000002,0.0410771,0.011387600000000001,0.32434,0.0201564,0.00396378,0.014882299999999998,0.014100299999999998,0.024339700000000002,0.013612200000000001,0.025767099999999998,0.0420298,0.0305101,0.017621599999999998
48,0.069104,0.018381,0.0200112,0.0188022,0.048370800000000005,0.0335117,0.0430548,0.025757,0.24668,0.0115292,0.0201975,0.08726160000000001,0.0408927,0.043019800000000004,0.06716280000000001,0.0543329,0.0446371,0.0753878,0.018434,0.0134715
49,0.0174343,0.04063680000000001,0.0331384,0.0156726,0.050704900000000004,0.0200477,0.027663999999999998,0.09511460000000001,0.029104700000000004,0.346171,0.0295373,0.017190200000000003,0.0434219,0.0370845,0.0204981,0.023838599999999998,0.0282245,0.0791966,0.0386223,0.00669698
50,0.19482,0.2121,0.0236255,0.0276621,0.00615094,0.0836947,0.024755700000000002,0.00460179,0.0284019,0.0172584,0.029186200000000002,0.034209300000000005,0.05021319999999999,0.0814568,0.030063599999999996,0.0593707,0.059920100000000004,0.0188701,0.00562464,0.00801445
51,0.129716,0.00890916,0.0972171,0.0395342,0.00813922,0.0480009,0.00844513,0.045885300000000004,0.00839073,0.039051499999999996,0.013087600000000001,0.195442,0.0469906,0.0373971,0.0782727,0.0279324,0.10479400000000001,0.030783099999999997,0.00356604,0.028445799999999997
52,0.035092,0.031709100000000004,0.0315317,0.00802147,0.094452,0.08698430000000001,0.0103953,0.023697799999999998,0.015578999999999999,0.0394373,0.00132473,0.0340878,0.114113,0.0422888,0.0126333,0.066715,0.12800699999999998,0.025249599999999997,0.035679699999999995,0.163001
53,0.014694799999999997,0.0373714,0.0862238,0.333439,0.044899699999999994,0.012173100000000001,0.034826800000000005,0.010853,0.0834077,0.0412889,0.0204118,0.0253111,0.031935000000000005,0.0498792,0.012937,0.0521119,0.0242535,0.0422894,0.0381076,0.00358528
54,0.25198000000000004,0.00939045,0.0316003,0.0211953,0.011875799999999999,0.216452,0.10026399999999999,0.0135058,0.013668000000000001,0.0204648,0.02083,0.0466318,0.0108616,0.0436026,0.034651,0.0483459,0.0435694,0.0265809,0.0231123,0.011418000000000001
55,0.035619599999999994,0.048105300000000004,0.027874799999999998,0.0418791,0.0147804,0.0503043,0.0620471,0.019351499999999997,0.11903299999999999,0.073358,0.012851300000000001,0.0352476,0.014697899999999998,0.046830800000000006,0.29923299999999997,0.0343453,0.03584369999999999,0.0115456,0.00862431,0.00842707
56,0.0117887,0.0115414,0.027797199999999998,0.0132064,0.013098400000000001,0.017601099999999998,0.034510400000000004,0.08838939999999999,0.023967500000000003,0.201276,0.190622,0.0251226,0.0298192,0.014150799999999998,0.00817264,0.015639700000000003,0.142663,0.102593,0.016521400000000002,0.011518700000000002
57,0.0196359,0.00638428,0.0142165,0.0079612,0.0208233,0.0217188,0.00996752,0.226702,0.028214299999999998,0.247917,0.0346137,0.0153421,0.0280209,0.0190633,0.0160082,0.00965274,0.012303,0.21955300000000003,0.023618200000000002,0.0182838
58,0.00888638,0.020925700000000002,0.0466167,0.024479900000000002,0.0116641,0.026037599999999998,0.022769799999999996,0.022277900000000003,0.0510891,0.026045699999999998,0.0329785,0.0416918,0.030547500000000002,0.44922,0.032559500000000005,0.0168352,0.035406,0.021884999999999998,0.0518629,0.026220999999999998
59,0.0289003,0.0122457,0.0244938,0.0185905,0.0271735,0.0131004,0.049136400000000004,0.0168985,0.0286543,0.0146935,0.0346069,0.49720699999999995,0.0206636,0.026824,0.0413839,0.0382614,0.0337351,0.015066999999999999,0.024235299999999998,0.0341289
60,0.036616,0.0487752,0.0251222,0.00760042,0.0260528,0.026166700000000005,0.00594908,0.0349239,0.043868300000000006,0.0416629,0.17094600000000001,0.025952600000000003,0.0788071,0.0247106,0.041938800000000005,0.28374099999999997,0.030153500000000003,0.019081900000000002,0.0251825,0.00274857
61,0.014191999999999998,0.0296253,0.00909325,0.00361357,0.017774,0.00586342,0.0290011,0.249861,0.011422,0.108883,0.09782560000000001,0.042055699999999994,0.00487068,0.018038,0.012961199999999999,0.00576815,0.00818812,0.191073,0.0976893,0.0422025
62,0.08592530000000001,0.040525900000000004,0.0105063,0.00966222,0.0196067,0.015292400000000001,0.0222196,0.0271784,0.0156749,0.0291121,0.00778927,0.0395268,0.018647099999999996,0.0100846,0.021941,0.295873,0.254945,0.0251601,0.0185049,0.031824
63,0.0324644,0.09050230000000001,0.00633275,0.035463999999999996,0.0157094,0.00708691,0.0243364,0.257657,0.027193900000000003,0.0973787,0.0897211,0.031965,0.053852,0.028288599999999997,0.013632299999999998,0.00561498,0.011469400000000001,0.13292,0.0164,0.0220115
64,0.00735825,0.0433577,0.0244762,0.328072,0.0124951,0.016268,0.021888499999999998,0.0751006,0.028311000000000003,0.0906937,0.0335231,0.00830333,0.0426962,0.0249355,0.06688430000000001,0.023709,0.0187375,0.0832035,0.0104235,0.0395631
65,0.023052,0.0731653,0.0424963,0.031674,0.035598000000000005,0.0686566,0.0285008,0.0199423,0.0595169,0.0187305,0.012764900000000001,0.056829599999999994,0.025607599999999998,0.0332282,0.396202,0.0160145,0.014727100000000002,0.0197235,0.0179774,0.00559251
66,0.07581080000000001,0.014986700000000002,0.0193383,0.0137625,0.0656967,0.00959438,0.0207542,0.028349,0.041416,0.035019699999999994,0.42140500000000003,0.0138969,0.0329702,0.0406125,0.034299300000000005,0.00868777,0.042136,0.0432984,0.026080400000000004,0.011885399999999999
67,0.053602300000000005,0.0204636,0.00259162,0.0514085,0.0290091,0.034837099999999996,0.0476705,0.498975,0.00679025,0.0448784,0.0283336,0.0344049,0.0109847,0.00516876,0.00249606,0.018015700000000003,0.00557058,0.0717083,0.00335192,0.029739099999999997
68,0.0301692,0.023771,0.00557627,0.0256065,0.0552337,0.022799400000000004,0.0498852,0.10990799999999999,0.00996048,0.183474,0.060433400000000005,0.23324299999999998,0.00913276,0.0119458,0.019786099999999997,0.015130000000000001,0.0218771,0.0733875,0.0302571,0.00842411
69,0.0278615,0.044487099999999995,0.00580178,0.0187781,0.0201637,0.100936,0.0380975,0.017358099999999998,0.0510951,0.014676499999999999,0.023854499999999997,0.021862299999999998,0.021587799999999997,0.036979000000000005,0.0125722,0.33923400000000004,0.070537,0.0131812,0.0871331,0.0338026
70,0.23821799999999999,0.041779199999999996,0.021392599999999998,0.029860900000000003,0.014681999999999999,0.0734729,0.00359389,0.0168355,0.00205837,0.0131268,0.0222619,0.010153299999999999,0.00489182,0.00844859,0.0213063,0.19921,0.220929,0.0258767,0.025302900000000003,0.00659985
71,0.00255019,0.0202109,0.00794563,0.023134099999999998,0.142345,0.0128549,0.0364139,0.0201873,0.0129213,0.05442819999999999,0.00498171,0.0560322,0.00619956,0.0177304,0.00832567,0.0116756,0.018091299999999998,0.0463496,0.221048,0.276575
72,0.024555,0.0221395,0.47673699999999997,0.0669696,0.015012000000000001,0.024799400000000003,0.0531091,0.00840644,0.015837399999999998,0.012197,0.028848099999999998,0.0278345,0.0224013,0.0308873,0.0160131,0.0648985,0.00546031,0.0301047,0.0224701,0.0313195
73,0.05651950000000001,0.158703,0.00830396,0.04588130000000001,0.035504400000000005,0.0378149,0.014563399999999999,0.0164394,0.00780827,0.109894,0.0113333,0.025616399999999998,0.00364762,0.11040799999999999,0.020293400000000003,0.017669999999999998,0.040337599999999994,0.0992453,0.0168089,0.163207
74,0.0446013,0.0265597,0.00431127,0.00539818,0.039028600000000004,0.0320067,0.06784910000000001,0.0117765,0.306684,0.020532299999999996,0.12993,0.0322705,0.0123483,0.0148203,0.172421,0.033377,0.015528700000000001,0.0101234,0.00998557,0.0104471
75,0.00805281,0.00791468,0.0377919,0.0147298,0.00673227,0.0432701,0.00791002,0.0312738,0.0347631,0.030277099999999994,0.0428664,0.0226429,0.00244041,0.0213243,0.574289,0.028207099999999995,0.0157587,0.00369216,0.0456228,0.020440200000000002
76,0.010410899999999999,0.0234832,0.054138900000000004,0.00410856,0.0106215,0.0155474,0.00866663,0.16509200000000002,0.00934565,0.0269538,0.0398296,0.0957165,0.0047328000000000005,0.0277319,0.0127648,0.0674315,0.019653,0.381063,0.00398422,0.018724599999999997
77,0.0386861,0.33245,0.0112213,0.00529652,0.00103447,0.0484155,0.04191040000000001,0.015119999999999998,0.0465887,0.0282443,0.00420285,0.029396299999999997,0.00365609,0.0259447,0.0732157,0.057211,0.053747699999999995,0.16689400000000001,0.00211493,0.014649700000000002
78,0.017204900000000002,0.0203327,0.0077944,0.00188673,0.20992,0.00155317,0.256305,0.00509173,0.0102133,0.025786200000000002,0.00710576,0.0311298,0.00199374,0.028722199999999996,0.018368799999999998,0.011362100000000002,0.018755200000000003,0.025430599999999998,0.0117759,0.28926799999999997
79,0.032831900000000004,0.019500599999999996,0.116378,0.015299,0.017014500000000002,0.00605328,0.0226849,0.06770160000000001,0.00675392,0.415926,0.055405899999999994,0.00947153,0.00914811,0.021845,0.00939948,0.0151595,0.0544529,0.0461683,0.0307099,0.0280955
80,0.0300932,0.0186205,0.0736914,0.18443199999999998,0.0612356,0.0184699,0.0861909,0.0430195,0.018654900000000002,0.0172088,0.0160579,0.031441500000000004,0.00204684,0.0159645,0.026218900000000003,0.15936,0.0591885,0.06643819999999999,0.0281491,0.043518
81,0.0226593,0.0784248,0.03502380000000001,0.195363,0.0377577,0.0504769,0.0447065,0.0493321,0.0348481,0.026298200000000004,0.0219095,0.051861199999999996,0.0029545,0.016259299999999997,0.0210723,0.0158003,0.0166385,0.08809249999999999,0.117451,0.0730711
82,0.011136100000000001,0.015081299999999999,0.00320553,0.00562076,0.170133,0.00172441,0.044652,0.0258649,0.021007400000000002,0.0152349,0.050482599999999996,0.06048869999999999,0.000831925,0.20622800000000002,0.0412384,0.062203999999999995,0.048335,0.0516116,0.042991800000000004,0.121928
83,0.09765189999999999,0.0551571,0.008715,0.0173815,0.021634599999999997,0.12357,0.056595000000000006,0.0166019,0.0316414,0.0255255,0.0325706,0.0324877,0.142238,0.0957931,0.0314695,0.0715755,0.042525,0.06326849999999999,0.00482034,0.028777499999999998
84,0.11555699999999999,0.0171099,0.00883013,0.0158168,0.0222445,0.0822993,0.08219639999999999,0.0364826,0.020553599999999998,0.062371800000000005,0.274665,0.0273673,0.0169984,0.0394879,0.0057535,0.094526,0.0377422,0.0277384,0.00751948,0.00474009
85,0.06638839999999999,0.044081,0.0236263,0.023035,0.00998211,0.0468916,0.121672,0.0267298,0.0104493,0.0113679,0.00379474,0.030512400000000002,0.058823,0.1088,0.0746266,0.0478834,0.14446199999999998,0.016144,0.000942985,0.12978800000000001
86,0.0384407,0.030093400000000003,0.00250166,0.0201544,0.029677999999999996,0.05670830000000001,0.25871900000000003,0.0101769,0.0491107,0.050867699999999995,0.021355799999999998,0.10426700000000001,0.032699900000000004,0.116096,0.043694800000000006,0.020594900000000003,0.0723297,0.00626782,0.0124086,0.023835299999999997
87,0.014249000000000001,0.0352734,0.013624,0.0156451,0.0039932,0.00742272,0.00942432,0.017393799999999997,0.59218,0.013484600000000001,0.035160000000000004,0.0343145,0.013053899999999998,0.0516625,0.0448384,0.0211087,0.0205126,0.0250725,0.0184425,0.0131445
88,0.00193564,0.0931217,0.0811382,0.00815962,0.00294944,0.00566288,0.008745000000000001,0.00463843,0.00842751,0.00425557,0.010284200000000002,0.619343,0.000826877,0.00834209,0.00588789,0.10430999999999999,0.00434601,0.00261018,0.012312,0.012703299999999999
89,0.155993,0.0964648,0.0124508,0.0104625,0.140458,0.0664799,0.024250099999999997,0.018380599999999997,0.011809,0.00465079,0.0263008,0.0244566,0.13331700000000002,0.018106599999999997,0.0123559,0.041871,0.0188913,0.0172946,0.06808860000000001,0.09791849999999999
90,0.039049400000000005,0.0187294,0.0106694,0.018750599999999996,0.00371899,0.0755616,0.10803199999999999,0.033348199999999995,0.117274,0.0532071,0.05706990000000001,0.0982928,0.00145567,0.06490180000000001,0.17611300000000002,0.0161111,0.06840399999999999,0.030088099999999996,0.00283776,0.00638512
91,0.00933395,0.0104479,0.00513231,0.038879000000000004,0.00131288,0.00613441,0.00733444,0.00521257,0.28868299999999997,0.00730787,0.0238854,0.0136768,0.00546344,0.00643305,0.540104,0.00820898,0.00297623,0.00282511,0.013890799999999998,0.00275781
92,0.017906000000000002,0.0676125,0.054416,0.00806705,0.00637363,0.0153095,0.024125999999999998,0.031763,0.0381662,0.0158039,0.025772900000000005,0.0703012,0.023582299999999997,0.0194182,0.0160077,0.0408653,0.45320699999999997,0.0163565,0.0315726,0.023372900000000002
93,0.0249393,0.0122777,0.0155717,0.0383117,0.029719799999999998,0.571345,0.013709200000000001,0.00428349,0.012978,0.0622711,0.00979641,0.018837700000000002,0.016694099999999996,0.00858686,0.0383576,0.00355472,0.0187234,0.0432913,0.0416933,0.015057399999999999
94,0.0265242,0.00680945,0.0482276,0.020711700000000003,0.014852700000000002,0.445805,0.0281473,0.059578099999999995,0.0210625,0.014689600000000002,0.0357704,0.0309656,0.0133861,0.047785900000000006,0.0230965,0.0242965,0.035328,0.0426114,0.0415029,0.0188485
95,0.142004,0.018044900000000003,0.014668,0.0206454,0.0115709,0.047024300000000005,0.0158996,0.010972399999999998,0.0125262,0.026417700000000002,0.0279607,0.03678819999999999,0.248888,0.0112414,0.029394099999999996,0.151143,0.030395799999999997,0.0180562,0.06573939999999999,0.0606201
96,0.024344,0.051067900000000006,0.00422584,0.0203262,0.035841000000000005,0.027699900000000003,0.0329086,0.301214,0.0306145,0.0773045,0.051594799999999996,0.00517532,0.0142689,0.00789804,0.00915061,0.0169534,0.021735900000000002,0.200295,0.05395740000000001,0.0134249
97,0.034786000000000004,0.0470982,0.0291676,0.0258997,0.0285533,0.0325341,0.0405706,0.034004,0.016392900000000002,0.0250625,0.0413746,0.031429200000000004,0.0253675,0.00754278,0.029949,0.042931800000000006,0.0356517,0.00614247,0.0176893,0.447853
98,0.00493032,0.0519615,0.019006799999999997,0.014629300000000001,0.00603452,0.00541589,0.027060700000000004,0.010324,0.205729,0.06910089999999999,0.098535,0.0746049,0.0144007,0.112857,0.143649,0.0113556,0.090679,0.014473,0.0213396,0.00391342
99,0.12074000000000001,0.015461500000000001,0.024189,0.0206594,0.0114611,0.0140422,0.0102175,0.101543,0.16333,0.0330465,0.024915400000000004,0.018722700000000002,0.00689217,0.0213568,0.237384,0.06486130000000001,0.014226599999999999,0.025536,0.00768064,0.06373480000000001
100,0.0422025,0.0688709,0.013443100000000001,0.092418,0.019426699999999998,0.0373339,0.0108816,0.00334439,0.00934025,0.040498,0.214035,0.051735300000000005,0.0492022,0.041246899999999996,0.033812699999999994,0.038833,0.0164549,0.0566034,0.00497672,0.15534
101,0.0407418,0.00930759,0.26456,0.13397,0.00459042,0.013600600000000001,0.0276221,0.0245209,0.011252799999999999,0.0653477,0.014113999999999998,0.0356654,0.11768499999999998,0.0150701,0.024912599999999997,0.0545191,0.0493141,0.04094419999999999,0.0123937,0.0398683
102,0.0888349,0.0657492,0.0156244,0.00535161,0.0386978,0.07828289999999999,0.0407366,0.0182171,0.103102,0.063048,0.0322918,0.00168458,0.00989405,0.0157035,0.142341,0.0214672,0.0148483,0.00829192,0.14598,0.0898533
103,0.120743,0.0175846,0.011929799999999999,0.0487094,0.00829655,0.0246858,0.029119,0.0289725,0.13281800000000002,0.0363971,0.0462718,0.06362280000000001,0.0061422,0.018166599999999998,0.12668900000000002,0.038014099999999995,0.0344911,0.171402,0.010165700000000001,0.025779000000000003
104,0.0323687,0.059017999999999994,0.00877427,0.00639578,0.04529280000000001,0.055773800000000005,0.0205681,0.0133403,0.0124486,0.0181583,0.0646255,0.0493468,0.015520500000000001,0.039178199999999996,0.0163541,0.0145144,0.0109855,0.032134300000000005,0.45652,0.028681799999999997
105,0.0189207,0.0341025,0.025997700000000002,0.00230382,0.022987900000000002,0.132276,0.168987,0.0328715,0.0107418,0.06703049999999999,0.09179960000000001,0.00760663,0.00268652,0.151635,0.00291326,0.0356648,0.07647799999999999,0.0555361,0.0274194,0.0320405
106,0.0289422,0.011097399999999999,0.00771531,0.00626669,0.00910934,0.0173151,0.019635800000000002,0.0219778,0.188469,0.016601499999999998,0.0725439,0.0447396,0.012677500000000001,0.0182161,0.30754000000000004,0.10508499999999998,0.011769499999999999,0.033341,0.0595953,0.00736179
107,0.0346503,0.0538014,0.310128,0.262527,0.0175055,0.0207997,0.0113979,0.00917264,0.035788,0.0125345,0.0182125,0.0104234,0.00791931,0.043019199999999994,0.026156400000000003,0.0620355,0.0225569,0.0216949,0.016265,0.0034116
108,0.034779000000000004,0.270204,0.00518794,0.0140709,0.013407800000000001,0.0319251,0.039795,0.0249522,0.015054699999999999,0.15557200000000002,0.0952708,0.00701828,0.104306,0.00893522,0.025215400000000002,0.023356400000000003,0.020364,0.0789326,0.00589794,0.0257541
109,0.032130900000000004,0.14338199999999998,0.011595000000000001,0.00177233,0.0182777,0.0101403,0.0141376,0.0159741,0.062300699999999994,0.0405577,0.286867,0.00861324,0.00301562,0.231012,0.00805859,0.0236706,0.0106115,0.060255899999999994,0.0137333,0.00389433
110,0.0114887,0.0343153,0.022028299999999997,0.016903099999999997,0.025802099999999994,0.0247272,0.014332,0.31181,0.0106036,0.306223,0.00921415,0.013464799999999999,0.0206989,0.020569,0.018361900000000004,0.00604492,0.09510410000000001,0.0219718,0.00562931,0.010707799999999998
111,0.0070479,0.016878999999999998,0.0286567,0.00468174,0.057212099999999995,0.00205377,0.019603799999999998,0.196436,0.00714406,0.0230915,0.013203200000000002,0.0432168,0.00493145,0.00237478,0.00835217,0.0156896,0.441464,0.0416632,0.00353106,0.0627668
112,0.0731933,0.07885729999999999,0.21092600000000003,0.168713,0.0295746,0.0305172,0.0325469,0.0370085,0.0399362,0.0159999,0.0337622,0.0436566,0.029008600000000002,0.0147744,0.015085900000000001,0.050434,0.0315544,0.0161466,0.015336700000000002,0.0329676
113,0.0165896,0.0157621,0.022920199999999998,0.0390351,0.0151439,0.00428043,0.0497457,0.020525,0.523219,0.017441599999999998,0.0198803,0.0232571,0.053456100000000006,0.045138199999999996,0.056786,0.0260685,0.028572399999999998,0.00286483,0.0109,0.00841431
114,0.0291827,0.0603933,0.043865499999999995,0.167548,0.336876,0.015969999999999998,0.0276716,0.031827299999999996,0.026059199999999998,0.0754275,0.0162376,0.00469227,0.011168,0.035925900000000004,0.0196928,0.021762599999999997,0.0161092,0.00843498,0.0324053,0.018750700000000002
115,0.07869830000000001,0.0160959,0.021874200000000003,0.404294,0.0195737,0.0423134,0.0615179,0.0265368,0.030486900000000004,0.0075656000000000004,0.039203800000000004,0.0162756,0.046042400000000004,0.035886,0.037469,0.0126816,0.00320772,0.045425099999999996,0.034202699999999996,0.0206493
116,0.0812415,0.0862632,0.0301497,0.0110446,0.0211794,0.0153046,0.0158037,0.270883,0.012548299999999998,0.0480701,0.0812952,0.010903,0.0100688,0.0254197,0.0229017,0.00678565,0.0115307,0.20264000000000001,0.0276255,0.00834138
117,0.0314899,0.0364462,0.0267649,0.039796,0.0440815,0.022888099999999998,0.056336000000000004,0.09114119999999999,0.044335,0.042943800000000004,0.028131599999999996,0.0273108,0.00947239,0.0637616,0.217606,0.0812831,0.039689,0.05479730000000001,0.030945900000000002,0.010779700000000001
118,0.036534500000000004,0.037202400000000004,0.00700197,0.0138752,0.010140999999999999,0.015543600000000001,0.0544989,0.015615899999999999,0.157101,0.017728,0.045857300000000004,0.0284865,0.0245452,0.042988,0.29386999999999996,0.027885000000000004,0.0742623,0.00500852,0.057788099999999995,0.0340663
119,0.16183,0.0717839,0.00657009,0.028067200000000004,0.0209108,0.022244099999999996,0.0778939,0.115123,0.018572799999999997,0.06461499999999999,0.049718599999999995,0.030072700000000004,0.0100474,0.0116097,0.0134862,0.0166558,0.160499,0.0549246,0.040857199999999996,0.0245176
120,0.027456599999999998,0.0293404,0.0150015,0.104806,0.0259773,0.0345732,0.0477673,0.015925,0.0376536,0.0237625,0.023912799999999998,0.0133613,0.0237991,0.025880200000000003,0.030437,0.042431300000000005,0.019338099999999997,0.034111699999999995,0.399244,0.0252213
121,0.029263599999999997,0.0173511,0.012332899999999999,0.00256631,0.012044,0.040427099999999994,0.0634081,0.05759059999999999,0.0339217,0.061061300000000006,0.09088660000000001,0.0139787,0.007288500000000001,0.0078529,0.135346,0.0118789,0.016366899999999997,0.033097900000000006,0.11431500000000001,0.23902199999999998
122,0.0227784,0.12009700000000001,0.00291404,0.00964265,0.00778623,0.0287687,0.044868599999999995,0.27721399999999996,0.030481,0.0354207,0.035447,0.013834,0.00438058,0.0937247,0.021619799999999998,0.0191678,0.12673099999999998,0.0772333,0.020309200000000003,0.00758098
123,0.261054,0.117692,0.033119699999999995,0.03671169999999999,0.022949599999999997,0.0555805,0.0077954999999999995,0.029418700000000002,0.0161619,0.0237802,0.0179797,0.0163772,0.023422,0.022429400000000002,0.024663099999999997,0.103394,0.0430712,0.0545529,0.0765264,0.0133201
124,0.048402999999999995,0.0126897,0.048217,0.013293700000000002,0.0128518,0.012509600000000001,0.17093699999999998,0.06503769999999999,0.027844400000000002,0.00610434,0.031014799999999995,0.256284,0.022090900000000004,0.07560399999999999,0.0174911,0.0155882,0.0300186,0.010449700000000001,0.07809810000000002,0.045472000000000005
125,0.0183763,0.0472621,0.0608956,0.0290616,0.0170462,0.112527,0.0494713,0.0523202,0.0219069,0.14593599999999998,0.00265919,0.119349,0.00471215,0.014372399999999999,0.07961710000000001,0.10105399999999999,0.0121499,0.013326099999999999,0.0108574,0.0870983
126,0.036298699999999996,0.0441024,0.0110764,0.00141197,0.010961499999999999,0.16397,0.0641646,0.013510900000000001,0.140795,0.07222569999999999,0.023421599999999997,0.0997821,0.00970801,0.0687475,0.0253666,0.0440161,0.100003,0.0171241,0.00664521,0.0466691
127,0.0239638,0.0192905,0.0649128,0.0693679,0.134176,0.021356599999999996,0.0798,0.06730789999999999,0.0474164,0.0599242,0.018105700000000002,0.0503661,0.0161405,0.047218699999999995,0.0398611,0.11578599999999999,0.0125375,0.053044100000000004,0.0167481,0.0426765
128,0.073478,0.01855,0.0563489,0.0362934,0.029649000000000002,0.019659700000000002,0.0180958,0.014670600000000002,0.0721824,0.160898,0.17182,0.073661,0.00630896,0.0258209,0.017699200000000002,0.0834515,0.0743791,0.0210654,0.00659263,0.019375299999999998
129,0.08225110000000001,0.0115382,0.00936578,0.00717509,0.0107401,0.111029,0.017496900000000003,0.00947124,0.0961337,0.0349146,0.324732,0.0101038,0.0107988,0.019169299999999997,0.014502200000000002,0.0419179,0.135347,0.0388802,0.00141602,0.0130172
130,0.0384334,0.020402299999999998,0.00478001,0.00165663,0.0198665,0.01265,0.172,0.0156005,0.22154000000000001,0.0398874,0.0224666,0.0650318,0.10741099999999999,0.00510395,0.048117900000000005,0.011355500000000001,0.142253,0.0218675,0.0154189,0.0141577
131,0.157119,0.00906848,0.04564,0.017868000000000002,0.020241400000000003,0.0111527,0.06224640000000001,0.0103026,0.011275499999999999,0.0158297,0.00897658,0.0392226,0.346842,0.011769100000000001,0.026964,0.0678312,0.0179192,0.0948491,0.0148287,0.0100533
132,0.0775577,0.0453709,0.0251352,0.00515297,0.0303346,0.42415600000000003,0.00428702,0.0169074,0.0347411,0.0229382,0.036240499999999995,0.0268353,0.0283805,0.0241455,0.0428941,0.030886200000000003,0.0293327,0.0528812,0.00874318,0.0330797
133,0.0366285,0.0240556,0.00332315,0.00806961,0.010737100000000001,0.023668599999999998,0.0059139,0.317841,0.0120569,0.30764600000000003,0.0592918,0.00394491,0.0111653,0.0125076,0.0548789,0.013674700000000001,0.0124066,0.013527299999999999,0.00796152,0.060700800000000006
134,0.04685,0.047278,0.014031100000000001,0.00788073,0.00687844,0.012126799999999998,0.0194602,0.014977899999999999,0.00427861,0.00898832,0.039230900000000006,0.0430536,0.0098286,0.00916613,0.00878936,0.0897043,0.335046,0.105429,0.026699900000000002,0.150302
135,0.0250703,0.035685900000000007,0.0221496,0.036941699999999994,0.00654062,0.030584399999999998,0.346319,0.0298441,0.0793508,0.0355806,0.0115367,0.0326767,0.0186185,0.0404819,0.021626,0.019293,0.016636900000000003,0.0431838,0.12175699999999999,0.026122500000000003
136,0.021306400000000003,0.0264817,0.00249842,0.013027799999999999,0.0358289,0.022771200000000002,0.012099700000000001,0.383378,0.00944613,0.152792,0.179895,0.018450400000000002,0.00803593,0.0164152,0.00986502,0.00840483,0.0201407,0.039017500000000004,0.00254349,0.017601699999999998
137,0.0224971,0.03488959999999999,0.021580900000000004,0.0316085,0.013034700000000001,0.0154963,0.042553,0.0830707,0.040566399999999996,0.0276878,0.420075,0.015149200000000002,0.04070580000000001,0.00786148,0.0159137,0.026671499999999997,0.060809400000000007,0.0164549,0.053996,0.00937857
138,0.0124333,0.017458500000000002,0.00806262,0.0138915,0.048338599999999995,0.00457992,0.0339215,0.47669700000000004,0.0659683,0.064687,0.0453309,0.0316396,0.0155035,0.025268099999999998,0.0200618,0.0320635,0.0252357,0.0417656,0.0051993000000000004,0.0118942
139,0.00782755,0.042812199999999995,0.010687299999999999,0.0278649,0.054195400000000005,0.051879499999999995,0.0755571,0.0224326,0.0153184,0.0275052,0.0295867,0.014711700000000001,0.046411900000000006,0.00730112,0.0217206,0.0329116,0.0190138,0.0319613,0.410738,0.049563300000000005
140,0.00501402,0.053872199999999995,0.0337411,0.0223268,0.022444,0.0219062,0.252442,0.00769262,0.0112811,0.047444099999999996,0.022381099999999998,0.043976,0.00666544,0.221387,0.0437615,0.0256861,0.0334506,0.0524437,0.0137893,0.058295299999999994
141,0.151315,0.0334935,0.014580200000000001,0.0419347,0.020887400000000004,0.129978,0.00918964,0.00951204,0.00527895,0.00530599,0.0220431,0.021721999999999998,0.039685000000000005,0.00665576,0.016325700000000002,0.33318400000000004,0.0385099,0.0337295,0.0227118,0.043958
142,0.0202044,0.011776,0.0730487,0.030568599999999998,0.0119707,0.014281,0.053963,0.0235087,0.024375499999999998,0.0259262,0.0396293,0.400121,0.0558094,0.041243199999999994,0.0275053,0.035249800000000005,0.018666099999999998,0.022369099999999996,0.026199599999999997,0.0435842
143,0.00605885,0.0589371,0.011543000000000001,0.0107206,0.0509615,0.026945099999999996,0.017216400000000003,0.011362,0.031022300000000003,0.469879,0.0511906,0.0141264,0.0316854,0.00617388,0.0390498,0.0229125,0.021672900000000002,0.0238815,0.0501461,0.0445155
144,0.0456766,0.129698,0.033050800000000005,0.0158733,0.013803799999999998,0.0161747,0.0191935,0.0810834,0.012440799999999998,0.0158107,0.114771,0.265904,0.0317751,0.016832299999999998,0.00965481,0.0152799,0.0104887,0.127199,0.010277799999999998,0.015011400000000001
145,0.0474556,0.010888,0.42698800000000003,0.0686973,0.0670121,0.0218153,0.043766900000000004,0.0153781,0.00488835,0.00332788,0.0173115,0.06511789999999999,0.020267700000000003,0.020151,0.031714,0.00654748,0.0136434,0.029333099999999997,0.0479004,0.0377959
146,0.124984,0.046305599999999995,0.010063200000000001,0.029467,0.00533548,0.00612075,0.023729,0.011059600000000001,0.0491467,0.00787925,0.00628826,0.0023325,0.00732351,0.00415589,0.016360399999999997,0.507596,0.119074,0.00397215,0.011160600000000001,0.00764561
147,0.0410379,0.0308902,0.0110838,0.0287812,0.0215517,0.0226424,0.0514387,0.0526485,0.0539452,0.0187108,0.04813119999999999,0.018444400000000003,0.00733044,0.07090439999999999,0.036510400000000005,0.0206165,0.400104,0.0246388,0.0237977,0.0167916
148,0.00807778,0.0399541,0.008967000000000001,0.00859271,0.0485476,0.045608499999999996,0.0461958,0.102502,0.00700857,0.00685183,0.0245071,0.045937,0.0167548,0.010186200000000001,0.0154328,0.0110025,0.014625999999999998,0.0175133,0.0272699,0.494465
149,0.0076083,0.0132257,0.0092094,0.022117500000000002,0.0191525,0.0205486,0.0436611,0.00845435,0.044407800000000004,0.0245141,0.028817400000000003,0.0395911,0.011311100000000001,0.5159229999999999,0.0381954,0.0385837,0.0187991,0.0436441,0.00692571,0.0453101
150,0.0325874,0.0366267,0.011627600000000002,0.0124962,0.0208407,0.0564179,0.032794,0.0284144,0.0294685,0.0537415,0.0500058,0.0115922,0.0281476,0.0111546,0.44861,0.031893,0.022635299999999997,0.0110702,0.052759900000000005,0.0171169
