site,A,C,D,E,F,G,H,I,K,L,M,N,P,Q,R,S,T,V,W,Y
1,0.0497087,0.051346699999999995,0.0510532,0.0515295,0.0597994,0.0420636,0.0458545,0.04730530000000001,0.049513800000000004,0.0536877,0.06328819999999999,0.0470463,0.05505419999999999,0.043764599999999994,0.0472059,0.051336900000000005,0.047301300000000004,0.0456496,0.0473366,0.0501541
2,0.69055,0.00539669,0.00751922,0.0479976,0.00314298,0.0164745,0.00239368,0.0052715,0.00365707,0.00144286,0.0370775,0.003357,0.027602999999999996,0.00253532,0.00253904,0.0257235,0.0316618,0.06800389999999999,0.00776112,0.00989215
3,0.031326,0.0229804,0.00545659,0.00327308,0.031123599999999998,0.0302791,0.18309,0.00875883,0.010737299999999998,0.19031099999999998,0.00401934,0.0702642,0.0426764,0.0031808000000000006,0.043839499999999997,0.20124,0.0621168,0.0199415,0.0206497,0.0147366
4,0.061255399999999995,0.00177176,0.00202365,0.024673900000000002,0.0200989,0.00769366,0.0458525,0.046005800000000006,0.018075099999999997,0.115194,0.0508221,0.0097579,0.37040500000000004,0.0635836,0.00264813,0.0318827,0.08688660000000001,0.0180297,0.00423152,0.0191082
5,0.022686900000000003,0.17432999999999998,0.0109382,0.00490372,0.07144299999999999,0.24809299999999998,0.00645968,0.00157252,0.00567759,0.0183943,0.00292104,0.22196999999999997,0.019527000000000003,0.00508997,0.0449364,0.0609655,0.0618914,0.013643,0.00318939,0.00136737
6,0.0354776,0.00497271,0.00339573,0.00633168,0.00526147,0.00186062,0.00371154,0.020294799999999998,0.00407146,0.00302774,0.025436900000000002,0.025490099999999998,0.00662768,0.0046512,0.00923028,0.0167107,0.806005,0.00270657,0.0115432,0.00319302
7,0.00374777,0.003235,0.00364228,0.030408099999999997,0.00532707,0.00149687,0.00347227,0.0167626,0.792732,0.00307053,0.0105034,0.0465392,0.0024374,0.020934400000000002,0.013813299999999999,0.00131735,0.0225929,0.00200008,0.00741171,0.00855598
8,0.0022881999999999998,0.0081102,0.00368085,0.00418194,0.0154861,0.016492700000000002,0.00374235,0.00313313,0.00326275,0.0399178,0.015774299999999998,0.0102567,0.0416335,0.036415499999999996,0.762416,0.00403401,0.00274921,0.00280134,0.017400299999999997,0.00622285
9,0.233206,0.0499861,0.00338801,0.0248627,0.0196699,0.0533268,0.00782494,0.054832500000000006,0.022938800000000002,0.030572700000000005,0.027187,0.0333878,0.0650734,0.044367500000000004,0.00253171,0.182067,0.024955599999999998,0.0949813,0.00625716,0.018583099999999998
10,0.00228865,0.016311199999999998,0.0016679000000000002,0.00309894,0.032684,0.00126132,0.693638,0.028583499999999998,0.00687427,0.0253093,0.00114854,0.036619,0.00413593,0.011966,0.0070012,0.018022299999999998,0.00925043,0.0112458,0.0161344,0.0727595
11,0.0318091,0.00524271,0.0483702,0.407501,0.0711066,0.0157182,0.00664786,0.0313135,0.042487800000000006,0.00329313,0.029241900000000005,0.0236968,0.0093804,0.047714599999999996,0.00902066,0.0133213,0.182704,0.00895142,0.00586288,0.00661519
12,0.0398974,0.0255963,0.277737,0.0109786,0.0316737,0.00693785,0.0536806,0.203057,0.011101999999999999,0.0624944,0.00241988,0.0235701,0.00415176,0.0961067,0.0107141,0.11471600000000001,0.00480178,0.0106629,0.00895156,0.0007503060000000001
13,0.038650800000000006,0.0203538,0.0157356,0.019815299999999997,0.0110565,0.00300993,0.00349994,0.0434455,0.036481400000000004,0.012247899999999999,0.574059,0.00478833,0.00661086,0.00857097,0.018606499999999998,0.00554648,0.0231503,0.020397400000000003,0.120675,0.0132984
14,0.014563999999999999,0.015596899999999999,0.0739786,0.548579,0.118565,0.0167648,0.0110009,0.00789245,0.034883,0.00697481,0.014454399999999997,0.00890423,0.014980200000000003,0.018620599999999998,0.006649899999999999,0.0280935,0.027233999999999998,0.022206200000000002,0.00634308,0.003714
15,0.0159279,0.0114475,0.00257991,0.00382577,0.00244988,0.00126495,0.170208,0.020324000000000002,0.00215738,0.05575830000000001,0.358344,0.0483719,0.00781506,0.012339900000000001,0.00560788,0.0116545,0.21020100000000003,0.0458405,0.00443448,0.00944727
16,0.00891231,0.00606234,0.335059,0.42813199999999996,0.00246803,0.029788400000000003,0.0201616,0.00405378,0.00423997,0.000941624,0.0113785,0.021471200000000003,0.000742112,0.006742399999999999,0.00636578,0.00984914,0.0402509,0.0295673,0.00733876,0.026474900000000003
17,0.027076099999999995,0.010151100000000001,0.00156187,0.0047408,0.000523541,0.0455004,0.00279793,0.0014062,0.000489442,0.00887018,0.026333699999999998,0.0123137,0.00176304,0.0328904,0.801399,0.015757399999999998,0.0006715410000000001,0.00411147,0.0014002,0.000241582
18,0.0485827,0.0219396,0.0229695,0.07985239999999999,0.022180000000000002,0.0107559,0.00341399,0.24250300000000002,0.0161344,0.0194614,0.00589902,0.00714805,0.170983,0.0162524,0.00240552,0.00531376,0.059983400000000006,0.178148,0.0385056,0.0275673
19,0.00873386,0.036332300000000005,0.00962116,0.0053833,0.0669457,0.028157599999999998,0.0867188,0.00815591,0.009495299999999998,0.056827800000000005,0.0290426,0.0443341,0.10030700000000001,0.025715199999999997,0.379626,0.0502712,0.00884937,0.0316131,0.0103321,0.0035380000000000003
20,0.0376446,0.20055699999999999,0.00972725,0.042885,0.04089419999999999,0.00837625,0.030891700000000005,0.0019480999999999997,0.0498788,0.0180328,0.0149247,0.0134464,0.0152108,0.366136,0.0385666,0.016827500000000002,0.0329792,0.0414983,0.0124015,0.00717353
21,0.0198558,0.0778645,0.0487543,0.00402889,0.19751400000000002,0.0233054,0.141561,0.028842700000000002,0.043566900000000006,0.0267834,0.00254519,0.108944,0.006858800000000001,0.0319824,0.045427800000000004,0.0794404,0.0401839,0.00882574,0.0503419,0.0133722
22,0.143013,0.00556449,0.00965762,0.00541517,0.0101654,0.0372149,0.014766899999999998,0.115907,0.0290966,0.06928039999999999,0.0465332,0.0578174,0.0384783,0.0327212,0.020716599999999998,0.195385,0.0125729,0.059542399999999995,0.0938595,0.00229282
23,0.0297015,0.00644137,0.013535900000000002,0.00796085,0.0171953,0.015909299999999998,0.0449383,0.013391,0.00253431,0.0585105,0.00131123,0.0981789,0.0411013,0.0324719,0.08007410000000001,0.015495600000000002,0.103376,0.135783,0.16728099999999999,0.114809
24,0.0236717,0.0320023,0.00930128,0.145544,0.039289,0.0072744,0.0190109,0.17461300000000002,0.022069400000000003,0.0587184,0.00357637,0.0393626,0.0037232,0.06262190000000001,0.0149167,0.016296500000000002,0.27209,0.014622299999999998,0.0201554,0.021141099999999996
25,0.0503595,0.00626358,0.00596369,0.00809649,0.0229451,0.0102912,0.0145655,0.445671,0.00594307,0.00857798,0.025883799999999995,0.027065,0.00394319,0.00472488,0.019797099999999998,0.00725215,0.0240334,0.268286,0.0075521,0.0327843
26,0.0163262,0.012953399999999999,0.00262367,0.00281774,0.33707600000000004,0.023433000000000002,0.0331911,0.021065599999999997,0.0227043,0.0416724,0.0636867,0.00242761,0.00413817,0.029653700000000005,0.310638,0.0146239,0.020203099999999998,0.00424552,0.00977853,0.0267416
27,0.09242130000000001,0.00265986,0.00455061,0.0116846,0.07133350000000001,0.028616200000000005,0.16331099999999998,0.0554154,0.00941394,0.10399000000000001,0.00320116,0.0233446,0.00347002,0.00136988,0.171612,0.0177274,0.11108699999999999,0.054647400000000006,0.0652004,0.00494417
28,0.0234607,0.0444276,0.00136186,0.00271949,0.00940606,0.026624000000000002,0.00688001,0.0065359,0.00628254,0.0581486,0.159654,0.14761300000000002,0.00902085,0.052615300000000004,0.056098800000000004,0.12400699999999999,0.045056,0.0320697,0.0061195,0.1819
29,0.0214012,0.0291798,0.0272693,0.0109704,0.045946,0.023199900000000002,0.00559619,0.173319,0.03351269999999999,0.06548290000000001,0.022956599999999997,0.0208885,0.0148381,0.030923700000000002,0.00731811,0.0133762,0.00711569,0.422958,0.0127385,0.011009999999999999
30,0.0353925,0.00657115,0.0150391,0.0384925,0.00732649,0.565728,0.0106166,0.020548900000000002,0.0251232,0.00500491,0.0555734,0.013092,0.0299241,0.0136685,0.031488999999999996,0.0398781,0.00896012,0.0559351,0.0125441,0.00909171
31,0.00501683,0.0187041,0.00751177,0.0150963,0.0158521,0.015012799999999998,0.035677999999999994,0.031661400000000006,0.10943900000000001,0.061009900000000006,0.138058,0.0147683,0.0049328,0.012819999999999998,0.183524,0.0354255,0.12394200000000001,0.039512,0.09371289999999999,0.038322
32,0.0156746,0.0094012,0.00499818,0.0152785,0.049767,0.0165789,0.08470060000000001,0.030573700000000002,0.0313987,0.0285029,0.579205,0.011059200000000002,0.00640621,0.031577499999999994,0.00823635,0.00769687,0.0217663,0.0195747,0.0222758,0.00532814
33,0.011315700000000001,0.424579,0.011826799999999998,0.00289652,0.0120226,0.00454653,0.00452767,0.146049,0.00365409,0.0704411,0.0932079,0.0411013,0.030825099999999998,0.00415376,0.00111522,0.036931900000000004,0.061054599999999994,0.0314966,0.00405128,0.00420311
34,0.107769,0.05204400000000001,0.0297546,0.0276953,0.00369449,0.14789000000000002,0.280727,0.00175146,0.0389533,0.033241,0.013381700000000002,0.051192699999999994,0.0296035,0.00981991,0.05951,0.0688242,0.005776,0.022119999999999997,0.00432954,0.0119223
35,0.0351977,0.0193222,0.00556442,0.0516599,0.030227999999999998,0.280337,0.032713400000000004,0.00827515,0.00925341,0.00801836,0.0210639,0.118399,0.00374626,0.014715700000000002,0.0623975,0.0272985,0.09404739999999999,0.08037810000000001,0.06323519999999999,0.0341481
36,0.00692707,0.0304425,0.00874211,0.0332552,0.054176800000000004,0.0104645,0.013675799999999998,0.260642,0.051029000000000005,0.11821400000000001,0.23420500000000002,0.018765200000000003,0.0261369,0.01906,0.0040961999999999995,0.00266684,0.0182915,0.0397268,0.03471780000000001,0.014765
37,0.140967,0.038650300000000005,0.0106245,0.0382619,0.0228668,0.34444400000000003,0.0115289,0.055239699999999996,0.0239539,0.0331173,0.0379079,0.0140665,0.006453,0.01031,0.030657599999999997,0.0533763,0.0331083,0.049105800000000005,0.035611199999999996,0.00974959
38,0.0345894,0.025375400000000003,0.00896392,0.0120564,0.0147963,0.0961133,0.07137869999999999,0.0144082,0.00562284,0.0177211,0.354976,0.00284688,0.00309268,0.040095,0.110625,0.08760169999999999,0.0282168,0.00513693,0.051353699999999995,0.015029399999999998
39,0.00431416,0.044187,0.0278623,0.00567636,0.376256,0.0652962,0.0064429000000000005,0.05183580000000001,0.00581168,0.0274988,0.054698500000000004,0.00876536,0.00363894,0.00445956,0.00150613,0.0234644,0.0901811,0.0117965,0.119841,0.0664671
40,0.0436798,0.00675277,0.00530467,0.00321226,0.0302601,0.0006572980000000001,0.586112,0.00915666,0.00261364,0.00804393,0.139689,0.00717956,0.00261663,0.0111607,0.00127261,0.00256059,0.00665494,0.00369494,0.0551178,0.0742602
41,0.0198093,0.0197049,0.0758453,0.0169917,0.00998176,0.0517105,0.00565999,0.07416299999999999,0.010241,0.00957223,0.0216459,0.0237917,0.0010804,0.0290856,0.0198396,0.09949569999999999,0.15443900000000002,0.0161991,0.266827,0.0739165
42,0.00412292,0.0123082,0.0220916,0.019321500000000002,0.00353412,0.0140859,0.033551199999999996,0.00627702,0.046701,0.015577500000000001,0.0125759,0.017302200000000004,0.00737828,0.396971,0.015396100000000001,0.0347421,0.262735,0.013372700000000001,0.011882799999999999,0.0500725
43,0.0618823,0.083594,0.022199400000000005,0.0402287,0.15932000000000002,0.00368865,0.00275095,0.118413,0.0296089,0.0625611,0.321753,0.00286193,0.00178781,0.00482556,0.00758933,0.016834400000000003,0.017533,0.0293108,0.00897062,0.00428628
44,0.066538,0.19562000000000002,0.00255877,0.1551,0.0213418,0.09925,0.005535,0.016298,0.00239778,0.0423392,0.078943,0.0291808,0.00214888,0.036209500000000006,0.0341086,0.0501736,0.012201700000000001,0.0625712,0.040717,0.046767199999999995
45,0.030671800000000003,0.00771727,0.0097147,0.014524700000000001,0.0179988,0.006873899999999999,0.0335805,0.0550201,0.0101619,0.0631538,0.11285999999999999,0.0310845,0.0254876,0.00738265,0.00323588,0.025847000000000002,0.461653,0.0144829,0.0629683,0.00558084
46,0.0218835,0.00494352,0.045456300000000005,0.406426,0.00592079,0.0138523,0.00629432,0.00761334,0.0888908,0.215381,0.0193722,0.00855403,0.00205766,0.0161798,0.015981799999999997,0.011386,0.0142422,0.0634285,0.0179215,0.014214700000000002
47,0.00493909,0.0297615,0.0216265,0.0153091,0.0252271,0.00382181,0.0250373,0.03282480000000001,0.00491091,0.319502,0.0501724,0.0337159,0.0255195,0.0332499,0.0120954,0.0131299,0.164663,0.16025899999999998,0.0191013,0.00513312
48,0.00230422,0.00933631,0.0232488,0.015133,0.00270786,0.09777469999999999,0.0158514,0.035053100000000004,0.201534,0.00838233,0.144452,0.013907399999999999,0.17046,0.05987769999999999,0.030754200000000002,0.0412161,0.0216299,0.0931985,0.00450658,0.00867164
49,0.010498100000000002,0.00451317,0.00330615,0.010838799999999999,0.0880413,0.00224505,0.0364634,0.165174,0.00695178,0.349639,0.153143,0.00294097,0.0100559,0.00372951,0.01055,0.00324124,0.0115903,0.09898839999999999,0.0183223,0.00976701
50,0.0415892,0.209221,0.00591714,0.00389789,0.00270735,0.0564154,0.07135330000000001,0.00856914,0.00981636,0.018252599999999997,0.00205203,0.013134,0.0131423,0.26795399999999997,0.0278443,0.11153099999999999,0.010036100000000001,0.11260999999999999,0.00586006,0.00809701
51,0.0135145,0.040754900000000004,0.114211,0.0968842,0.00295982,0.0151608,0.022456200000000003,0.194913,0.024271,0.049418800000000006,0.145861,0.0262555,0.0151237,0.0446909,0.00248171,0.0335214,0.098944,0.039855800000000004,0.0032597,0.0154618
52,0.0157537,0.0666651,0.00251155,0.00486449,0.159606,0.06902849999999999,0.00563099,0.00324438,0.00663078,0.011317,0.00178584,0.384446,0.000498308,0.00742864,0.042418300000000006,0.0368906,0.0598455,0.027923900000000005,0.0268599,0.06665080000000001
53,0.262841,0.00609407,0.0522702,0.42634399999999995,0.010126000000000001,0.0111266,0.00795979,0.00256027,0.0297072,0.021250799999999997,0.010898,0.00349637,0.00270291,0.0429661,0.00531051,0.0157815,0.00575149,0.0711432,0.0080787,0.00359132
54,0.113602,0.039788800000000006,0.015453399999999999,0.0211824,0.0249895,0.241525,0.00566281,0.00989853,0.017077000000000002,0.09178510000000001,0.0232086,0.141426,0.0199462,0.058036000000000004,0.024316,0.018917,0.00842523,0.06567560000000001,0.051878999999999995,0.00720508
55,0.074408,0.0802175,0.014369899999999998,0.0189929,0.15981800000000002,0.00651641,0.0337233,0.00659988,0.067623,0.150411,0.00527964,0.0212125,0.00530042,0.0237602,0.180088,0.0490505,0.00725925,0.0282449,0.061669600000000005,0.0054558
56,0.0126188,0.0262704,0.00560014,0.0027474,0.0924761,0.00447015,0.0153095,0.378753,0.00714367,0.23493699999999998,0.03396180000000001,0.019966499999999998,0.00106401,0.00195195,0.0104289,0.0545525,0.0495042,0.0366923,0.00897545,0.00257663
57,0.00595565,0.286103,0.0122066,0.053063099999999995,0.034959500000000004,0.00807198,0.00517798,0.303597,0.009098299999999998,0.020175,0.129281,0.0265435,0.00512296,0.00406251,0.00738654,0.00450071,0.0160454,0.023399,0.0363281,0.00892178
58,0.00355807,0.00655283,0.00397944,0.0132732,0.00654653,0.00189337,0.038880300000000007,0.006145899999999999,0.0256153,0.021765200000000002,0.060877099999999996,0.461855,0.0218211,0.240225,0.008720499999999999,0.00414594,0.006534000000000001,0.051352800000000004,0.0127213,0.00353695
59,0.013112100000000002,0.00554863,0.0299311,0.00590434,0.00459827,0.0125779,0.018984099999999997,0.0126196,0.0681059,0.00645228,0.00996169,0.611416,0.016024899999999998,0.010417200000000001,0.00180135,0.0844747,0.0543966,0.00513332,0.00858213,0.0199577
60,0.00781524,0.119527,0.034564199999999996,0.00826756,0.024654,0.0703109,0.013421200000000001,0.019628299999999998,0.00591773,0.029646199999999998,0.00664531,0.0271647,0.011910700000000001,0.00533662,0.0121422,0.345875,0.183129,0.0332558,0.00995017,0.030838400000000002
61,0.0113068,0.0167391,0.0116427,0.00199315,0.10386300000000001,0.011829600000000001,0.0163926,0.341351,0.0098857,0.0964989,0.011281399999999999,0.25467199999999995,0.00502312,0.0069191999999999995,0.00140081,0.00669386,0.06553830000000001,0.014341999999999999,0.00577999,0.00684617
62,0.0989502,0.0050342,0.00351981,0.00467851,0.00193436,0.129416,0.00550891,0.0175923,0.11013699999999998,0.00705697,0.0160073,0.08658769999999999,0.00502409,0.024380900000000004,0.019215700000000002,0.13332,0.171099,0.15179,0.00611414,0.00263313
63,0.025612700000000002,0.028777800000000003,0.00590446,0.0102635,0.36703,0.00404187,0.0027149,0.183111,0.03140370000000001,0.166594,0.0610956,0.00302557,0.00262979,0.00817025,0.00347702,0.0008882030000000001,0.0578386,0.0284443,0.00390782,0.0050685
64,0.0251091,0.00848389,0.032911800000000005,0.585497,0.047399199999999996,0.028860000000000004,0.00715673,0.0113215,0.030347199999999998,0.00998874,0.0330871,0.00475418,0.0060986,0.030672900000000003,0.00985722,0.027433199999999998,0.0118646,0.0544431,0.0160593,0.018654900000000002
65,0.00698044,0.00715716,0.0425778,0.0065235,0.0974136,0.0207405,0.0412772,0.0543506,0.15600799999999998,0.028887799999999998,0.00649856,0.00967271,0.00262665,0.00595076,0.38119699999999995,0.033507999999999996,0.0299694,0.00525868,0.0564409,0.00696031
66,0.0254483,0.16436199999999998,0.0201061,0.020447099999999996,0.0275801,0.0127654,0.0117273,0.094099,0.0521693,0.122226,0.27305799999999997,0.0191185,0.0181548,0.00795224,0.00682878,0.0559235,0.0197646,0.0357963,0.0055905,0.00688188
67,0.036055300000000005,0.0199681,0.045558600000000005,0.0494562,0.00722756,0.09598949999999999,0.0507349,0.14583800000000002,0.00754307,0.0471726,0.0717851,0.016222999999999998,0.0136707,0.0187575,0.00702599,0.17085799999999998,0.0119246,0.136176,0.00298642,0.045048000000000005
68,0.025281,0.022855599999999997,0.0827052,0.00613479,0.015537700000000002,0.09035449999999999,0.0248891,0.186442,0.0054278,0.241021,0.0174666,0.0182358,0.00903468,0.0658968,0.0135411,0.0398226,0.070905,0.044526199999999995,0.00751748,0.0124049
69,0.10943699999999999,0.0318988,0.00369606,0.024080400000000002,0.0191247,0.0587215,0.00249807,0.0176007,0.011152200000000001,0.0325443,0.0972322,0.00938656,0.00999047,0.0228678,0.00858992,0.329627,0.0234379,0.137242,0.00920618,0.0416662
70,0.23185799999999998,0.0166451,0.0380697,0.00532648,0.00400398,0.0770529,0.00489268,0.00291834,0.00459213,0.00400538,0.00708018,0.00731728,0.026322199999999997,0.00467856,0.00579482,0.27173,0.227255,0.0359477,0.00682521,0.017684799999999997
71,0.00469856,0.016724799999999998,0.08692430000000001,0.0041021,0.279277,0.013581799999999998,0.0331917,0.0210903,0.077957,0.0963951,0.012951400000000002,0.0614274,0.0046602,0.109739,0.0495056,0.0879563,0.00449981,0.0105707,0.0060084,0.018738400000000002
72,0.0176875,0.00926885,0.563725,0.057502,0.0201831,0.0488206,0.0675748,0.011593899999999999,0.0213067,0.00593034,0.0126384,0.041217699999999996,0.0118536,0.00949976,0.00571615,0.00399673,0.00309142,0.0207587,0.014827100000000001,0.052807799999999995
73,0.0523638,0.012291400000000001,0.0479874,0.245504,0.028386599999999998,0.0244225,0.0224759,0.013918799999999999,0.025952499999999996,0.0387616,0.00675985,0.135215,0.00939008,0.0517194,0.0978015,0.10835499999999999,0.00345206,0.0446106,0.0228572,0.00777516
74,0.312596,0.00476355,0.0047518000000000005,0.0182832,0.0136428,0.012270200000000002,0.045875,0.014808600000000002,0.20149,0.006051699999999999,0.0507731,0.0181532,0.00545766,0.00416392,0.19030999999999998,0.030994400000000002,0.00799296,0.00863355,0.0327512,0.0162365
75,0.017456299999999998,0.0222938,0.010676,0.0349236,0.0178987,0.0357028,0.0167468,0.0427366,0.06084,0.0628274,0.026387999999999998,0.0204065,0.00987578,0.012937899999999999,0.488285,0.058421600000000004,0.0235682,0.00574569,0.0142851,0.017983799999999998
76,0.41931,0.00198936,0.0132846,0.0463798,0.00303746,0.0110834,0.00487267,0.164656,0.040961300000000006,0.0584528,0.00516611,0.143861,0.00116904,0.00511189,0.00396473,0.0146237,0.00923382,0.00396735,0.0144048,0.0344713
77,0.017412999999999998,0.0234484,0.0666819,0.0360098,0.0542832,0.0349235,0.0024645,0.0221709,0.157881,0.0256627,0.118255,0.05699780000000001,0.00286103,0.0614044,0.234306,0.00307309,0.03654330000000001,0.015194200000000001,0.022377,0.00804875
78,0.019327,0.024378,0.0355648,0.00595085,0.09092389999999999,0.00698518,0.038618900000000005,0.014401400000000002,0.0126638,0.0106663,0.0187524,0.0221824,0.0293735,0.013367600000000002,0.0320493,0.00898765,0.027060900000000002,0.0320767,0.0354004,0.521269
79,0.0289295,0.0332747,0.00472097,0.00419844,0.0237922,0.0099221,0.0564861,0.052208300000000006,0.0846711,0.306722,0.057349199999999996,0.027944,0.013212799999999999,0.167321,0.0127246,0.00503199,0.0523312,0.022786599999999997,0.0316073,0.00476579
80,0.0480309,0.145616,0.0250396,0.111355,0.036606400000000004,0.0458623,0.028304400000000004,0.0179829,0.0239482,0.0911291,0.00293289,0.06454,0.00110163,0.00863764,0.055669399999999994,0.177918,0.048531300000000006,0.0212794,0.00325406,0.042261
81,0.00298251,0.0175325,0.022175,0.22643400000000002,0.0985972,0.023506700000000002,0.024381599999999996,0.19206700000000002,0.036790699999999996,0.09892360000000001,0.00793633,0.013525,0.000932373,0.100709,0.00703561,0.0407197,0.00375407,0.00981925,0.0297005,0.042478300000000004
82,0.0480764,0.0354612,0.030635500000000003,0.0862044,0.0609115,0.010184499999999999,0.160992,0.017659400000000002,0.008392299999999998,0.0198496,0.00382536,0.0364577,0.012349700000000002,0.158658,0.026871299999999997,0.152117,0.0200415,0.028766800000000002,0.013168899999999999,0.069377
83,0.043757599999999994,0.040467,0.00179105,0.00789616,0.0144015,0.0830328,0.05157330000000001,0.00216249,0.054204199999999994,0.0564307,0.06602039999999999,0.0168792,0.158912,0.11804500000000001,0.043057599999999994,0.025038499999999998,0.0983746,0.00929941,0.0849381,0.023718799999999998
84,0.0467703,0.0116888,0.06956389999999998,0.035632800000000006,0.04579,0.134383,0.0428435,0.0437737,0.00950789,0.0250798,0.06742260000000001,0.0656521,0.0053297,0.00322636,0.0629758,0.23156999999999997,0.023390900000000003,0.023068900000000003,0.0488047,0.00352516
85,0.0460324,0.00229892,0.030279700000000003,0.00271359,0.000946008,0.039217800000000004,0.0063687,0.0020349,0.302672,0.00710367,0.00144897,0.0135935,0.0229775,0.00952903,0.30661900000000003,0.024693400000000004,0.128316,0.031068900000000003,0.0133885,0.00869637
86,0.022239599999999998,0.0034674,0.00401964,0.020869,0.030765800000000003,0.310683,0.00470151,0.00527771,0.00705576,0.028225,0.0105519,0.00869801,0.030127499999999998,0.021633799999999998,0.0136597,0.04941280000000001,0.17256400000000002,0.0836827,0.050131699999999994,0.122233
87,0.00454683,0.00578556,0.00665791,0.0280241,0.033786800000000006,0.00551608,0.00738658,0.0198207,0.45938100000000004,0.00603931,0.037022900000000004,0.0390843,0.00335859,0.017388,0.15823399999999999,0.0079982,0.112194,0.0252024,0.013972100000000001,0.00860161
88,0.010204000000000001,0.190419,0.469967,0.0379702,0.0157242,0.0169124,0.0426043,0.016796099999999998,0.00308652,0.00704282,0.013073099999999999,0.0479245,0.014320300000000001,0.00676895,0.00209143,0.0183008,0.00161626,0.021302500000000002,0.00814574,0.0557307
89,0.08479210000000001,0.06450499999999999,0.0321105,0.0149446,0.00813316,0.0813009,0.277436,0.0315748,0.018915900000000003,0.017278900000000003,0.0102109,0.05670990000000001,0.146196,0.0134934,0.0183455,0.038458400000000004,0.0238231,0.029775299999999998,0.00910714,0.0228888
90,0.0077645,0.0114085,0.00204786,0.00624273,0.048164900000000004,0.0151435,0.0393,0.24128400000000003,0.04966,0.0459946,0.00265723,0.037222399999999996,0.00291614,0.00298642,0.00191092,0.0132215,0.0307754,0.424921,0.0124269,0.00395141
91,0.00954402,0.00320809,0.017359,0.046792400000000005,0.0227032,0.00607776,0.0020005,0.013624899999999999,0.42469700000000005,0.00770545,0.0322548,0.0259043,0.010193,0.0298747,0.27698,0.0161552,0.0222313,0.00382893,0.00468143,0.0241839
92,0.0422834,0.0297289,0.00904238,0.016269299999999997,0.00865236,0.00535937,0.013345099999999999,0.045866500000000004,0.00749355,0.00744353,0.021036799999999998,0.0824834,0.0172864,0.007620100000000001,0.00750225,0.0376182,0.58031,0.032896800000000004,0.0212484,0.00651343
93,0.0387957,0.016481400000000004,0.014104499999999999,0.039401599999999995,0.00583564,0.617532,0.0339881,0.00775244,0.017650400000000004,0.00734856,0.0103455,0.00716757,0.00830082,0.0177039,0.0217834,0.0386802,0.0201935,0.0316595,0.013248500000000002,0.0320262
94,0.035209199999999996,0.00653339,0.00935227,0.04649880000000001,0.0113593,0.653338,0.0128565,0.0148494,0.013003,0.00839718,0.021461,0.0301668,0.00945596,0.0100943,0.0187208,0.00423538,0.025254699999999998,0.047097,0.00842232,0.0136941
95,0.0356161,0.0115136,0.0519419,0.00804754,0.00509415,0.0115525,0.151558,0.11016,0.040933300000000006,0.0290154,0.022811,0.00553389,0.252064,0.059599,0.0138024,0.0653566,0.106797,0.00479704,0.010415299999999999,0.0033913000000000003
96,0.038802699999999996,0.0475288,0.0121101,0.042590499999999996,0.0337236,0.0045658999999999995,0.00420112,0.29129299999999997,0.0215109,0.225503,0.0634196,0.0364104,0.00646738,0.00415646,0.00506829,0.00437984,0.0611554,0.0592033,0.027744,0.010165899999999999
97,0.0245512,0.035492800000000005,0.00521831,0.00410498,0.25804699999999997,0.00128071,0.374607,0.00811795,0.00185465,0.126716,0.00258777,0.0078523,0.00269222,0.00824993,0.00217575,0.00343693,0.000658423,0.00245695,0.00526462,0.124634
98,0.00461151,0.00485126,0.00348916,0.00528688,0.0521966,0.0109711,0.0105459,0.136257,0.0456797,0.00178934,0.0481572,0.0058748,0.0006151069999999999,0.367583,0.189163,0.0234202,0.0356394,0.00260229,0.044956699999999995,0.00631041
99,0.0658742,0.172711,0.025995099999999997,0.00621316,0.00881464,0.017343200000000003,0.015393,0.0276969,0.09180089999999999,0.017515700000000002,0.013709200000000001,0.00355389,0.00791164,0.0209356,0.395287,0.0247598,0.0243438,0.013832800000000001,0.0198511,0.0264577
100,0.062825,0.013186700000000003,0.00764531,0.0226044,0.0635884,0.019210400000000002,0.0166757,0.040567,0.017126,0.27776100000000004,0.0317195,0.0197454,0.05662380000000001,0.028742200000000002,0.00202575,0.129983,0.0176912,0.15616300000000002,0.00358707,0.0125291
101,0.00109088,0.326677,0.024926499999999997,0.012988299999999998,0.00340561,0.013022200000000001,0.019136900000000002,0.00874627,0.0641724,0.0198634,0.00417696,0.0873359,0.005934,0.00204399,0.0273566,0.0121658,0.16239800000000001,0.0990747,0.0112461,0.0942391
102,0.166915,0.00798633,0.018221,0.0364239,0.248883,0.10557899999999999,0.0365355,0.0571039,0.0501983,0.0131964,0.00721173,0.06499819999999999,0.0421767,0.00756156,0.0364077,0.00213623,0.0202206,0.0181649,0.00641759,0.053663
103,0.177378,0.0024486,0.0095074,0.049369,0.0175283,0.110241,0.0105884,0.00805727,0.117249,0.0797468,0.014277799999999998,0.023702599999999997,0.013337100000000001,0.0278009,0.24262899999999998,0.00952834,0.0688478,0.00977729,0.00329177,0.0046943
104,0.00243892,0.0449274,0.00671329,0.00717569,0.26816100000000004,0.0104938,0.017431400000000003,0.11086900000000001,0.00287557,0.121076,0.0555215,0.058144900000000006,0.00798909,0.0111303,0.021343599999999997,0.0262726,0.00303443,0.00325719,0.217083,0.00406229
105,0.221511,0.179397,0.00824612,0.0413559,0.00823994,0.05815,0.00227903,0.0229607,0.0460665,0.0177214,0.17286300000000002,0.00719151,0.006164899999999999,0.0214547,0.09035850000000001,0.00311303,0.046569400000000004,0.0188686,0.00979097,0.0176972
106,0.00564285,0.00826854,0.00745688,0.00835762,0.0340154,0.018806,0.41858100000000004,0.05479730000000001,0.044270699999999996,0.0136162,0.04396130000000001,0.00821226,0.0110166,0.00599179,0.209398,0.0133701,0.010665299999999999,0.06735830000000001,0.00884609,0.00736767
107,0.02557,0.0350782,0.0476945,0.203308,0.00941569,0.033768599999999996,0.0242836,0.0395051,0.0365588,0.00368443,0.0275332,0.350487,0.00817803,0.049357,0.00462653,0.014469799999999998,0.0086383,0.034619199999999996,0.0224655,0.0207586
108,0.125917,0.014342500000000001,0.0219519,0.0115975,0.0483245,0.0822779,0.303173,0.0550852,0.0241203,0.163509,0.032867,0.0100318,0.031907099999999994,0.013209899999999998,0.0088841,0.00337699,0.00321086,0.0238597,0.0137077,0.00864592
109,0.00488033,0.152423,0.00809337,0.00982553,0.051817300000000004,0.00268978,0.312458,0.101717,0.015628700000000002,0.137878,0.0445801,0.0465954,0.00182202,0.0110352,0.0110414,0.0150652,0.0155486,0.039932800000000004,0.00842113,0.00854616
110,0.00511719,0.0370025,0.0178249,0.0461167,0.038704300000000004,0.00384327,0.0494176,0.28517800000000004,0.012588,0.18993800000000002,0.0171969,0.026921800000000003,0.0504278,0.047410900000000006,0.05267430000000001,0.00505696,0.018645500000000002,0.051746600000000004,0.0345151,0.00967319
111,0.00731065,0.043609800000000004,0.052584000000000006,0.0169097,0.0503515,0.00695428,0.0447675,0.0584681,0.00631726,0.142797,0.0382654,0.0254829,0.00294072,0.010086200000000002,0.00738241,0.0245368,0.0144018,0.129091,0.043223000000000004,0.274519
112,0.0143067,0.09000830000000001,0.403992,0.0512877,0.014846100000000001,0.06061369999999999,0.0319666,0.004863800000000001,0.00669301,0.024359099999999998,0.0139773,0.0574799,0.00934711,0.0233206,0.0213486,0.029557,0.00330681,0.04711459999999999,0.016969,0.0746415
113,0.00407351,0.004683,0.00776646,0.032065699999999996,0.012843100000000001,0.00560697,0.0149369,0.0175331,0.34474699999999997,0.0183562,0.028380400000000004,0.015928499999999998,0.00839705,0.0313892,0.391269,0.021195699999999998,0.0174606,0.00275914,0.0119737,0.00863551
114,0.00821844,0.0834804,0.0426124,0.169692,0.00444445,0.0683207,0.0730395,0.045962699999999995,0.0240795,0.016364700000000003,0.0108714,0.0134971,0.103728,0.0357579,0.00762118,0.14816600000000002,0.0044636,0.117753,0.0181919,0.00373488
115,0.014296000000000001,0.024038999999999998,0.06984960000000001,0.5620729999999999,0.00724511,0.04952,0.032617,0.013625499999999999,0.0258481,0.00344738,0.013746799999999998,0.0233968,0.012179,0.027574,0.00330478,0.00459875,0.0326322,0.0199703,0.0382551,0.021781799999999997
116,0.0317351,0.121178,0.0147775,0.00534191,0.0157838,0.00250471,0.0402687,0.44536400000000004,0.0801743,0.112975,0.0327109,0.00660332,0.00237511,0.00419196,0.0075289,0.00143027,0.028680900000000002,0.0316361,0.00969799,0.00504119
117,0.00317827,0.00191732,0.00310799,0.00446669,0.00215864,0.023411,0.149065,0.175448,0.00529424,0.220545,0.0439536,0.00476822,0.000544401,0.0105479,0.054058100000000005,0.00970685,0.08562769999999999,0.026579000000000002,0.00537194,0.17025
118,0.012203,0.0015647999999999999,0.00379136,0.00196349,0.00659171,0.09764160000000001,0.00166637,0.00438698,0.00209373,0.107281,0.303431,0.075574,0.00275848,0.00689029,0.0693096,0.11964000000000001,0.128718,0.0330356,0.011207,0.010252200000000001
119,0.0190386,0.00855361,0.00772789,0.00885969,0.0389271,0.00226728,0.013147399999999998,0.217975,0.00416285,0.101256,0.10331300000000002,0.0460536,0.00932973,0.0126868,0.051430899999999995,0.025235,0.253591,0.025774099999999998,0.0192942,0.0313762
120,0.00437462,0.0418606,0.00915373,0.00813504,0.0240796,0.0409774,0.0178481,0.0078875,0.0147274,0.0354604,0.0124131,0.0118681,0.0036555999999999997,0.00781171,0.0258277,0.0966558,0.018616,0.018209299999999998,0.5505939999999999,0.0498443
121,0.1578,0.03985759999999999,0.00422048,0.00327594,0.0108632,0.0232287,0.0239282,0.0111212,0.00971787,0.025427099999999998,0.00614402,0.00299124,0.0108804,0.011373399999999999,0.156056,0.16886600000000002,0.00751365,0.24980100000000002,0.0696086,0.00732558
122,0.00311517,0.405619,0.00234486,0.00581965,0.00372838,0.0205449,0.0557434,0.0124614,0.139736,0.0871321,0.0819335,0.00230751,0.000300688,0.0491135,0.0256652,0.0176453,0.0018055,0.06143440000000001,0.015108000000000002,0.00844177
123,0.278661,0.06651339999999999,0.0230384,0.0237389,0.00348769,0.06704210000000001,0.0029848,0.0289873,0.00502711,0.0192426,0.0582202,0.00176115,0.00959145,0.013214799999999999,0.0435427,0.0902125,0.040555,0.18796300000000002,0.00823051,0.027985700000000002
124,0.018242500000000002,0.0210951,0.0245455,0.00230733,0.168398,0.07949529999999999,0.142702,0.013528,0.0110855,0.0170746,0.0210117,0.30625,0.00161631,0.033057300000000005,0.0182713,0.00897139,0.0186951,0.058066999999999994,0.0123174,0.0232685
125,0.0139167,0.00432114,0.021599200000000002,0.10493499999999999,0.0752634,0.11452799999999999,0.00583493,0.138037,0.0103374,0.10233400000000001,0.0773329,0.113553,0.0321038,0.0350587,0.0241118,0.0500394,0.035443699999999995,0.0162631,0.00105209,0.0239352
126,0.0182054,0.0347026,0.07452710000000001,0.0891902,0.00224753,0.132028,0.028954200000000003,0.00940938,0.030017400000000003,0.0372767,0.10963099999999999,0.0105162,0.00289755,0.049629599999999996,0.09456439999999999,0.0206419,0.165169,0.039632099999999996,0.0454975,0.00526214
127,0.0839293,0.0183249,0.119118,0.0155791,0.10105399999999999,0.0869823,0.020106799999999998,0.06773760000000001,0.0218262,0.0942865,0.0170175,0.0688555,0.044922199999999995,0.0418267,0.0420393,0.0625356,0.0272905,0.0151257,0.0181683,0.0332742
128,0.0138453,0.04020580000000001,0.0880329,0.178859,0.133243,0.0191937,0.12812,0.0685214,0.0575605,0.0726758,0.00389298,0.024574400000000003,0.036481099999999995,0.00243885,0.00837641,0.00646357,0.035850599999999996,0.00931417,0.00700672,0.065344
129,0.119775,0.040988199999999995,0.0319868,0.00924785,0.0104056,0.0376426,0.0764922,0.013430000000000001,0.126123,0.0398839,0.11563299999999999,0.0784304,0.00364001,0.0600322,0.03328540000000001,0.0690253,0.019940799999999998,0.0695708,0.00590696,0.0385596
130,0.016323400000000002,0.00393632,0.00931565,0.00288168,0.00668354,0.0173922,0.013797499999999999,0.00117282,0.023246,0.0176712,0.00938451,0.00217325,0.353883,0.318959,0.00750847,0.0188786,0.058745000000000006,0.0130991,0.09868980000000001,0.00625827
131,0.057420900000000004,0.0152726,0.006640399999999999,0.00281255,0.00789238,0.0230241,0.00360316,0.00385939,0.00448761,0.00259933,0.24173200000000003,0.00817752,0.055008900000000006,0.377421,0.00469666,0.0333042,0.016037299999999997,0.0645819,0.068851,0.00257697
132,0.017149900000000003,0.0527722,0.035005,0.015265,0.014552500000000001,0.41561099999999995,0.0119106,0.00337684,0.0129225,0.013247499999999999,0.00701527,0.014108,0.053938,0.0401272,0.04838819999999999,0.205021,0.0173122,0.011449899999999999,0.00710853,0.00371906
133,0.0788987,0.00491163,0.0197622,0.017375799999999997,0.014079300000000001,0.00447884,0.00600709,0.045415,0.016984700000000002,0.355149,0.076698,0.0157384,0.0107991,0.164401,0.059526,0.023385,0.0385894,0.0195096,0.0059665,0.0223249
134,0.207143,0.0532396,0.00468014,0.00912365,0.00461097,0.00795348,0.00268358,0.0756984,0.00576539,0.00928565,0.00617569,0.021444099999999997,0.0054827,0.05662230000000001,0.00680178,0.12428,0.183936,0.200665,0.00799188,0.00641675
135,0.0295508,0.335248,0.0117952,0.00882185,0.0236912,0.010812899999999999,0.15493800000000002,0.012987700000000001,0.0210674,0.00391439,0.0939181,0.060730200000000005,0.00281513,0.143311,0.00520846,0.030485200000000004,0.00630303,0.0297478,0.00610427,0.00854892
136,0.00406423,0.00561319,0.00875445,0.00853422,0.0755308,0.00171432,0.00922461,0.309778,0.0110689,0.0633596,0.200749,0.0610217,0.00149968,0.109651,0.00292171,0.047557,0.023446,0.0386538,0.00809635,0.00876076
137,0.00812685,0.0418546,0.0213123,0.00382015,0.0367195,0.00604729,0.0128365,0.0394136,0.014067099999999999,0.336856,0.238411,0.00778382,0.00277142,0.101895,0.0088696,0.0142036,0.009615299999999999,0.0202461,0.0457077,0.0294425
138,0.0059751000000000005,0.00381329,0.00847588,0.017121,0.0357711,0.00475395,0.0153328,0.163021,0.0178108,0.53398,0.0259965,0.0192581,0.00121468,0.047025,0.00805696,0.0097715,0.0138655,0.061286400000000005,0.00415415,0.00331681
139,0.00511908,0.025351,0.0148988,0.013828299999999998,0.051104699999999996,0.016934,0.0123738,0.014432200000000001,0.00424162,0.10882,0.046207,0.00450233,0.008277,0.00517377,0.040799199999999994,0.116148,0.016966,0.0406908,0.39377,0.060362099999999995
140,0.00297884,0.00393689,0.0186873,0.013319399999999999,0.00633487,0.00195935,0.142985,0.0172554,0.00255409,0.390244,0.00504985,0.014833100000000002,0.00390435,0.066929,0.010948200000000002,0.0309205,0.0190971,0.0671203,0.00307541,0.177867
141,0.031798,0.267007,0.00151433,0.0129876,0.0123039,0.201573,0.00801432,0.00174139,0.00797189,0.00509184,0.0515328,0.15757100000000002,0.014913299999999997,0.0103504,0.00275264,0.153119,0.017012299999999998,0.00846014,0.00892812,0.0253571
142,0.031389099999999996,0.00396865,0.025783099999999996,0.00455601,0.00256312,0.0443285,0.18576900000000002,0.0301807,0.045519800000000006,0.00843616,0.00409282,0.288019,0.0498765,0.191467,0.014036700000000003,0.0153385,0.0258959,0.00544411,0.00472382,0.0186114
143,0.0553719,0.0906805,0.00445027,0.07732289999999999,0.05014280000000001,0.00207863,0.015503799999999998,0.017018000000000002,0.0111223,0.308321,0.0652401,0.00352021,0.00798156,0.0103828,0.0103391,0.0193431,0.04297,0.160806,0.0195113,0.0278935
144,0.0751964,0.0161589,0.0291606,0.00346068,0.0084545,0.09762749999999999,0.0368966,0.065103,0.014019,0.012142,0.09551989999999999,0.169721,0.00312971,0.204399,0.00955478,0.0144189,0.10813299999999999,0.00956221,0.00651206,0.0208291
145,0.0211843,0.08743189999999999,0.553763,0.0297611,0.0050501999999999995,0.031015300000000003,0.026197500000000002,0.00782238,0.00645816,0.0108856,0.0264928,0.030195599999999996,0.00366226,0.011208,0.00350407,0.036217,0.00966459,0.06068430000000001,0.010581700000000001,0.0282204
146,0.237261,0.033633699999999996,0.00718362,0.015685499999999998,0.0820053,0.0284035,0.00769578,0.0124831,0.00879239,0.00475486,0.027443400000000003,0.031509800000000004,0.00587341,0.0886477,0.00186089,0.15442899999999998,0.17310899999999999,0.0553104,0.015438499999999999,0.00847974
147,0.023767700000000003,0.0497828,0.0015283,0.00353888,0.0022358,0.00233582,0.00341053,0.18853,0.014913599999999999,0.0045918,0.011452200000000001,0.027333499999999997,0.00407854,0.301699,0.00147933,0.0176646,0.112028,0.197528,0.0202289,0.011873
148,0.00648696,0.049901,0.0227616,0.00839256,0.0316031,0.00901665,0.0315251,0.00775194,0.0058247,0.0103146,0.013218100000000002,0.035029000000000005,0.00323307,0.00888884,0.011689100000000001,0.00935487,0.010534299999999998,0.013558,0.025265700000000002,0.685651
149,0.0633908,0.0120567,0.0121693,0.0221128,0.0147291,0.010727,0.0653054,0.0319326,0.057964199999999994,0.0155501,0.039370999999999996,0.0454201,0.00718952,0.40639000000000003,0.055227099999999994,0.0400339,0.031764799999999996,0.040351599999999994,0.0101212,0.018193
150,0.00547363,0.00858141,0.00865805,0.0100166,0.00777756,0.0468899,0.0255325,0.0289245,0.0223234,0.0122239,0.0526043,0.0048747,0.00461226,0.0105135,0.588095,0.0410896,0.0246562,0.0142644,0.035648,0.0472409
151,0.0239493,0.012925899999999999,0.013199700000000002,0.016128899999999998,0.00878915,0.00671551,0.016891299999999998,0.018131099999999997,0.08876410000000001,0.0194205,0.22310500000000003,0.0197956,0.00753064,0.012760899999999999,0.0264077,0.016421500000000002,0.43546899999999994,0.0235695,0.00675991,0.00326423
152,0.0183136,0.00768376,0.00457339,0.00314835,0.00433605,0.022508,0.0139791,0.015419899999999999,0.163904,0.0274375,0.011309999999999999,0.0103974,0.011247499999999999,0.0594302,0.5812189999999999,0.0180458,0.00829316,0.00275975,0.0125836,0.00340967
153,0.436909,0.0397533,0.0172579,0.0036648,0.00734489,0.034504400000000005,0.014492500000000002,0.026887599999999998,0.0875745,0.0210703,0.0232705,0.00933143,0.0128175,0.008575900000000001,0.0476325,0.102014,0.055366,0.035007199999999995,0.005194,0.0113317
154,0.0104852,0.05291080000000001,0.00323093,0.00672178,0.0272505,0.00293788,0.0250528,0.105136,0.0026983000000000003,0.41064799999999996,0.0108005,0.0330374,0.020387799999999998,0.0226387,0.00887416,0.045519,0.00536621,0.021781799999999997,0.160496,0.024026699999999998
155,0.0238947,0.04143019999999999,0.0216697,0.00674139,0.017581599999999996,0.0063484,0.020869400000000003,0.43931000000000003,0.019723599999999997,0.016572200000000002,0.00351731,0.013358199999999999,0.00199439,0.00666404,0.00675377,0.00889421,0.0900344,0.223873,0.015356799999999999,0.015412899999999998
