site,A,C,D,E,F,G,H,I,K,L,M,N,P,Q,R,S,T,V,W,Y
1,0.0484723,0.0523688,0.0553639,0.050874800000000005,0.051553499999999995,0.0463752,0.050904000000000005,0.053115499999999996,0.0474278,0.0466201,0.08552960000000001,0.051547,0.0510819,0.051623,0.048650599999999995,0.0476815,0.0447811,0.0196965,0.045572800000000004,0.0507601
2,0.707561,0.00549048,0.00437475,0.0500932,0.00373577,0.030292799999999998,0.00288704,0.00342547,0.013131,0.00144655,0.037560500000000004,0.0057096000000000004,0.00846284,0.00312236,0.00122888,0.0232322,0.011856,0.0737078,0.0082434,0.004438
3,0.0811033,0.0183672,0.000685324,0.00136843,0.57506,0.06167430000000001,0.00694594,0.00225943,0.0138692,0.0628956,0.00213636,0.0224637,0.0238877,0.00614077,0.00172055,0.100689,0.00166506,0.00502988,0.00154592,0.010492
4,0.0121274,0.00898349,0.00120909,0.010933100000000001,0.0894184,0.00442808,0.0188731,0.0130469,0.0443907,0.048401,0.0461098,0.041555699999999994,0.0159266,0.0465339,0.00240971,0.510301,0.016937400000000002,0.0134349,0.037642400000000006,0.017337099999999998
5,0.030585400000000006,0.026829099999999998,0.0156439,0.00663974,0.029113299999999998,0.366365,0.0413718,0.00640761,0.019403999999999998,0.000755435,0.0123607,0.00725985,0.0317973,0.00343782,0.293612,0.07502389999999999,0.00754081,0.0170597,0.00208613,0.00670694
6,0.0363861,0.0373987,0.0036504,0.00428225,0.00375773,0.00160282,0.00316279,0.02292,0.00570377,0.00268494,0.014474100000000002,0.0338935,0.0106055,0.00988621,0.0105979,0.0234176,0.760203,0.00244229,0.00847774,0.00445268
7,0.00232995,0.00381641,0.00652558,0.0309853,0.011363,0.00195985,0.00448272,0.0194199,0.827652,0.00230528,0.00720103,0.028778500000000002,0.00175553,0.00933995,0.0200192,0.00249415,0.0065649,0.00366064,0.0066133,0.00273286
8,0.0067869,0.00619521,0.0046228,0.00932159,0.00461056,0.024881200000000003,0.00376991,0.00420368,0.0088083,0.0130476,0.00804314,0.00375392,0.027683,0.024374400000000004,0.817327,0.00380665,0.00238935,0.00444709,0.017688299999999997,0.00423919
9,0.010707799999999998,0.00373866,0.00131259,0.00040487300000000004,0.00318005,0.00685057,0.517546,0.016002100000000002,0.00148767,0.0922355,0.013520600000000002,0.00171746,0.0375282,0.201074,0.00026172799999999997,0.07271989999999999,0.00997033,0.0006255130000000001,0.000730784,0.00838541
10,0.102432,0.0207734,0.0109964,0.00137229,0.11116,0.0173594,0.219074,0.00747064,0.00581307,0.0580994,0.00442387,0.018665900000000003,0.0169385,0.017871,0.0027434,0.0586153,0.00545042,0.0237002,0.016047299999999997,0.280993
11,0.0103229,0.0101795,0.04202569999999999,0.437949,0.00418205,0.012877700000000002,0.015277500000000001,0.00121644,0.058636400000000005,0.00661313,0.0263608,0.00740681,0.00292771,0.0590645,0.00814592,0.011269,0.00485684,0.00957087,0.25545100000000004,0.015665799999999997
12,0.00854763,0.00289836,0.0266275,0.017347,0.0238197,0.0191643,0.143099,0.00499311,0.0249493,0.00838448,0.0986786,0.05476609999999999,0.0639691,0.296996,0.053542200000000005,0.0624335,0.06285589999999999,0.017805099999999997,0.00428669,0.00483719
13,0.00381395,0.00216889,0.00565409,0.00490753,0.00482898,0.00630987,0.00295111,0.029935800000000002,0.0332422,0.0130607,0.596004,0.00505739,0.00512065,0.175173,0.051486800000000006,0.00123963,0.0184641,0.0323378,0.00427486,0.00396894
14,0.0226851,0.00733698,0.0479173,0.687846,0.00387157,0.037817699999999996,0.00533,0.010494799999999999,0.0395034,0.017103900000000002,0.0212838,0.00756149,0.00165095,0.018693900000000003,0.00685706,0.032779199999999994,0.00311669,0.014288499999999999,0.007970699999999999,0.0058913
15,0.0114989,0.5710890000000001,0.00131894,0.00347639,0.00305505,0.0005679190000000001,0.0547409,0.015804,0.015647499999999998,0.0457536,0.0216492,0.046626999999999995,0.00294629,0.00210153,0.0010243000000000001,0.00767988,0.162327,0.028620099999999996,0.00188476,0.00218823
16,0.010557799999999999,0.0279816,0.405989,0.0235982,0.016777700000000003,0.019022999999999998,0.0157004,0.0127491,0.00284649,0.00173515,0.00656014,0.043669400000000004,0.000868252,0.134492,0.00104801,0.0048404,0.0055988,0.00772233,0.20491199999999998,0.0533304
17,0.0145892,0.0723013,0.00413436,0.0332225,0.00145987,0.411602,0.030432999999999998,0.0129756,0.00880531,0.0434853,0.00524058,0.0505124,0.056269000000000007,0.0150436,0.00988351,0.0161459,0.0506479,0.15894,0.00302478,0.00128393
18,0.155808,0.006056199999999999,0.15761,0.193893,0.00562004,0.00837704,0.00564095,0.0107661,0.014530700000000002,0.015931,0.014127100000000002,0.0317692,0.0209354,0.245836,0.000325592,0.061363,0.00751971,0.028202699999999997,0.00290546,0.0127823
19,0.00126784,0.0294901,0.00569676,0.00641443,0.0192059,0.0245958,0.0372228,0.0030816,0.0048867,0.0174914,0.00881222,0.0235571,0.024609799999999998,0.00929039,0.442874,0.146259,0.00389869,0.177472,0.0108126,0.00306074
20,0.01775,0.007645,0.00721875,0.0363736,0.00598514,0.015463,0.028397700000000005,0.00183061,0.03198,0.07483279999999999,0.00970869,0.00379161,0.119629,0.47814700000000004,0.0234934,0.00643873,0.0335496,0.0890596,0.00528942,0.00341585
21,0.00238536,0.00064469,0.00899065,0.000754343,0.00123395,0.00023963,0.00084115,0.00949188,0.00555489,0.0185138,0.00178406,0.04314369999999999,0.0013608,0.041345599999999996,0.000512021,0.626646,0.0203574,0.00156106,0.207027,0.0076122
22,0.228611,0.00434882,0.0495719,0.00937234,0.0192683,0.0241575,0.101913,0.0291176,0.0123015,0.00430553,0.05737180000000001,0.0221054,0.026599400000000002,0.013534799999999998,0.0229882,0.07423880000000001,0.0821017,0.15648499999999999,0.0434034,0.0182034
23,0.07287769999999999,0.00501438,0.0024666999999999996,0.00170676,0.201238,0.0160246,0.0195959,0.00838305,0.000978453,0.00667993,0.00628372,0.0248473,0.0470836,0.240494,0.0213169,0.152886,0.10243,0.0218735,0.00378639,0.044032999999999996
24,0.000633984,0.0129292,0.053214599999999994,0.0165293,0.013315299999999999,0.000996922,0.0009270460000000001,0.00286568,0.0021725,0.865135,0.00101169,0.0060409999999999995,0.0008277110000000001,0.00261013,0.00111451,0.00182735,0.00138376,0.00559834,0.00600209,0.00486421
25,0.00147806,0.0998102,0.00307902,0.00376324,0.0121086,0.00749246,0.00230409,0.36806,0.059597300000000006,0.0239689,0.036673500000000005,0.026779200000000003,0.00107128,0.00679931,0.0310877,0.011542700000000001,0.274152,0.0210758,0.00530401,0.00385257
26,0.00184453,0.00237622,0.00247152,0.00654519,0.00973309,0.00787442,0.00413467,0.0509208,0.598934,0.00473249,0.0269599,0.00304287,0.00118129,0.00234739,0.238494,0.018246099999999998,0.010148,0.00351895,0.0045795,0.00191471
27,0.149784,0.00193395,0.019306999999999998,0.0430167,0.0130483,0.00607082,0.016795599999999997,0.29548800000000003,0.113606,0.0311423,0.00322243,0.00723095,0.0195304,0.08516289999999999,0.006746500000000001,0.0343933,0.050548,0.023311900000000003,0.010080200000000001,0.0695811
28,0.00635193,0.199037,0.00112194,0.00309187,0.00511977,0.134627,0.00942994,0.0006790969999999999,0.00345427,0.125968,0.00630917,0.00221756,0.00933781,0.303002,0.0303947,0.0964685,0.00876778,0.000606456,0.00274469,0.05127040000000001
29,0.015679,0.327968,0.0184228,0.021309400000000003,0.0337788,0.0106988,0.00671102,0.101656,0.010232,0.00839377,0.024756900000000002,0.00586528,0.00360721,0.00861544,0.0046448,0.00339989,0.0109118,0.363772,0.010241799999999999,0.00933611
30,0.031832400000000004,0.00654241,0.035458800000000006,0.038713300000000006,0.0447525,0.51703,0.00836303,0.105796,0.031376,0.00402709,0.00993041,0.00535648,0.00330187,0.022752,0.019020699999999998,0.0462608,0.00366839,0.0404233,0.00772162,0.0176731
31,0.047236400000000005,0.00271514,0.0111699,0.0115839,0.00105066,0.00419207,0.28834499999999996,0.09173830000000001,0.0961347,0.0053756,0.18923099999999998,0.00966217,0.000563858,0.00317329,0.178425,0.0111926,0.0100515,0.023122200000000002,0.00778389,0.00725292
32,0.0192558,0.011638500000000001,0.00530453,0.00292425,0.167628,0.0118529,0.0281735,0.0336241,0.029036700000000002,0.0442259,0.46987299999999993,0.00765971,0.00221322,0.00690807,0.015261199999999999,0.0427807,0.025046799999999998,0.027968599999999996,0.00795581,0.0406689
33,0.08488530000000001,0.10228200000000001,0.00652985,0.00361097,0.03338630000000001,0.0199405,0.00245462,0.309492,0.00796645,0.017646799999999997,0.0906052,0.0161731,0.00594356,0.00872089,0.00216018,0.0214018,0.170995,0.0851252,0.00750104,0.00317817
34,0.029075,0.0523251,0.026889499999999997,0.0672772,0.00475295,0.196234,0.00997069,0.08286349999999999,0.00777149,0.10639100000000001,0.030974,0.06860989999999999,0.00209454,0.022525999999999997,0.023317400000000002,0.0219617,0.14806,0.0204273,0.05408480000000001,0.0243935
35,0.0157636,0.049542199999999995,0.015081,0.06780839999999999,0.0121579,0.41153500000000004,0.0127298,0.00996152,0.016419,0.00587654,0.0158155,0.00700461,0.004462399999999999,0.0932623,0.0282814,0.0163875,0.00511817,0.0470591,0.147621,0.0181129
36,0.00812948,0.03234190000000001,0.00731481,0.027052999999999997,0.038331300000000006,0.0142816,0.0118569,0.487584,0.0106575,0.08627939999999999,0.057210000000000004,0.0251886,0.016489900000000002,0.00804255,0.00407188,0.0224692,0.0379578,0.0433557,0.048670599999999994,0.012713799999999999
37,0.0343844,0.101926,0.0170048,0.0435209,0.0169044,0.372682,0.14316600000000002,0.00824652,0.010570200000000002,0.018350099999999998,0.027920499999999997,0.00890826,0.00628346,0.016580900000000003,0.056247000000000005,0.004273699999999999,0.00634781,0.0470721,0.0451231,0.0144882
38,0.00372339,0.00933923,0.022423,0.0430839,0.0232404,0.162556,0.22081599999999998,0.0178916,0.00470855,0.04719419999999999,0.016578299999999997,0.012656200000000001,0.00832325,0.026498900000000002,0.25372,0.0201971,0.0450249,0.00845238,0.042394,0.011179099999999999
39,0.0572715,0.15831099999999998,0.00952573,0.00337375,0.26421,0.00597051,0.0167298,0.0218497,0.0115789,0.0166398,0.00766709,0.00338113,0.0016820999999999997,0.00513143,0.0011942,0.010162799999999998,0.00327561,0.323777,0.052742899999999995,0.0255237
40,0.0704412,0.016447299999999998,0.0232567,0.00415301,0.0246556,0.00480907,0.35530500000000004,0.0143029,0.0031536,0.0119554,0.00675612,0.042222699999999995,0.018024099999999998,0.0535331,0.00358977,0.018060800000000002,0.00457686,0.00203021,0.00531339,0.317413
41,0.052251099999999995,0.00659322,0.00336519,0.00464231,0.0105914,0.027042200000000002,0.000555217,0.060553199999999995,0.0006890589999999999,0.630691,0.038100800000000004,0.0405478,0.00241752,0.013766899999999999,0.035008199999999996,0.00942398,0.0377144,0.008684899999999999,0.014620699999999999,0.00274121
42,0.01114,0.00793416,0.05250080000000001,0.0221622,0.0112299,0.0282937,0.0246624,0.022672099999999997,0.047401,0.010090799999999999,0.057004599999999996,0.011159100000000002,0.014292500000000001,0.580088,0.0172612,0.00414631,0.0326029,0.0179635,0.0185352,0.00885961
43,0.0132757,0.012700399999999999,0.00772089,0.00937123,0.09525039999999999,0.00416451,0.00673339,0.028085200000000005,0.07295499999999999,0.0322219,0.567213,0.011045000000000001,0.00932381,0.00902155,0.0140271,0.00896488,0.038992,0.0298603,0.00903368,0.0200397
44,0.0204958,0.11603800000000002,0.00233485,0.00202094,0.052218499999999994,0.0495926,0.021641499999999998,0.178397,0.00927738,0.0833383,0.00343622,0.00255917,0.00236668,0.00226011,0.020346700000000002,0.350546,0.0010263,0.00472366,0.040396100000000004,0.036983999999999996
45,0.0289517,0.0115675,0.0182141,0.122385,0.0150023,0.00422636,0.010311399999999998,0.0246268,0.0108211,0.00802549,0.016199500000000002,0.0438202,0.0131216,0.009667,0.004271100000000001,0.025070500000000003,0.51804,0.0516831,0.019738400000000003,0.044256699999999996
46,0.00940579,0.012172399999999998,0.0483118,0.646576,0.00595903,0.0278822,0.0227665,0.00451537,0.0347644,0.0063851,0.016046,0.00660757,0.00432099,0.0746299,0.0257113,0.00281723,0.00468865,0.025759300000000002,0.0110774,0.00960299
47,0.0355995,0.07954539999999999,0.00317805,0.00166951,0.00639315,0.0097032,0.00916325,0.394619,0.00493568,0.118557,0.283773,0.0116501,0.00420015,0.00227678,0.00223362,0.00163115,0.00998528,0.0129335,0.0055623999999999995,0.00239036
48,0.062174,0.00710541,0.00301929,0.0159965,0.00457131,0.101141,0.00209488,0.00935807,0.213285,0.0182728,0.0137259,0.018821099999999997,0.0118648,0.0434649,0.0934512,0.154082,0.211502,0.00733123,0.00648955,0.00224867
49,0.00709287,0.0729017,0.00465421,0.0211196,0.054909400000000004,0.00222875,0.018761,0.0351954,0.00472066,0.58721,0.060047199999999995,0.00373865,0.0151442,0.00285146,0.0114914,0.00195649,0.00448482,0.0425716,0.0432239,0.00569645
50,0.0178008,0.012637,0.189707,0.0789655,0.0138321,0.00774159,0.00282355,0.19876300000000002,0.00254396,0.029804900000000002,0.0944281,0.016314,0.0029901,0.0905627,0.0183775,0.171743,0.0318598,0.00800137,0.00178123,0.00932212
51,0.00495722,0.0351333,0.170949,0.0504185,0.00322187,0.00959825,0.00710623,0.244358,0.0107077,0.134802,0.00862841,0.07854370000000001,0.00880381,0.07418179999999999,0.00696685,0.0280129,0.0251487,0.044518199999999994,0.00302877,0.050915499999999995
52,0.322707,0.0506907,0.00831395,0.00187487,0.0791565,0.0218451,0.011494299999999999,0.0201134,0.00777818,0.011571600000000001,0.08603989999999999,0.0352966,0.0107229,0.0107931,0.0165588,0.043895800000000006,0.00677043,0.053351699999999995,0.044563599999999995,0.156462
53,0.0224762,0.0082557,0.0414029,0.687412,0.015475299999999999,0.0214212,0.00885187,0.00414114,0.048183,0.00306429,0.0297892,0.013375999999999999,0.00397126,0.0373389,0.00349517,0.0058177,0.00657208,0.019285,0.010722,0.00894891
54,0.00608581,0.0462184,0.00684492,0.06316619999999999,0.019205,0.168174,0.0103113,0.00113663,0.039922000000000006,0.00786405,0.026768200000000002,0.0100566,0.12216300000000001,0.0187325,0.00760045,0.385089,0.00145072,0.0168386,0.0400612,0.0023117
55,0.012056299999999999,0.0114574,0.0682065,0.0338861,0.00455272,0.025087900000000003,0.0216225,0.053557400000000005,0.079148,0.0176071,0.046908099999999994,0.0209579,0.0105026,0.022206299999999998,0.412576,0.016302,0.0588711,0.0468412,0.0181926,0.0194601
56,0.00268066,0.026326,0.012872399999999999,0.019926,0.0441869,0.00243463,0.00616273,0.00789267,0.00609846,0.620942,0.0400565,0.0330289,0.0074226,0.0061125,0.00501581,0.074478,0.00278862,0.0195201,0.0573807,0.00467368
57,0.00259837,0.00953983,0.00757211,0.0047964,0.0251608,0.00202261,0.0040083,0.279335,0.00917289,0.20760599999999998,0.024315,0.012978,0.001077,0.0127411,0.00229306,0.00467195,0.026473000000000003,0.35125700000000004,0.00961595,0.00276581
58,0.00400172,0.00298118,0.0101698,0.0155054,0.00952005,0.00199079,0.0152422,0.00593679,0.036873500000000003,0.00837331,0.0102309,0.395029,0.00824332,0.42491899999999994,0.0181269,0.00257522,0.00364788,0.00354049,0.0198611,0.00323144
59,0.00499738,0.00433268,0.0775498,0.00523821,0.00334403,0.00317208,0.0201385,0.026757999999999997,0.0350351,0.00610372,0.014594799999999998,0.713335,0.00802837,0.0071641000000000005,0.00239817,0.0141024,0.0150834,0.00850664,0.0136289,0.016489
60,0.011484399999999999,0.257333,0.0154638,0.00983412,0.00854133,0.0833437,0.004878100000000001,0.051123,0.0100377,0.00348456,0.00571086,0.045611599999999995,0.0018930999999999998,0.00451761,0.029848200000000002,0.336447,0.0570613,0.00271263,0.056460699999999996,0.00421294
61,0.0170192,0.00398096,0.00344463,0.00767846,0.0185947,0.0102852,0.00541125,0.414328,0.00494847,0.16833299999999998,0.00872574,0.00219733,0.00180846,0.00258771,0.00643898,0.0485618,0.261484,0.00566466,0.00473175,0.0037755
62,0.0477278,0.0171917,0.0184407,0.00623241,0.00456367,0.195719,0.00288351,0.0188589,0.035552099999999996,0.0846854,0.00936788,0.08577,0.00360785,0.00856127,0.026617400000000003,0.016331000000000002,0.380592,0.0228641,0.00926939,0.00516368
63,0.00676192,0.12604500000000002,0.00606274,0.00508343,0.00570204,0.0106205,0.00609799,0.554416,0.0366996,0.11021199999999999,0.0284079,0.0150583,0.00631666,0.00611658,0.00553334,0.0021075,0.0237949,0.0290767,0.01138,0.00450606
64,0.018221,0.007028,0.052789699999999995,0.487476,0.00722081,0.0163054,0.215533,0.0165129,0.0234096,0.0139485,0.0203287,0.0204175,0.004502,0.026997700000000003,0.0225733,0.00148853,0.00189556,0.015080200000000002,0.011952500000000001,0.016319399999999998
65,0.00663019,0.00734673,0.00542618,0.00321721,0.027192599999999997,0.109181,0.00774185,0.0254711,0.0346436,0.00125328,0.0521068,0.252485,0.00157312,0.00383819,0.405368,0.0178799,0.0119287,0.00699094,0.00978243,0.00994267
66,0.020727900000000004,0.00569783,0.0137951,0.00635757,0.00809089,0.00556453,0.00613158,0.04904240000000001,0.0305719,0.0354493,0.317067,0.0328224,0.00769238,0.041170099999999994,0.00738727,0.00881778,0.023813,0.365829,0.00763354,0.00633851
67,0.055125400000000005,0.00849995,0.0109044,0.049326,0.026902600000000002,0.0176429,0.0329347,0.0702968,0.0139262,0.0257098,0.0489895,0.0395652,0.0118999,0.0291705,0.00712029,0.129179,0.0227722,0.32809699999999997,0.011831200000000002,0.06010650000000001
68,0.00324648,0.100457,0.00128377,0.00296812,0.0013908,0.053761699999999996,0.00794455,0.7375550000000001,0.000307457,0.0239737,0.0018072,0.00212493,0.0022558000000000005,0.044210400000000004,0.000428105,0.000654782,0.000415871,0.00437891,0.00927856,0.00155719
69,0.0055826,0.028327699999999997,0.029494299999999998,0.00546874,0.030820099999999996,0.0119371,0.013039199999999999,0.00684274,0.0062001999999999995,0.059195199999999996,0.0156452,0.00409206,0.016940599999999997,0.0101223,0.013951400000000001,0.48911400000000005,0.0127581,0.00890298,0.00725248,0.224313
70,0.333059,0.2941,0.04908819999999999,0.0384658,0.0110339,0.0485535,0.00527029,0.00491356,0.00707763,0.00309016,0.0134878,0.00556539,0.0191138,0.00657035,0.00324937,0.0509011,0.0620587,0.0266197,0.00891359,0.00886876
71,0.00702078,0.014928299999999999,0.0130403,0.041973,0.415728,0.00242697,0.0220128,0.012971799999999999,0.00505673,0.037198400000000006,0.017679,0.023585299999999997,0.00392346,0.0954612,0.00171587,0.13233,0.028097399999999998,0.041933099999999994,0.0106087,0.0723091
72,0.158433,0.0222085,0.41231999999999996,0.0430821,0.00789227,0.05933769999999999,0.0281151,0.00563181,0.010277799999999998,0.00294421,0.0217226,0.043721499999999996,0.00616675,0.0041978,0.00647421,0.0033177,0.0066643,0.09879919999999999,0.0137988,0.0448952
73,0.129444,0.00590221,0.0133144,0.203204,0.0145138,0.022639199999999998,0.0783435,0.00812005,0.05085630000000001,0.00331258,0.28778200000000004,0.0313513,0.0016898,0.0209481,0.00279255,0.0795805,0.00171953,0.032746,0.00588541,0.00585424
74,0.0754289,0.00477547,0.00785284,0.00650888,0.0186194,0.0116429,0.00393223,0.00279534,0.065312,0.0124176,0.0536571,0.0223743,0.00623463,0.0465008,0.156891,0.056505099999999996,0.0236044,0.00196567,0.0452733,0.377709
75,0.00677809,0.00662136,0.024528499999999998,0.010568600000000001,0.029235200000000003,0.0281769,0.0145065,0.0499011,0.0390901,0.00545406,0.0194548,0.0177682,0.00300192,0.053297500000000005,0.559897,0.0238162,0.0465149,0.016721,0.0350654,0.00960294
76,0.08071519999999999,0.00736561,0.0451244,0.00572036,0.00594764,0.00242161,0.22433899999999998,0.0294483,0.0437026,0.043845499999999996,0.013302000000000001,0.317521,0.00269131,0.00984438,0.00785312,0.037385,0.0701137,0.0164543,0.00624303,0.0299613
77,0.42692700000000006,0.00240248,0.00498044,0.0115258,0.0024396,0.00321856,0.0360359,0.0242897,0.138205,0.0836241,0.0106316,0.045009,0.00274829,0.0388464,0.00935341,0.0158161,0.07878160000000001,0.036073,0.0195512,0.00954106
78,0.0203954,0.0254453,0.0366341,0.00829695,0.048608099999999994,0.015638,0.0338761,0.010123700000000001,0.00786505,0.00573286,0.00929549,0.029368900000000003,0.00351946,0.015927700000000003,0.010952799999999999,0.015350200000000001,0.011101,0.00957064,0.014900100000000001,0.6673979999999999
79,0.0099944,0.0402375,0.00590528,0.00646957,0.0280558,0.0109415,0.0362374,0.039113199999999994,0.00576525,0.601119,0.0145434,0.0391976,0.0280188,0.00614624,0.00736065,0.0384233,0.00802834,0.021401,0.047524699999999996,0.00551652
80,0.07799489999999999,0.023206400000000002,0.00194322,0.07489989999999999,0.00894944,0.0559722,0.000430702,0.00259974,0.0342333,0.0653627,0.00881331,0.00762545,0.000850378,0.00310906,0.0241308,0.5550579999999999,0.0415041,0.00447245,0.00563451,0.0032090000000000005
81,0.00126388,0.00101268,0.157121,0.0595998,0.0005903330000000001,0.00423014,0.0855081,0.00533373,0.00322299,0.031086900000000004,0.00266144,0.00138238,0.00173574,0.010790899999999999,0.0008435739999999999,0.0271092,0.00421203,0.00685245,0.000901812,0.594541
82,0.0446344,0.146723,0.0152654,0.00403844,0.0643323,0.010772,0.27191,0.0053177,0.00827052,0.0225995,0.00625703,0.0425649,0.00672886,0.0859722,0.0400626,0.053982,0.101475,0.00313572,0.00657402,0.0593832
83,0.00818608,0.00780638,0.00332095,0.0178485,0.00531697,0.011304,0.0417092,0.0343983,0.164942,0.00564185,0.00943935,0.00275059,0.197103,0.014827200000000002,0.0484216,0.170347,0.0114402,0.113883,0.125754,0.0055588
84,0.268759,0.0398616,0.00744204,0.0157552,0.00567978,0.0906595,0.00802279,0.00937335,0.00199362,0.0152636,0.0159693,0.0435045,0.00574222,0.22539299999999998,0.00923044,0.185474,0.022742099999999998,0.018774400000000004,0.00243895,0.00792023
85,0.10562200000000001,0.0292942,0.00130593,0.08531960000000001,0.00161385,0.33215300000000003,0.00118289,0.00235708,0.00151326,0.00151584,0.00504283,0.0058283,0.0709676,0.0889528,0.00080386,0.13345,0.013451499999999998,0.0036634999999999997,0.00436855,0.11159300000000001
86,0.0382205,0.015416,0.102121,0.00774847,0.0170738,0.156222,0.184606,0.00309733,0.019071900000000003,0.00621999,0.00406371,0.00829744,0.012113299999999999,0.215944,0.00531981,0.00145126,0.019266299999999997,0.0334375,0.042479199999999995,0.10783
87,0.00342629,0.00686827,0.0091629,0.0417696,0.00690905,0.00628548,0.032200099999999995,0.0346379,0.637004,0.00728581,0.04353080000000001,0.025864099999999998,0.00296929,0.0226708,0.05229690000000001,0.016259,0.011401600000000001,0.0114711,0.00983246,0.0181548
88,0.00682403,0.0724707,0.599862,0.0486164,0.00795284,0.0173905,0.037047000000000004,0.0027868000000000003,0.00940457,0.0231813,0.027962900000000002,0.0342903,0.00326234,0.029502299999999995,0.00324229,0.0106363,0.00494183,0.0121641,0.00899855,0.03946330000000001
89,0.273658,0.0102442,0.014411799999999999,0.00523788,0.00942274,0.112372,0.019727900000000003,0.0167375,0.00629621,0.00895697,0.00654568,0.00535424,0.31824600000000003,0.028236900000000002,0.027401599999999995,0.0116963,0.0127714,0.010224299999999999,0.0901076,0.012350700000000001
90,0.00553414,0.00384821,0.0060753,0.07498189999999999,0.00131166,0.00146179,0.00790091,0.0150041,0.045295,0.00701208,0.00885182,0.133273,0.000225565,0.011423899999999999,0.015597299999999998,0.0156494,0.56397,0.06491430000000001,0.00525317,0.0124158
91,0.0118867,0.00623683,0.00816974,0.0295663,0.00379419,0.0057676,0.00288453,0.026518200000000002,0.617885,0.0063955,0.00632489,0.041788599999999995,0.00207117,0.0137284,0.176349,0.0162471,0.00405472,0.00272984,0.012867600000000002,0.004734
92,0.0461496,0.035907999999999995,0.012858600000000001,0.011946799999999999,0.0111168,0.00530385,0.00813715,0.0255127,0.00641733,0.010574799999999999,0.0222018,0.07958689999999999,0.016236700000000003,0.018165900000000002,0.00276657,0.045065,0.608178,0.00500888,0.0190139,0.00985068
93,0.021976,0.0255427,0.00674118,0.0377714,0.015978299999999997,0.709253,0.020677,0.00714377,0.00945501,0.00427748,0.02424,0.01277,0.006683199999999999,0.0120685,0.028598000000000002,0.00316568,0.00486975,0.029856599999999997,0.012734,0.00619806
94,0.0187451,0.009103,0.011232899999999999,0.0553253,0.00902142,0.5763159999999999,0.11436900000000001,0.00732772,0.0106149,0.00384691,0.0174007,0.00874656,0.00451301,0.00913332,0.06841030000000001,0.00373608,0.00500154,0.0396468,0.017480700000000002,0.010029099999999999
95,0.00290088,8.720959999999999e-05,8.219729999999999e-05,0.00031291,0.000312269,3.02871e-05,0.0497935,0.000235038,0.00151567,0.000748605,0.9107930000000001,0.00019765,0.00260043,0.0009191360000000001,0.000103685,0.02692,0.0004912159999999999,0.00166762,0.000203794,8.487200000000001e-05
96,0.0171321,0.179848,0.0057537,0.00330563,0.05556619999999999,0.00209373,0.00379233,0.320794,0.0209172,0.187359,0.05284880000000001,0.00281928,0.00316926,0.00250643,0.00303167,0.00281399,0.0128279,0.07596019999999999,0.00979859,0.0376628
97,0.012857599999999999,0.0362452,0.0169231,0.0754568,0.062639,0.00339167,0.0511851,0.0796998,0.00631473,0.00519175,0.0108973,0.0410285,0.00252228,0.00641761,0.00329328,0.012710700000000002,0.00515064,0.00764471,0.025509900000000002,0.53492
98,0.00414191,0.0062219,0.00772952,0.0107158,0.0238826,0.0232753,0.00903778,0.0103985,0.0375464,0.012337799999999998,0.0482357,0.00973545,0.00210371,0.030875599999999996,0.541467,0.045750900000000004,0.060688,0.029684500000000003,0.0725438,0.013627700000000001
99,0.029174000000000002,0.025650299999999997,0.013558500000000001,0.00947806,0.0641236,0.0297486,0.00944905,0.0509815,0.0465147,0.0131583,0.022559,0.012875,0.0205129,0.032221299999999994,0.516787,0.0140453,0.0222126,0.0171696,0.00940278,0.0403779
100,0.0122793,0.00298032,0.00291436,0.0527153,0.00257219,0.00319571,0.00221668,0.00671999,0.0103596,0.034538,0.00999544,0.111168,0.26461999999999997,0.00627738,0.047030300000000004,0.00221587,0.16181600000000002,0.0958834,0.015922,0.15458
101,0.00216998,0.00275852,0.12440799999999999,0.00701055,0.00458026,0.0558944,0.0119093,0.0205418,0.0352011,0.0210856,0.00542588,0.10834400000000001,0.0257056,0.27632199999999996,0.00170243,0.06990930000000001,0.039123000000000005,0.0057532,0.00693871,0.175217
102,0.011996,0.00177831,0.0248491,0.054391999999999996,0.15956900000000002,0.0895183,0.185823,0.0666678,0.0263612,0.0379837,0.0073005,0.00248411,0.000945706,0.00216651,0.0103546,0.256716,0.000633183,0.0501454,0.00402512,0.00629037
103,0.17593399999999998,0.0231643,0.013344799999999999,0.0448345,0.00508317,0.0327709,0.046823699999999996,0.00711546,0.211657,0.051901800000000005,0.05707080000000001,0.08350489999999999,0.0106144,0.0102759,0.092423,0.012259200000000001,0.058792899999999995,0.0159139,0.0330209,0.0134941
104,0.0047472,0.0469113,0.0110791,0.00997888,0.029748300000000002,0.015525,0.051066,0.0103399,0.00548956,0.025515400000000004,0.059539999999999996,0.00732016,0.0059369,0.00606184,0.0395346,0.026925499999999998,0.00369788,0.00560124,0.5615829999999999,0.07339839999999999
105,0.00167843,0.00976781,0.00299379,0.00288465,0.00165677,0.253395,0.0031541,0.45002,0.0338286,0.00526502,0.055300300000000004,0.0006848339999999999,0.000474255,0.0697311,0.010181399999999998,0.000916241,0.00407804,0.033493699999999994,0.00353426,0.0569615
106,0.00677883,0.178593,0.015694,0.00906811,0.0508236,0.0202518,0.00572778,0.0486879,0.056020900000000005,0.0163733,0.0224353,0.0079643,0.0018092,0.018871000000000002,0.43495900000000004,0.0426846,0.0280824,0.0108337,0.0130391,0.011302
107,0.032367900000000005,0.0248703,0.048546,0.379006,0.0247804,0.027877999999999997,0.0226657,0.0377113,0.029557599999999996,0.0119738,0.020891099999999996,0.0174928,0.017232900000000002,0.0522846,0.0119991,0.0842854,0.06649769999999999,0.0358478,0.036139599999999994,0.0179715
108,0.033342800000000006,0.0173887,0.020575799999999998,0.027980099999999997,0.07176089999999999,0.0190548,0.032574,0.056651099999999996,0.0180431,0.426858,0.0349598,0.0168791,0.0281327,0.0150266,0.0552952,0.00971898,0.044971,0.0317832,0.0140673,0.0249368
109,0.000662875,0.00212531,0.0142808,0.00386378,0.0384107,0.000582501,0.00209433,0.0422553,0.00182774,0.0113867,0.0476297,0.451895,0.000724351,0.00262106,0.0007779210000000001,0.15536,0.0207893,0.196713,0.00446291,0.00153681
110,0.00876519,0.021844,0.015879900000000002,0.0162736,0.0485103,0.00471028,0.0452561,0.0495394,0.0342135,0.210587,0.0199947,0.015089600000000002,0.05679730000000001,0.026091700000000002,0.026992900000000004,0.00794343,0.00474912,0.34042100000000003,0.027499000000000003,0.0188415
111,0.00467309,0.05380890000000001,0.0469535,0.0202524,0.043410199999999996,0.00652749,0.036062800000000006,0.0140271,0.010239100000000001,0.271889,0.0419405,0.050117400000000006,0.00338963,0.0332959,0.031910900000000006,0.00635322,0.00408024,0.00572469,0.0250651,0.290279
112,0.06073730000000001,0.0248149,0.439122,0.05792080000000001,0.0230618,0.021444400000000002,0.0390275,0.00528152,0.00881289,0.00889332,0.0176013,0.038167400000000004,0.00830067,0.0099238,0.0032079,0.00253965,0.08101280000000001,0.0355093,0.07498239999999999,0.039638099999999996
113,0.018600400000000003,0.056578199999999995,0.0122803,0.0435774,0.0112215,0.00488857,0.0156711,0.0363792,0.59334,0.00371191,0.0243921,0.0513919,0.00397539,0.0311018,0.032243,0.00964859,0.0114691,0.00838128,0.0229352,0.00821327
114,0.00412264,0.013302700000000002,0.0445599,0.220538,0.118699,0.0291082,0.00523886,0.00595446,0.023318400000000003,0.00900148,0.0120773,0.0650563,0.146958,0.026206200000000002,0.00586955,0.0028726,0.00371016,0.0150801,0.00718084,0.241144
115,0.00501916,0.00412713,0.32969,0.28541,0.0054568,0.022914700000000003,0.00401215,0.00334871,0.0151405,0.0062124,0.0192278,0.00491377,0.00172194,0.0408463,0.00544113,0.00154526,0.00200099,0.0124397,0.194614,0.0359173
116,0.00322909,0.00631451,0.023905799999999998,0.0110982,0.0050247,0.00342787,0.00447874,0.5717949999999999,0.0344834,0.19553900000000002,0.0303212,0.00518782,0.010898399999999999,0.00426708,0.00356232,0.00688458,0.0204308,0.029786400000000005,0.0219945,0.00737006
117,0.0139466,0.223921,0.0577625,0.00347128,0.00154782,0.022106099999999997,0.0091197,0.0022447,0.014719799999999998,0.0164002,0.0470468,0.0105986,0.00215789,0.150646,0.10070599999999999,0.0377699,0.0981864,0.0191254,0.030021199999999998,0.138503
118,0.0027768000000000003,0.0017120999999999998,0.00159239,0.00407261,0.00187934,0.00284799,0.0628143,0.000772005,0.45351800000000003,0.00874057,0.00367829,0.00105816,0.010573899999999999,0.00520174,0.049695800000000005,0.013677000000000002,0.0019971,0.334527,0.0046178999999999994,0.0342476
119,0.0036586999999999995,0.0107095,0.00687473,0.00601739,0.0390013,0.00225043,0.00652243,0.2901,0.00883308,0.08283099999999999,0.036043,0.0304928,0.00269473,0.00611847,0.00523791,0.0422025,0.311713,0.0231394,0.07937380000000001,0.00618611
120,0.00593766,0.0527438,0.0108929,0.0093954,0.022297400000000002,0.014062200000000002,0.0114447,0.00794494,0.014953799999999998,0.035396300000000006,0.0154476,0.0186572,0.00858235,0.022264199999999998,0.0303318,0.0170378,0.00412904,0.00847932,0.6804720000000001,0.00952952
121,0.00828054,0.0192622,0.00539782,0.00865512,0.0122699,0.0160971,0.016799400000000003,0.0175788,0.371103,0.09063489999999999,0.0760308,0.00679635,0.00499267,0.00549235,0.258905,0.035436800000000004,0.036371499999999994,0.00304134,0.00355209,0.00330234
122,0.00519244,0.148808,0.0034165,0.00626358,0.023887900000000004,0.00576074,0.06932739999999998,0.15937,0.0702289,0.09058530000000001,0.138146,0.0057166000000000005,0.000793109,0.07895880000000001,0.0897147,0.014394,0.00280785,0.075535,0.00294573,0.00814804
123,0.41921800000000004,0.027275999999999998,0.052488400000000004,0.0024748,0.0268427,0.0629237,0.05877140000000001,0.00520571,0.0060661000000000005,0.00913079,0.0130797,0.103118,0.0180995,0.00659842,0.00333463,0.06764289999999999,0.0524703,0.057563699999999995,0.00345412,0.00424126
124,0.0749272,0.0502444,0.0406785,0.00284661,0.0476624,0.0130696,0.03774469999999999,0.033826999999999996,0.026019,0.020494599999999998,0.140666,0.41625100000000004,0.00135602,0.0105439,0.00338137,0.027686900000000004,0.0265151,0.00576111,0.0110148,0.00931047
125,0.00485876,0.00699514,0.0540291,0.00782861,0.00198322,0.0317248,0.00473764,0.00905885,0.00531752,0.0224683,0.056126,0.0903448,0.00427769,0.0179197,0.0132363,0.056254399999999996,0.00224398,0.582987,0.00206447,0.025544099999999997
126,0.357458,0.013032,0.0115613,0.0023312,0.000961508,0.143111,0.063229,0.00840985,0.029847500000000003,0.03715,0.00527989,0.0497914,0.00487425,0.058126800000000006,0.028114499999999997,0.0445619,0.061404999999999994,0.03005,0.047536400000000006,0.00316827
127,0.00757031,0.0007741439999999999,0.059445000000000005,0.0115806,0.0234813,0.026100599999999998,0.119368,0.006972,0.0271748,0.106031,0.200078,0.00469708,0.00369134,0.0854633,0.014072299999999998,0.0553217,0.0525004,0.0632965,0.106208,0.026173900000000003
128,0.00409881,0.0006374530000000001,0.0732342,0.026033299999999995,0.00308071,0.00762349,0.00349527,0.0332563,0.00274691,0.014373400000000001,0.00367142,0.0243758,0.0033353000000000002,0.0772258,0.011222399999999999,0.00342849,0.159248,0.440645,0.00123147,0.107037
129,0.11939200000000001,0.222304,0.011274,0.0432467,0.00848194,0.0161679,0.0252101,0.012574,0.0103088,0.08444489999999999,0.00352719,0.0971927,0.0130268,0.00210991,0.00711607,0.07976169999999999,0.0778226,0.0906632,0.00318946,0.07218560000000002
130,0.0119667,0.00744483,0.00340276,0.00171918,0.00422933,0.007719499999999999,0.0283193,0.102153,0.105129,0.0287067,0.0288809,0.033935900000000005,0.112427,0.00556007,0.16708399999999998,0.0917752,0.20866500000000002,0.0275515,0.017339700000000003,0.00599067
131,0.281522,0.00188206,0.0516207,0.0036777,0.0248137,0.0648411,0.04707480000000001,0.00663824,0.00708274,0.00403513,0.07757739999999999,0.00680277,0.0752403,0.0337006,0.00127239,0.08872510000000002,0.0172158,0.113353,0.00755547,0.0853695
132,0.104505,0.0469555,0.0348946,0.00453345,0.015038299999999998,0.521176,0.0036805999999999996,0.0173612,0.00554551,0.0325178,0.0101975,0.00403191,0.0279471,0.00450221,0.0105155,0.0460549,0.023259400000000003,0.046908899999999996,0.0158863,0.024487799999999997
133,0.00176368,0.00752252,0.00348182,0.00405466,0.026214099999999997,0.00257774,0.012356299999999999,0.013202600000000002,0.12804400000000002,0.371298,0.199458,0.00442556,0.017397700000000002,0.11006400000000001,0.0423185,0.00303751,0.00843109,0.024316900000000002,0.00462672,0.0154091
134,0.0742369,0.26018,0.00427679,0.0354913,0.00110162,0.000369785,0.0007428830000000001,0.00830788,0.00167855,0.034229,0.00441114,0.00523641,0.003854,0.0007406930000000001,0.00202099,0.404034,0.0955862,0.060136699999999994,0.00158767,0.00177728
135,0.20697600000000002,0.00915251,0.021195099999999998,0.00210553,0.00207599,0.00146509,0.31707199999999996,0.0306247,0.00637563,0.0161868,0.00440199,0.0506129,0.00268998,0.135074,0.011784000000000001,0.012417000000000001,0.11831199999999999,0.026427099999999995,0.00557419,0.0194774
136,0.00425918,0.237488,0.00127605,0.0299682,0.22221,0.00172799,0.00161659,0.0838318,0.00812313,0.09330210000000001,0.218669,0.00315562,0.00117112,0.00326752,0.002888,0.00330119,0.0079883,0.0222015,0.032524700000000004,0.021028900000000003
137,0.00540808,0.015708100000000003,0.00491346,0.00911178,0.015341899999999999,0.018273400000000002,0.165507,0.148365,0.0298257,0.0415623,0.443115,0.00739778,0.00826663,0.00477212,0.0139995,0.00683495,0.0315819,0.0206311,0.00638481,0.00299968
138,0.00835587,0.0753793,0.018175200000000002,0.0106994,0.036002099999999995,0.00497819,0.00601206,0.546654,0.00767583,0.0772206,0.0440681,0.022834,0.00365413,0.0079699,0.0176191,0.007109100000000001,0.0273182,0.053357299999999996,0.0193872,0.00553085
139,0.00817741,0.0478715,0.012969299999999998,0.00688073,0.0484002,0.0294397,0.0189136,0.00809617,0.032556,0.0384022,0.0140916,0.00811851,0.0108154,0.00949132,0.0189673,0.0159947,0.0110139,0.00758573,0.578271,0.07394400000000001
140,0.015857399999999997,0.00147065,0.0158389,0.0404103,0.00604612,0.033451,0.11536500000000001,0.0350209,0.00638932,0.06347180000000001,0.028097300000000002,0.047352899999999996,0.0023663,0.0462164,0.010809299999999999,0.00268704,0.00298903,0.453485,0.00456107,0.0681142
141,0.029367700000000004,0.106012,0.0157635,0.0274052,0.0524727,0.07295700000000001,0.00947108,0.00679935,0.00435802,0.00876491,0.00936871,0.0375772,0.0318555,0.00846485,0.0141903,0.355517,0.051252400000000004,0.104029,0.00897455,0.045399
142,0.0073907,0.0521366,0.043655900000000004,0.00502028,0.00324437,0.329304,0.0127179,0.0107875,0.032885000000000005,0.00265861,0.00671599,0.31203800000000004,0.00184292,0.0092824,0.00201277,0.133106,0.00926194,0.00590952,0.00741685,0.0126136
143,0.0056777,0.022116099999999996,0.00924616,0.00538066,0.0557822,0.00506011,0.0133914,0.0155213,0.00535976,0.44743599999999994,0.0492096,0.00670812,0.00717074,0.0124964,0.00525406,0.0161956,0.274803,0.0110318,0.0198601,0.0122989
144,0.169026,0.25296,0.0106637,0.006502,0.040637,0.00243313,0.0070976,0.022872,0.0182023,0.09564500000000001,0.07365189999999999,0.20644899999999997,0.00188102,0.00308815,0.00133913,0.0333749,0.013484200000000002,0.0186958,0.012221899999999999,0.00977565
145,0.028381200000000002,0.00534718,0.648777,0.027486299999999998,0.00807994,0.0283884,0.054794100000000005,0.0126185,0.0144393,0.0054326999999999995,0.015754499999999998,0.0382849,0.00326246,0.0091277,0.00243094,0.00816498,0.00534246,0.0225657,0.00920433,0.0521173
146,0.378929,0.00908847,0.00832989,0.0415269,0.0125762,0.0560633,0.00953002,0.00596165,0.0203123,0.00531293,0.021388900000000002,0.00520467,0.0407547,0.100672,0.00239732,0.07428939999999999,0.0409964,0.121209,0.037983300000000005,0.00747371
147,0.0515283,0.010073200000000001,0.00535691,0.00805877,0.0101344,0.00323351,0.0629668,0.0363782,0.00525173,0.0340397,0.0122862,0.0367945,0.00882394,0.00666037,0.0194455,0.034411199999999996,0.484705,0.11438499999999999,0.013155799999999999,0.0423108
148,0.00498402,0.0476173,0.0175528,0.00923522,0.0501608,0.004970399999999999,0.0251156,0.00581426,0.00738205,0.00566767,0.0122295,0.033981800000000006,0.00237716,0.0104136,0.00340117,0.00708215,0.00317914,0.0148471,0.0293373,0.704651
149,0.06331519999999999,0.0265237,0.00824143,0.0475814,0.00752055,0.00220997,0.050309,0.0409156,0.059043399999999996,0.0209405,0.0113054,0.00750499,0.0112182,0.536335,0.06847189999999999,0.00359811,0.0112595,0.00524723,0.011196700000000002,0.00726194
150,0.00294633,0.0106895,0.00720415,0.00726258,0.007077600000000001,0.0182037,0.0144366,0.032789099999999995,0.0465153,0.0023604,0.048003,0.010420700000000001,0.025438099999999998,0.00643934,0.5091479999999999,0.029722000000000002,0.06167809999999999,0.0042485,0.031386000000000004,0.12403099999999999
151,0.028066000000000004,0.00567407,0.00527653,0.00594978,0.00392917,0.00482468,0.00992248,0.028761000000000002,0.0346941,0.0117111,0.00796012,0.0218594,0.00911089,0.0181487,0.0237678,0.116798,0.618172,0.023358900000000002,0.014223300000000001,0.00779143
152,0.00542969,0.0118204,0.0111707,0.00541476,0.014755299999999999,0.0210575,0.014425899999999998,0.019380599999999998,0.0350265,0.017345199999999998,0.00997218,0.0413589,0.00425533,0.00544852,0.727966,0.0259022,0.00665308,0.008483,0.0086629,0.00547106
153,0.22253499999999998,0.00223907,0.0509091,0.00277397,0.00284369,0.0188632,0.00201321,0.00477385,0.00400886,0.0249298,0.0791152,0.00948808,0.00824781,0.0120929,0.00437758,0.41879399999999994,0.054686,0.06313669999999999,0.00812298,0.00604853
154,0.0058124,0.00759691,0.00820391,0.00656051,0.020018599999999998,0.00324435,0.0394695,0.11217200000000001,0.00591858,0.673829,0.0374325,0.0117015,0.020493900000000002,0.00363624,0.00917709,0.00457841,0.00321136,0.012325,0.00908501,0.00553286
155,0.085625,0.00951382,0.0253361,0.0127744,0.026198700000000002,0.0319393,0.00442808,0.049187800000000004,0.00401243,0.0132642,0.0313365,0.0118207,0.0107465,0.039423400000000004,0.00269359,0.0458822,0.015863299999999997,0.562037,0.00443199,0.0134845
156,0.0204887,0.0252621,0.00457332,0.00585802,0.00502282,0.0129959,0.0174173,0.00696086,0.0224886,0.02257,0.011436799999999999,0.020986900000000003,0.014047299999999999,0.040747399999999996,0.688858,0.0350426,0.027049599999999997,0.00263807,0.00644356,0.00911173
157,0.21340100000000004,0.40818000000000004,0.00144749,0.00172641,0.00324482,0.00288922,0.019223900000000002,0.0219556,0.00479659,0.00303958,0.0337704,0.016114,0.00443607,0.00263268,0.00494051,0.0172655,0.208972,0.0189206,0.00651202,0.00653143
